2.09912
2.01493
1.93933
2.26397
1.76518
1.83971
1.67838
1.81978
1.90766
1.78352
2.11399
2.28445
2.44144
2.10535
2.38319
1.51481
1.59466
2.38797
1.32788
1.06951
2.40404
2.26409
1.43813
2.09169
1.96044
1.76421
2.17007
2.33951
2.25675
2.29321
1.55808
1.1646
2.25232
2.3983
2.30647
1.36126
2.32566
2.34309
1.9264
1.83631
1.75527
1.93328
1.39905
2.16028
1.84593
1.73594
1.98659
2.15697
2.06988
1.90439
2.36875
2.24203
2.22868
1.20843
1.46573
1.75757
1.52362
1.46761
1.59224
1.33522
1.71497
2.164
1.84227
1.36865
1.83876
1.95233
1.98615
2.3802
1.34772
2.21434
1.2412
2.31422
2.12096
2.11127
2.22939
1.64943
2.37955
1.93945
1.81136
2.27697
1.79122
1.17317
1.91033
1.53532
1.38954
2.42928
1.49618
2.25739
2.41554
2.23348
2.20885
1.90329
2.38267
2.43373
1.38433
2.13161
2.19789
1.43545
1.72701
2.02836
2.22694
1.67428
2.243
2.14219
2.00158
2.35177
2.42616
1.95793
2.10485
1.85684
1.99031
2.06844
1.64269
1.775
1.42676
1.72487
2.2144
2.09157
1.45927
1.99188
2.19282
1.05512
2.07676
2.16289
1.4841
1.77526
2.37803
2.07821
2.08175
2.36982
2.27401
1.95515
1.33752
2.20017
1.50744
2.13402
2.25135
2.05121
2.12406
2.01395
1.52157
2.2169
1.66598
1.84451
1.58416
2.30789
1.87175
0.979797
2.15172
2.43605
2.19897
1.37358
2.41754
2.19646
2.16377
2.43981
2.28248
1.96979
1.58181
2.43017
1.53567
1.87252
2.14267
2.01728
2.28458
2.34866
1.6226
2.40307
1.12347
1.18297
1.70206
2.11085
1.42416
2.17105
2.09433
1.82439
1.97195
2.15569
2.10996
1.56161
1.66011
1.95918
2.21755
1.882
2.30035
2.00825
2.08388
1.11799
2.01786
1.68289
2.43656
2.29671
2.01403
1.10621
2.38212
2.27597
1.31538
1.0265
1.92853
1.50721
2.25641
2.12252
2.34827
2.3538
1.87773
2.13141
2.43322
2.34766
1.56508
2.44776
1.7422
1.32051
2.45371
1.72806
2.30537
2.123
2.14662
2.14509
2.09936
1.32918
2.43529
2.2144
1.72109
1.72628
2.34814
2.06851
1.61956
1.99573
2.23321
2.06153
2.13292
2.18522
2.38532
2.20736
2.27016
1.83407
2.31135
1.99031
2.29451
2.15461
2.16064
2.17028
1.81199
2.22792
2.23434
2.1834
2.31763
2.17924
1.53303
2.2224
1.72438
2.35162
1.8016
2.21901
2.26638
1.47683
1.8428
1.6869
1.9457
2.42008
1.57451
1.30683
1.67462
2.45382
1.36516
1.7785
1.45439
1.98602
1.65264
1.43821
2.35467
1.40035
2.17381
2.24678
1.42906
1.92759
1.1219
2.17656
1.71372
1.92458
2.1212
2.16988
1.16737
2.36711
2.17196
1.71515
2.09611
1.72914
1.92786
2.27941
1.83494
1.51264
1.10131
2.22609
1.56822
1.4857
2.28333
1.72839
2.1568
1.49735
1.22703
1.60174
2.35918
1.88181
1.91502
1.92418
1.71389
1.61865
2.09765
2.3829
2.38426
1.31182
1.61808
2.07207
2.10236
2.26266
1.37508
1.89289
1.84442
2.24281
1.90187
2.08616
2.36695
1.06593
1.82038
2.36427
2.16874
1.63412
1.20114
2.37529
2.36689
2.31859
1.61002
2.43724
2.38049
2.21298
1.52217
2.32379
1.9088
1.19792
1.48161
2.18512
2.16504
2.01004
2.39506
1.6707
0.988854
1.77537
1.7126
2.41593
2.28978
1.65763
2.41797
1.96842
1.58826
1.72753
2.45867
1.48321
1.57651
2.09119
1.36894
2.39516
1.8779
1.90646
2.20395
1.20672
1.97435
2.1826
2.00623
2.33281
2.14995
1.71112
2.05143
2.47328
2.33136
2.45666
2.14825
1.93097
1.90498
1.9418
1.97001
2.35935
2.44593
1.71861
2.17603
1.7581
1.5306
1.49965
2.35161
1.61848
1.13851
1.41011
1.23357
1.43266
2.28869
2.33029
1.7807
1.62443
2.09442
1.92095
2.21639
2.34452
2.30843
1.51863
1.47914
1.79692
1.39748
1.35311
1.21864
2.21726
2.27312
2.11759
2.05247
1.83048
2.41178
2.41738
1.85507
2.1554
1.86742
2.03111
0.96347
2.43761
2.36464
2.37146
1.67995
1.91851
2.23644
2.05741
2.01052
2.23625
2.30057
1.04273
1.94088
1.20742
2.29933
1.61696
2.20465
2.38539
1.65943
1.91581
1.31467
1.88664
2.15838
2.45581
2.2752
2.41502
1.99759
1.68041
1.60303
2.33115
2.24783
1.91047
2.1505
1.53092
2.15075
2.33893
1.94468
1.47263
2.43069
2.45085
1.97754
1.778
2.43004
2.1486
2.06279
2.31264
1.69
2.10967
2.26427
1.02561
2.30651
1.59643
2.33751
1.97035
2.13121
1.91975
2.2084
1.11803
2.27181
2.24868
2.1046
1.50026
2.33773
2.24651
2.29478
1.10295
1.76674
2.3314
2.0921
2.2991
2.04159
2.3461
2.1523
1.56962
2.02891
2.40003
1.35559
2.29934
1.89039
1.48031
2.39903
1.65372
2.03559
1.51361
1.83769
1.82101
2.09796
2.27337
2.0363
1.8748
1.18933
1.93607
1.68021
2.319
2.1037
2.45879
2.21859
2.3718
2.06351
2.27247
2.25034
1.43257
2.18962
1.50614
2.22739
2.19864
2.04794
1.90931
1.35364
1.68948
2.22152
1.0584
1.59628
2.30479
2.45464
2.02124
1.96594
1.64212
1.76543
1.74582
1.48971
2.02983
2.35866
2.13301
2.35813
1.49669
1.93307
1.19863
2.41058
1.33836
1.99473
2.13686
2.26777
1.87176
2.39689
2.20953
2.01334
2.278
1.61949
1.23868
1.2697
1.95127
1.30046
2.2822
1.60801
2.13328
1.85609
2.05494
1.67223
1.88865
2.38284
1.35208
1.91325
2.36749
2.43233
1.99472
1.91627
1.58065
1.9913
1.59495
2.22761
2.00735
2.17179
2.00377
2.28926
2.17217
2.21545
2.29683
1.88895
1.87838
1.95919
1.2443
1.76308
2.12726
2.34695
2.11702
1.99639
2.32524
2.15183
2.13655
1.49668
2.30912
2.21225
2.22586
1.47212
2.4591
1.92518
1.15357
2.43434
2.2001
2.39416
1.30893
1.57977
2.39186
2.35474
1.54069
2.04711
2.07043
1.34377
1.92363
2.2678
2.39936
2.39486
1.17119
2.30447
2.31414
2.45094
2.10464
2.33988
2.19947
2.05114
2.45087
1.54151
2.43156
2.37282
1.99154
2.37699
2.37092
2.30526
1.46177
1.72927
2.05554
1.30416
2.46577
1.83239
1.79503
1.55601
2.42799
2.30327
2.35478
1.89242
2.10432
2.27097
2.24053
2.04244
1.87971
2.0724
1.33059
1.57305
2.27437
1.59554
1.69487
1.5214
2.34211
1.98291
1.11926
2.08258
1.97396
2.25822
2.20889
1.26304
2.38133
2.25247
2.04061
1.07843
1.74874
1.92442
1.92222
1.95454
1.30813
1.65495
1.82366
2.19978
2.23812
1.67259
2.31722
1.29639
1.24903
1.6657
1.49179
2.23745
2.20901
2.03283
1.88408
1.38747
2.20629
1.39018
1.60412
2.29358
2.44122
1.31959
2.41453
2.19224
1.68196
2.14214
1.87051
1.81858
2.41965
2.21393
1.18703
1.61419
1.50003
2.214
1.35665
2.36101
2.16854
2.44012
1.93232
0.998491
2.25506
1.38742
2.02457
2.2034
1.66638
1.85003
2.25168
2.44394
2.39052
1.58433
1.8248
2.20146
1.44145
2.10627
1.9975
1.7786
1.49772
0.932832
2.40677
2.21997
1.90271
1.67528
1.14024
1.98176
2.04305
2.40766
2.21401
2.39467
1.60187
2.27517
1.83524
2.39984
2.05458
1.88767
0.88688
1.51099
2.2459
1.30241
2.22719
2.24181
1.4092
2.11996
2.35088
1.71256
1.7799
2.45422
1.41757
1.11581
1.84845
1.8847
1.91827
2.18125
1.78763
2.43883
1.51463
1.89786
1.69217
1.9558
0.927717
2.27936
2.3178
2.03839
2.08788
2.29122
2.01175
2.39918
2.43924
1.56014
1.40533
2.28848
2.21119
1.39191
2.23835
2.07649
2.3009
2.24043
1.80922
1.9154
1.16136
1.88684
1.7677
1.83402
1.42289
2.30643
2.27286
1.59789
2.18485
2.17132
1.57166
2.07562
2.15741
1.37019
2.12648
2.18624
2.26511
1.63249
1.73763
1.4781
2.0454
2.36574
1.67887
1.94843
1.39922
1.30216
2.16235
1.31853
2.26773
1.94482
2.09
1.31735
2.01564
1.97702
2.23166
2.23787
1.76257
1.66883
2.21451
2.11955
2.30677
1.80028
2.04551
1.93478
2.20249
2.24431
1.83122
2.00796
1.31909
2.19847
1.50679
2.43642
1.54017
1.70988
1.92543
2.37433
1.36057
1.50557
1.79122
1.71908
1.46581
1.56849
2.15413
1.29067
1.88305
1.76249
2.10749
1.93548
2.39038
1.30855
2.42601
2.3883
2.33043
2.16745
2.344
1.91855
2.4585
2.21444
2.23488
2.09869
2.09461
2.17216
2.20676
2.16813
1.51319
2.358
0.787719
2.23155
2.13969
2.10337
1.39673
1.6099
2.40102
2.24042
2.46587
1.20012
1.48275
1.62074
2.05089
2.15292
1.97709
2.3623
1.64826
2.23316
2.25431
1.34575
2.00132
2.0837
1.73161
2.20228
2.27611
2.20972
1.70757
0.842315
1.97503
1.96357
2.0794
1.48437
1.32506
1.42209
1.89345
1.75348
2.28237
2.322
2.00791
1.28025
2.36128
1.2024
1.63282
1.82589
1.80463
1.2667
2.24824
2.2572
2.17399
1.92016
2.4442
2.39576
1.85809
2.39923
2.18277
2.42632
2.31272
1.86408
2.2234
1.70386
1.79441
2.09587
2.22893
1.82176
2.34642
2.11084
1.66422
1.91361
2.30081
1.71722
2.43551
1.9849
1.29605
2.00893
2.00598
2.0243
1.52474
2.16362
1.73251
1.91637
1.1983
1.59778
2.29295
1.88368
1.35892
1.98962
2.04078
2.29198
2.39135
2.10291
2.42945
2.28201
2.28226
1.99946
2.25238
1.6826
2.36376
1.68838
1.06501
2.15042
1.9461
1.84421
1.60799
2.0085
1.96751
1.33176
2.32832
2.11897
0.963874
1.42686
1.54942
1.88168
2.45569
1.46419
2.39611
2.12249
1.78093
1.60794
2.31953
2.30601
1.76077
1.09614
1.50344
2.40565
2.06173
2.13099
2.21132
2.30852
2.22851
1.66247
1.03001
1.79874
1.97327
1.28976
2.43231
2.38781
1.75483
2.24271
2.12959
1.59
1.622
1.77523
1.28008
2.12353
1.40059
1.39509
1.23339
2.29624
1.94364
2.24291
1.69353
1.99212
2.2425
2.10139
2.21111
1.65468
2.04144
2.30297
1.8047
1.87497
2.3472
2.09781
2.26339
2.05644
2.27339
2.08921
1.16307
1.90375
2.37922
2.38003
2.31312
2.17064
2.36837
1.41832
2.22468
1.39089
1.55933
1.66455
2.146
1.47833
1.91005
1.82007
1.64933
2.16642
2.17335
2.065
1.73449
2.2055
2.32247
2.10143
2.07255
1.76969
1.53561
1.6095
1.96987
2.40544
1.71364
1.65636
1.78712
2.29838
1.4557
2.07166
1.484
2.31107
1.71894
2.28033
1.28998
1.52305
1.65369
1.82714
2.40052
2.25418
1.99177
1.17212
2.34147
2.42519
1.42568
2.36222
2.38589
1.73824
1.54228
2.46107
1.44411
1.95913
1.98978
1.97778
2.45677
1.16684
2.27758
2.41306
1.01041
1.64475
2.04817
2.33806
1.97011
2.36112
2.36488
2.42806
2.26442
1.8194
1.51851
1.57619
2.22629
2.06706
2.0128
1.77718
2.37548
1.95348
1.17582
2.05323
1.22481
2.03886
1.32116
2.30931
2.42012
2.32581
1.82019
1.71902
1.94744
1.90154
2.4102
2.3243
1.97531
1.77554
2.18683
2.16532
1.84663
2.17665
1.69108
2.04027
2.42371
1.28233
2.08936
2.16206
1.54447
2.42446
1.86237
2.07267
2.2032
2.26107
2.25875
2.00877
1.96882
2.08751
1.39679
1.45546
2.17099
1.70393
1.08362
1.80538
2.23925
2.1348
2.35434
1.84327
1.43558
2.02338
1.23176
1.56385
2.38586
2.39165
1.19855
1.64867
2.40502
2.19547
2.13933
2.25713
1.7901
2.02062
2.34541
1.94687
1.69523
1.54076
2.11501
1.47096
2.17431
2.40003
2.4332
1.36592
2.21277
2.37874
2.05343
1.42115
1.61536
1.54534
1.88728
1.72083
2.12309
2.10821
2.09392
2.11016
2.43574
2.03726
1.50788
2.45417
1.77092
2.2004
1.51149
2.13035
1.41121
2.41501
2.12442
1.70131
2.32845
1.93375
1.79622
2.34697
1.78602
2.25303
2.31781
1.81332
0.914425
2.35735
2.19154
2.26153
1.29972
2.19228
2.32879
1.98055
1.26244
1.61867
2.03695
2.32177
1.75777
1.79925
2.29005
2.2848
1.7006
2.23854
1.97361
1.33099
1.14644
2.26963
1.41873
1.97764
2.21034
2.19869
2.34651
2.33167
2.14357
2.26346
2.09159
2.12457
1.99887
1.95039
1.8092
2.44599
2.32506
2.31566
2.41248
2.40912
2.37912
1.72565
2.29763
1.6973
2.19255
2.32492
1.80966
2.11691
1.70705
1.90004
2.31686
2.14998
1.48591
2.16589
2.36461
2.09583
2.11483
2.37051
2.37247
1.79521
2.19067
2.05219
1.89366
1.78202
2.34409
1.7151
1.88937
2.0875
2.34794
1.44601
2.07822
2.0826
2.33718
2.26429
2.17141
1.71564
1.64622
2.18205
1.59176
2.03743
1.90842
1.73041
2.45084
1.85073
1.80262
1.53017
1.75419
2.08312
1.82181
1.72441
1.30984
2.26784
1.58355
2.23926
2.2178
1.90364
1.58782
2.18626
1.6529
2.44731
1.66517
2.18627
2.01603
1.40264
1.97596
1.46328
1.51074
2.0386
1.58446
2.09757
1.05059
1.97214
1.50743
1.99732
1.32298
1.58761
1.20836
2.06043
1.66447
1.94662
2.40423
2.00261
1.88337
1.62856
1.31715
2.03928
1.63784
1.61768
2.11184
1.59734
1.51403
1.72493
1.70189
2.07738
2.05057
2.04647
1.96039
1.37478
1.07361
2.05201
1.97269
1.93246
2.44058
2.35166
2.39845
1.89136
2.03404
2.36919
2.27354
2.12395
1.88296
1.47879
2.23544
2.15136
2.36824
1.99136
1.37558
1.11286
1.88161
1.86289
2.30674
2.22376
2.26835
1.96945
2.18897
2.05049
2.08005
2.32003
2.06124
0.848087
2.14503
2.05658
1.79451
2.32996
1.9136
2.09127
1.72925
2.37327
2.02727
1.6377
1.86139
1.92927
2.27
1.90579
1.99173
1.87023
2.17481
1.89772
1.90376
1.73399
1.87198
2.18233
1.7423
2.13089
2.38165
2.21674
1.21859
2.46614
2.26108
1.68923
2.23679
2.4033
1.73017
1.48761
1.2242
2.40378
1.34544
1.3742
2.38936
1.88004
1.57173
2.00518
2.40201
2.07057
2.32243
1.49182
2.32066
2.16112
2.41027
2.43731
1.49451
1.54478
1.8409
2.1669
2.13713
2.23129
1.61626
1.8542
2.29432
1.62249
1.53883
1.81029
2.39881
2.21929
1.61576
1.5988
2.15809
1.91548
1.88456
2.2998
2.38788
1.86975
1.47813
2.43043
2.25752
1.6507
2.11629
2.36069
2.03391
1.89349
2.34242
2.18234
2.0351
2.3639
1.49701
2.2192
1.89076
2.2832
2.42479
1.68123
1.83851
1.72406
1.59185
1.16912
2.37027
2.00765
1.69768
2.44522
1.80561
1.87883
2.45655
2.08853
1.43226
2.05434
2.26135
2.20683
2.15909
1.34934
2.41868
1.27148
2.21109
2.05636
1.68265
1.87996
1.39167
2.30112
1.31954
1.81811
2.34478
1.95587
2.11439
2.30409
1.99924
2.04616
1.79051
2.00794
2.35765
1.90862
2.21439
2.27942
2.33759
2.37321
1.22009
1.27512
1.45007
1.2176
2.08334
1.73519
1.7681
2.45139
1.85363
1.39123
2.30269
1.31276
2.09363
1.81045
1.7579
1.05742
1.55535
1.2856
2.23084
2.4698
2.39985
1.46671
2.3255
2.06754
2.20608
2.38524
2.27894
1.98746
2.43005
1.57022
2.19815
2.4513
2.38692
1.09575
1.77264
1.72119
2.40712
2.02539
2.32484
2.11114
2.33083
1.88198
1.70874
2.01304
2.29139
1.90741
1.92997
2.13218
2.07672
1.06782
2.32865
1.57473
2.33448
1.83858
1.62948
1.97523
2.30088
2.09551
1.95853
1.95102
2.0937
2.43513
2.3251
1.93626
1.69737
2.44074
1.86077
2.2618
1.1751
2.39301
1.85772
2.27494
0.947129
1.57862
1.52231
1.39343
2.3889
2.29895
2.35833
2.23238
2.28546
1.88854
1.40521
1.64116
2.30033
1.82451
2.23751
2.23217
1.29136
2.33606
2.1457
1.72017
1.70565
1.74814
1.80074
2.1995
2.44507
1.92259
1.90374
1.73784
2.13235
2.29613
1.93567
2.17892
2.44658
2.25733
2.14256
1.65506
2.21985
2.45391
1.50937
1.79285
1.72699
1.45124
1.79079
1.65655
1.60891
1.63865
1.76271
1.39874
2.29438
0.966805
2.41949
1.5748
2.22237
1.78123
2.07445
2.34001
1.88742
1.72121
1.4023
1.25666
1.6561
2.41735
2.45498
2.21377
2.04595
2.07912
2.14914
2.04893
1.85677
2.21672
1.20341
2.39874
1.62101
1.7641
2.25105
1.82426
1.94072
2.43063
1.64441
2.08823
2.43937
1.71861
2.09214
1.95927
2.4322
1.93769
2.11484
2.471
2.41643
2.42409
1.51838
2.43858
1.91022
2.23768
1.98531
2.07695
1.79753
2.14474
1.95407
2.36119
1.58473
1.93326
2.2972
1.92547
1.83141
2.42037
1.93982
2.20392
2.32698
2.00079
2.05259
2.27622
1.7367
2.37031
2.12716
2.01849
1.91209
2.2369
2.1273
2.38635
2.45794
1.84176
2.27019
1.44551
1.75819
2.14872
2.44748
2.11467
1.91553
1.88931
1.67327
1.9839
2.06618
1.23751
2.0359
1.55288
2.20722
1.63275
2.34584
1.624
2.32879
2.22291
1.67194
2.31406
2.30118
2.41539
2.44592
2.43952
1.63662
1.86688
2.16178
2.01612
2.07613
1.96611
1.74451
2.38294
2.23808
2.07101
2.33989
2.06573
2.39018
1.89233
2.07851
1.24969
2.46019
1.91376
2.11025
2.39681
2.30449
1.67257
2.00642
1.96759
1.88262
2.15081
2.38354
2.13569
1.82139
1.66233
2.35588
2.22464
1.63441
1.69955
2.24937
1.11276
2.15799
1.75465
1.38695
2.40861
1.59786
1.84103
1.96006
2.2036
2.41462
2.40639
2.43981
1.5984
2.11631
2.13178
2.30029
2.25311
2.33053
1.73679
2.04417
1.98466
2.38121
2.25054
1.97251
2.26119
1.8386
2.43466
2.25383
1.52762
2.21954
1.36817
1.77962
2.08626
1.33279
1.70084
2.37336
1.90742
2.43579
2.04152
1.37166
1.12826
1.87726
2.35067
2.43932
2.36166
1.50127
1.80648
1.54686
1.37592
1.99354
1.28472
2.15738
2.25727
2.20398
1.43826
1.31472
1.57551
1.87654
2.19207
2.12376
1.55009
1.33046
1.90412
2.02281
1.99398
2.41661
1.92869
1.77762
1.87516
2.20751
1.9352
2.30231
1.93833
2.39417
1.82876
2.44502
2.03785
2.32756
1.85569
2.30836
2.44515
1.95704
2.04888
2.35887
2.25468
2.26618
2.42733
2.2328
2.3586
2.43076
2.28622
2.11956
1.7708
1.22405
1.91864
1.91756
2.2253
2.26949
2.18076
2.22075
2.0247
1.38283
1.42327
1.77535
2.31602
2.1457
1.24366
2.32311
2.43507
2.18773
2.14135
1.81582
2.40188
1.96261
2.17643
0.865417
1.73866
2.32252
2.30681
1.75108
2.05344
2.17446
1.70705
2.26683
2.41224
1.94063
1.74698
2.32141
1.88576
2.21435
2.24758
2.32936
2.33468
1.33936
1.90477
1.88515
1.3425
1.91552
2.35864
2.13903
1.96893
2.33482
1.1876
2.37966
1.92464
1.49647
1.41766
2.42314
1.53967
2.19502
2.34677
1.56109
2.2944
1.59502
2.09199
2.10093
2.2749
1.92309
1.42144
2.4157
2.11435
1.91165
1.5525
1.83673
2.36203
2.338
2.19509
2.15002
1.82323
2.09373
1.74251
1.51815
1.65209
2.40089
2.29267
1.67372
2.08007
2.43119
2.31426
1.74512
1.78133
2.34501
2.27118
1.63492
1.30443
1.70605
1.61616
2.40556
1.61033
2.16967
1.57156
2.44277
2.23971
1.7634
2.30033
2.00203
1.68877
2.1176
2.30289
1.49912
1.81593
1.35812
1.82096
1.933
2.10438
2.29031
1.72071
1.52856
1.59912
1.82326
2.30791
2.28287
1.64553
2.07947
2.16693
1.72381
2.22347
2.44219
1.95858
1.99169
2.26014
2.04541
2.42907
1.42713
2.31748
2.09591
2.0829
1.86383
1.84749
1.86604
2.02996
1.97259
2.29074
1.45712
1.8811
2.43087
1.94486
2.39332
2.30954
1.24641
1.57529
1.0805
1.6038
1.55128
1.66789
1.86803
2.35383
1.82328
2.07228
1.63266
2.41972
1.34105
1.50742
1.53581
1.94039
2.06444
1.52824
2.25803
1.3824
0.895011
2.1643
1.69224
1.71054
1.48335
1.32572
2.32935
1.0666
1.39163
2.04981
2.34035
1.60424
1.91286
2.14698
2.08917
1.27214
1.58604
2.32216
2.11401
2.34989
1.89889
2.19148
1.7023
1.80373
2.18707
2.42814
1.83805
2.14865
1.95
1.80948
2.29522
2.40923
1.28876
1.99964
2.29191
2.23502
1.93299
1.53375
2.19182
1.4909
2.45526
1.56892
2.41156
2.40785
2.11276
1.6297
2.30767
1.90935
2.33464
1.81436
1.52466
2.08206
1.80996
1.58563
1.89705
2.19976
1.96958
2.11867
1.62629
1.76098
1.73204
2.46175
2.40486
2.26894
2.35708
1.92135
2.10116
2.12203
1.7936
2.11395
2.04803
1.43268
1.28142
1.90714
2.37827
2.36237
2.04121
1.69417
1.756
2.08283
2.1055
2.08093
1.96708
1.4145
1.70746
2.2111
2.43256
2.38813
1.93761
2.09804
2.26172
1.58862
1.88448
1.98994
2.10255
1.8577
2.29723
2.21862
1.51115
1.94036
1.88256
1.2065
1.8024
2.19983
1.40637
2.11659
2.244
1.76274
2.21916
1.94346
2.23361
2.45604
2.17632
2.11318
1.35183
1.33193
2.2537
1.59194
2.18486
1.7059
1.47446
2.06391
2.29914
1.91055
2.02156
1.88778
1.63555
2.18662
1.24436
1.86706
2.18257
2.35621
1.96492
2.43928
1.94773
1.62399
2.0076
1.93849
1.83216
2.1596
2.42079
2.1746
1.85276
1.73729
1.29187
2.38289
2.0151
2.43588
2.00295
2.1134
2.00838
1.87414
1.51041
1.2059
1.53642
2.40049
1.15101
1.97135
2.0827
1.37637
1.70749
1.46247
2.46182
2.17262
1.67309
1.66116
2.25767
2.3372
2.35858
2.17693
2.29247
2.07343
2.16024
2.44138
2.39478
2.11998
2.01458
2.3035
1.14415
1.96447
1.60822
2.23066
2.11648
1.60078
1.79035
1.43001
2.15928
1.03808
2.00153
1.76701
2.00041
2.22026
1.60623
1.96137
2.42907
2.02403
1.75289
1.22263
2.31933
2.12275
2.30837
1.41083
2.27118
1.51583
1.80356
2.26272
2.27306
2.16385
1.74897
2.06899
2.21944
2.15684
2.30151
1.39819
1.18692
2.33638
1.52698
2.05197
2.36236
2.07755
2.3048
1.6204
1.04844
1.37446
2.39361
2.31093
2.19847
2.14711
2.13299
2.23851
2.27518
2.29272
1.00873
2.37306
2.15727
1.78299
1.99928
1.98861
1.57562
1.23907
1.71092
2.04217
2.47783
2.31067
2.08668
2.07111
1.72449
1.66557
2.34359
2.29423
2.15486
2.24665
2.34023
1.31726
2.01315
1.55305
2.22891
2.28118
2.01018
0.91578
1.80071
1.70224
1.17465
2.17673
1.58968
2.18616
2.21213
2.36297
1.27084
2.22346
2.17574
1.89411
1.68985
2.05027
1.00272
2.22445
1.83491
2.23322
0.893965
2.44188
2.02495
1.73342
1.9787
1.45653
2.37022
1.41998
1.87011
2.07575
2.30485
1.6747
1.60916
1.88506
1.35837
1.86841
2.45073
1.405
2.20767
2.36407
1.917
2.29806
2.38316
1.74338
1.33811
2.40906
2.37862
1.49872
1.80802
1.43581
1.79689
1.8093
2.4268
1.74125
1.30903
2.16336
2.21795
1.67068
1.82649
1.58514
1.26972
2.29781
2.35444
2.43013
1.71239
1.42246
1.54026
1.64029
1.71768
1.96651
2.28853
2.34245
1.64995
1.93953
1.74522
1.80297
1.67044
2.0053
1.75586
2.18382
1.91221
1.48524
1.70834
1.89071
0.941941
2.22515
2.11803
1.48471
1.78469
1.83615
1.78499
1.99969
2.41672
1.73071
1.35448
1.81985
2.16293
2.26838
1.63777
1.91873
2.25202
1.53916
2.04586
2.4318
2.26727
2.07133
2.34001
1.75035
1.85874
2.05146
1.79181
1.16325
2.40128
1.9986
2.43334
2.36255
2.00305
1.04755
2.36952
2.38132
2.31323
1.50674
2.05979
1.31025
1.9812
2.02612
2.36033
2.10066
1.99495
1.02285
2.09578
2.08097
1.79625
2.35734
2.23056
1.72579
1.65517
1.24534
2.38249
1.95566
2.31586
2.2783
2.02238
1.91124
1.59154
1.69101
2.31833
1.54677
1.5838
1.66409
1.78525
2.13041
2.34065
2.44143
2.0271
1.47092
1.89003
2.23723
2.22738
1.26626
1.79521
2.19953
1.44437
2.43682
2.10455
1.99497
2.04742
1.95591
2.36313
2.12755
2.02115
2.03587
1.6091
2.40164
2.44525
1.86265
1.42637
1.11184
1.51464
1.12438
1.7448
1.68503
1.46252
2.46052
1.81199
2.3586
2.23666
2.24892
2.32163
2.42223
2.14518
0.920796
2.21005
2.32474
2.0971
2.21788
2.08071
2.24706
1.38601
2.32868
2.31425
2.36215
1.9913
1.97585
2.2413
2.38225
1.94988
2.16615
2.3493
1.32024
2.01222
1.92376
1.85226
2.38692
2.26071
1.77919
1.54195
1.83768
1.7841
2.1056
2.00512
2.22787
1.48479
2.24645
2.15675
1.96395
1.08627
2.29968
2.29713
1.55783
2.11143
1.65652
2.43521
1.95047
2.1812
1.86673
2.01488
2.26572
1.64659
2.21082
1.29823
1.4439
1.49212
1.41228
2.08128
2.33473
1.20608
2.15274
1.9356
1.31334
2.11689
1.93344
1.59867
2.33286
1.63696
1.88234
1.37498
2.43208
2.10927
2.35353
2.40333
2.1329
2.20104
1.28897
2.02434
2.08858
1.87087
2.40847
1.35954
1.86586
2.1827
2.03901
2.34902
1.99062
2.29928
2.34416
1.52366
1.45269
2.13456
2.36669
2.33512
1.22777
2.13748
1.91818
2.30376
2.4066
1.9837
2.21094
1.32639
1.7195
1.28012
1.80474
2.22982
1.62759
2.42849
2.20357
1.76403
1.49506
1.66975
2.0971
2.40026
1.79138
1.98547
2.30093
1.97928
1.84309
2.27654
2.1468
1.98714
2.19736
2.27722
0.949171
2.22826
2.18937
2.07183
2.43399
1.33596
1.82207
2.3251
1.56369
1.79819
2.12206
1.63664
2.0012
2.12376
2.32892
2.13227
1.92914
2.04946
1.71086
1.16658
1.46308
1.13669
2.00476
2.42543
1.27462
1.44619
1.64883
1.72372
1.73921
2.19194
2.28606
1.98431
2.4336
2.3129
1.75772
1.95027
1.97083
2.29319
2.37977
2.36995
2.36669
2.33981
2.3832
1.49447
1.82253
1.57185
1.4534
2.2165
2.46544
1.8585
2.29435
1.95905
1.98629
1.74671
2.25798
2.38587
2.45594
2.06459
1.74918
2.44284
2.26378
1.89258
2.3477
1.42392
0.996815
2.35836
1.89302
2.30419
2.34375
1.62913
2.43345
2.03678
2.19437
2.3944
1.54641
2.33999
0.947836
1.97766
1.43494
2.18814
2.20676
1.92564
2.37026
2.08985
2.18872
2.44173
1.85112
1.29201
2.04715
1.1253
2.44917
2.41199
1.84118
2.2273
2.33285
2.43956
2.12363
1.69229
1.77816
2.04119
2.34035
1.50259
1.94152
2.34107
1.16662
1.89844
2.34848
2.30524
2.14207
1.89655
2.2624
1.97214
1.89445
1.68941
2.01959
1.6171
2.33622
1.67273
2.05151
2.23582
1.70384
2.31289
2.46193
1.64166
2.28687
2.00746
2.01343
1.53718
1.77548
1.89031
2.02471
2.09863
1.88937
2.32783
1.56115
1.11051
2.16869
2.09837
1.79118
2.37911
1.69051
2.17511
2.18085
1.08802
2.26137
1.84538
2.39585
2.10357
1.2379
2.17198
2.40466
1.51192
2.38626
1.78847
1.23485
2.33794
2.03619
2.40612
1.83093
1.78763
2.19981
2.27127
2.29423
1.96705
1.69835
2.03068
2.35616
2.11735
2.3308
2.17399
1.86487
1.70931
1.13361
0.831159
1.31585
1.88655
2.43425
1.71402
2.06146
2.20304
1.89328
2.16583
1.72045
1.61434
1.75129
1.52035
2.38313
2.41419
2.33326
2.34603
2.4555
2.43711
1.90382
2.24684
1.82149
2.07677
2.42768
2.34137
2.12553
1.89129
2.07948
2.3516
1.72548
1.96333
1.32095
1.81361
2.25253
1.21033
2.16833
2.21478
2.46019
2.39319
0.963254
1.98722
2.3315
2.10867
2.18213
2.27277
2.31061
2.20904
1.70492
1.73956
1.03389
1.62927
2.1296
1.42079
1.72673
1.53768
2.39024
2.34586
2.14204
2.27789
2.40827
2.34892
1.84411
2.16528
1.21585
2.34467
2.31695
1.37555
1.65979
2.24004
2.26436
2.09883
2.03218
2.42262
2.27886
1.67556
2.38603
2.45075
1.30852
2.1407
1.74397
2.02184
2.1869
2.00133
1.85535
1.97593
1.83537
1.5576
1.74946
1.5131
2.39349
1.97591
2.33373
1.72086
2.08732
2.30735
2.33384
1.81565
2.28541
2.11593
2.28772
1.60185
1.88944
2.15211
1.39801
2.24416
2.18339
2.30555
1.04167
1.36504
2.42987
1.97349
1.50201
2.09584
1.45382
2.17798
1.62432
2.2107
1.55156
2.01968
1.07439
1.48149
1.89283
2.09004
1.88634
2.18248
1.99003
2.29821
2.42264
2.13368
2.30258
1.96777
1.497
1.74687
2.3476
1.2713
2.37175
1.39999
1.64627
1.73635
1.9489
2.26334
1.95813
2.05337
1.85806
2.14589
2.41712
1.6714
2.11815
2.1863
2.4395
1.29332
2.45079
2.38334
1.96963
1.58663
2.05048
1.55855
1.51699
2.40302
2.37137
1.94423
2.2474
1.82393
1.5126
1.76999
2.29315
2.43953
2.39787
1.66728
2.23569
1.94763
2.21396
2.41849
1.33571
1.68595
2.04639
1.58142
2.04934
1.65796
2.24604
2.19224
2.17303
1.46264
2.36926
1.9935
1.1951
1.78778
2.25975
2.22581
2.10835
2.23288
1.85488
1.82119
1.65515
1.55388
2.45524
1.83602
2.05356
2.34704
1.98011
1.9487
1.50969
1.3527
2.33304
2.02085
2.07899
1.38915
1.59229
2.40812
2.06726
1.99204
1.112
2.05629
2.38737
2.33327
1.22893
2.10432
2.35234
2.36703
2.13024
1.906
1.50255
1.39887
1.23392
1.41266
2.3006
1.43937
2.27062
2.06945
2.14016
1.44422
2.30421
2.19
2.14662
1.35632
1.61687
1.5794
1.97381
2.40101
1.86743
2.39821
2.26019
1.64948
2.21014
1.90459
1.24264
1.9509
1.92341
2.31018
1.34567
1.16707
2.43283
1.22903
2.41872
2.42849
2.4554
1.1314
2.44909
2.2461
2.29549
2.36945
2.02968
1.42937
0.977641
2.4129
1.54064
2.41335
1.78569
1.41478
1.93307
2.27698
2.04193
2.18607
2.10846
1.70207
2.16572
2.25451
1.29732
1.67561
1.86533
1.93336
1.60038
1.45603
2.45746
1.53102
2.447
2.26988
2.40753
1.58365
2.40643
1.56821
2.10636
2.10716
2.12797
1.82563
1.22652
1.67995
1.89493
2.36592
2.0815
2.3401
1.91463
1.74469
2.39363
1.70943
1.83046
1.89325
2.11437
1.399
1.72755
0.935526
1.36146
1.37287
1.48632
1.12509
1.63717
1.80142
1.63286
1.32649
2.30013
2.08568
1.94233
1.40525
1.62134
1.92995
1.81313
2.25809
2.14869
1.54644
1.78049
2.04111
2.23312
1.1259
1.65458
0.994007
2.43814
1.43622
2.25113
1.81898
2.40009
2.35088
2.42859
2.34331
2.1268
2.29757
1.84646
2.03465
1.10456
1.27267
2.32493
2.03538
2.45244
1.88066
1.79757
1.89904
1.90144
2.29186
1.98513
2.08262
2.20189
2.16287
2.04683
1.91142
1.59935
2.24592
2.02782
1.73329
0.931539
2.35009
1.87122
1.56557
1.21913
2.04847
2.44832
2.16504
1.14161
2.23782
2.24498
2.2783
1.47162
2.43245
1.52195
1.96143
2.11336
1.76917
1.18746
1.6385
1.00486
1.86893
1.88366
2.32836
2.28106
1.46699
1.5422
2.42926
2.03618
1.36728
1.80201
2.33306
2.32749
2.23345
2.24621
2.29527
2.27878
2.31261
2.30373
1.91313
2.22
1.00686
2.18488
2.34558
1.86285
1.34434
2.37225
2.43452
2.0621
2.23255
1.42574
2.18907
2.19613
1.9877
2.14805
2.16962
1.94187
1.73466
1.96362
1.24823
1.69137
1.74383
0.98413
2.03624
2.06045
2.08938
1.30386
2.4084
1.72844
2.27129
2.21908
2.13432
1.63785
1.88656
2.40851
1.94197
1.98906
1.14903
1.1997
2.44902
1.84178
2.0648
2.00169
1.68256
2.08019
1.43189
2.34416
2.39507
2.35018
2.36811
2.45559
2.33352
2.25011
2.34619
2.15612
2.38802
2.42134
1.13089
2.46304
1.43142
1.50125
2.18571
2.1943
1.65867
1.78944
2.23113
1.61755
1.15968
2.3395
2.1227
2.27949
1.11567
2.31658
2.35755
2.00677
2.24151
1.47782
1.93985
1.75139
2.0369
2.32152
1.81075
1.8264
2.0875
2.43531
1.90525
1.79306
2.05055
2.19537
2.45951
2.42818
1.5031
2.34451
1.93616
2.35855
1.57783
1.41649
1.76243
2.4581
1.34982
1.99452
1.63384
1.32054
1.84766
1.3271
1.18756
1.71116
1.93948
1.54211
1.11849
1.8364
1.14956
2.25492
2.00272
2.44774
1.58668
2.37643
1.85761
2.15721
2.34572
1.62065
2.46408
1.40391
2.2157
1.2253
2.45171
2.25219
2.21376
1.63258
1.52515
1.3807
1.73865
2.38717
2.09716
1.33439
2.27036
1.83499
2.43886
1.38166
1.57586
2.20619
2.10794
2.30719
1.45847
2.27084
2.46586
1.99731
2.26236
2.04881
1.0788
2.23214
2.19058
2.3886
1.55936
1.73718
2.14995
2.28814
2.30683
1.8081
1.67992
1.63775
2.33765
1.71738
1.89949
2.12973
1.49144
2.25554
2.23557
1.41476
1.9487
1.41923
1.80342
1.73866
2.43363
2.37494
1.85631
2.36353
1.90261
2.22176
2.00367
1.33701
2.17445
2.40136
2.39382
2.06845
2.26373
2.29178
2.3643
1.99795
2.25123
1.4279
2.29772
2.16671
2.26411
0.98785
2.09968
2.28051
2.15732
1.13416
2.19465
2.07154
1.6464
1.93646
1.49008
1.52372
2.29282
2.33842
2.42309
1.6867
2.12681
1.95594
1.59916
1.18055
1.65055
1.95587
2.44618
2.31688
1.89136
1.95413
1.80097
1.50031
1.79697
1.88876
1.99673
2.12308
2.39452
2.39911
1.76516
1.94555
1.55187
1.56458
1.6785
1.17421
1.56029
1.24603
1.83573
2.36782
1.4413
2.42021
1.98034
1.60306
1.87183
2.12496
2.32652
1.96377
2.2348
1.95709
2.17367
2.42488
1.51177
2.41876
2.43704
1.41158
1.40664
1.0076
1.62573
2.27895
2.37735
2.33605
1.41069
1.45207
2.3283
1.0087
1.64439
1.87787
2.16382
2.04421
1.47855
1.61252
2.2945
1.79484
1.94076
1.72818
2.36893
1.32299
1.33676
1.64045
2.45989
2.19382
1.9114
2.2802
1.3175
2.20267
1.68547
2.08901
1.57534
1.82526
2.10754
1.15232
1.53547
1.34356
2.05401
2.12975
2.33983
2.25259
2.37878
1.87447
1.90835
1.75061
1.28856
1.82713
2.32141
1.76914
2.21833
1.91363
1.97327
1.26488
1.63088
2.28294
1.64537
1.18776
2.31676
1.4337
1.20352
0.898414
2.1566
1.73572
2.2637
2.43735
2.15391
1.04696
2.33991
1.74385
1.80053
1.80626
2.03828
2.25495
2.04046
2.35828
2.41705
2.02152
1.89841
2.3896
2.30038
1.83488
1.96635
1.92916
2.11025
1.93578
1.96428
1.86364
1.5853
1.85358
1.96001
2.45003
2.27408
1.91551
1.72535
1.77565
1.72016
1.41968
1.69691
2.45008
1.60919
2.16547
2.24513
2.1272
1.77468
1.30023
2.4287
1.81653
1.38203
1.44422
1.47116
2.11456
1.76204
2.37466
2.27086
1.63042
1.27407
1.61575
1.12665
2.38339
2.3318
1.82836
1.6079
2.29345
2.09738
1.94555
2.26802
2.01303
2.22836
2.31819
2.34876
1.04083
2.11315
2.37519
2.38974
2.22324
1.99182
2.41463
1.87994
1.39451
2.4543
1.76962
1.78773
2.0839
2.38198
2.27033
1.47914
2.27189
2.38104
1.55943
2.16674
1.70927
2.09588
0.926278
2.17621
1.79507
2.36157
1.67932
1.92267
1.79877
1.93174
2.45362
1.89267
2.18093
2.10334
2.4021
2.20116
2.26117
2.35324
2.27911
1.58536
2.30839
1.65686
1.49827
2.12944
1.81678
2.41505
2.3357
2.23534
2.23098
2.31882
2.10891
2.34176
2.32217
2.11361
1.88275
2.26349
1.34411
1.83317
0.802368
1.32642
2.36413
1.88184
2.42667
1.27802
2.19907
1.60948
2.32
2.10541
1.19285
2.42314
2.18294
1.83936
1.79862
1.83681
1.59079
1.64945
2.38733
1.75408
2.13069
1.52052
1.18255
1.70565
1.31246
2.17918
2.04469
2.10111
1.85488
2.33199
2.15315
2.24584
1.92827
2.26909
2.36171
2.35709
1.95018
2.42367
1.30547
1.39306
2.19671
2.37602
2.04551
1.80295
2.39277
2.26111
1.52996
1.21966
2.34467
1.88958
1.81042
1.83434
1.95774
2.2431
1.65273
1.82652
2.46037
1.11787
2.37275
1.99317
1.31509
1.66031
2.33972
2.39407
1.74603
1.88106
1.57923
2.37091
1.66361
1.97618
2.21073
1.82626
1.88526
1.79458
1.6075
1.64844
1.6425
1.63489
2.08297
1.98673
2.36521
1.95319
1.75677
1.15272
2.11605
1.8477
1.67574
1.93805
1.67991
2.2498
1.96482
1.8615
2.20463
2.02958
2.05526
1.93286
2.40271
1.41274
1.80836
2.35144
2.00109
2.22485
2.08579
2.31963
1.54625
2.2574
2.41973
2.11722
2.20756
1.37369
1.54964
1.96477
2.16463
1.86355
2.04479
1.69569
2.13105
2.39592
1.78791
1.60663
2.42743
2.32756
2.13521
1.72513
1.85765
2.07099
2.27451
2.34977
2.42232
1.80547
1.47734
2.34054
1.28057
2.37599
2.03609
1.44772
1.88687
1.1164
2.34255
1.76726
2.0723
1.62151
1.3775
2.45883
2.32016
1.75224
2.22694
1.48144
2.01868
1.72767
1.41086
2.44416
2.3327
2.20007
2.1422
1.56853
1.47133
1.56737
2.4168
1.52191
2.34306
1.10516
1.96808
2.29411
2.2313
2.3893
1.75968
2.1479
2.45153
1.1965
2.08656
1.62407
1.92524
1.57108
1.597
2.32044
2.16051
1.64192
2.22541
2.31043
1.29571
2.04304
1.93994
2.43678
1.47231
2.05703
1.35807
2.0201
1.34699
2.42668
2.23672
2.43649
2.14057
2.29364
2.27522
2.33148
1.64009
2.32764
2.31767
1.31967
1.9422
2.08303
2.01229
2.31207
2.15162
2.21767
1.407
1.30173
1.97692
1.86493
2.24258
1.29329
1.65088
2.16202
2.0031
1.6489
2.41924
2.25835
1.56488
1.46894
2.29553
1.39119
2.23087
2.31207
2.10597
2.41851
2.26393
2.02781
2.30433
1.88017
2.10433
1.93229
2.32605
2.41431
2.38609
2.09905
2.21934
2.3195
2.07043
1.92109
1.30594
1.73743
1.95621
1.24218
2.22226
1.80752
1.70637
1.74104
1.97527
1.88285
1.89918
2.30849
2.02971
1.48613
1.08156
1.42397
1.96039
1.95932
1.29262
1.40682
1.25748
2.40683
2.07065
2.24624
2.18303
1.9012
1.52624
2.39395
1.84637
1.52412
2.37575
1.99707
1.6278
2.10618
1.82134
1.53144
1.95282
2.10276
1.94245
1.58917
1.83236
2.15341
2.07444
2.33228
1.62026
1.69199
2.02905
1.55778
2.26276
2.17942
1.25687
1.75824
1.79688
1.90302
2.10488
2.32504
2.08981
2.25862
1.99613
1.77452
2.37326
2.33934
2.43174
1.30863
2.06903
1.03029
1.27732
1.33622
2.3212
2.32141
1.84252
1.59155
1.9711
1.2661
1.68456
2.09509
1.69696
2.24867
1.61966
2.40379
1.86209
2.41174
1.79637
2.22819
2.45371
2.1919
2.4552
1.5642
1.90213
1.43216
1.34341
1.62748
2.09235
1.88559
1.84736
1.17815
1.71574
1.50274
1.88602
2.40421
2.05675
1.43107
1.84725
1.84323
2.08553
1.8691
2.02666
1.73053
1.78771
2.11236
1.36023
2.22839
2.40034
2.25758
1.87752
1.81186
1.25363
1.82531
2.32693
2.14507
1.62901
1.4449
2.22471
2.13887
2.2241
1.55755
2.41062
2.3897
2.11002
2.10995
1.5899
2.34803
1.4868
2.39651
2.0075
2.04864
1.64702
1.67946
2.13133
1.81303
2.30756
1.69382
1.87996
1.95762
2.15114
1.73002
2.31743
2.29219
1.91129
1.91563
2.40255
1.98865
2.09569
2.17837
1.43113
2.38678
2.34442
1.37642
1.39646
1.97769
2.3546
2.13707
2.36592
2.40746
2.18513
1.44243
1.84078
2.37836
2.15693
1.31077
2.39968
1.86513
1.92194
1.7482
1.95907
1.23131
1.05652
1.71829
2.34148
2.05236
2.14027
2.13962
2.16123
1.80321
1.92552
1.8178
2.00229
1.75843
0.843085
2.39405
2.3799
2.01774
2.08804
1.06602
2.35018
1.58537
1.60045
2.39225
2.27581
1.21987
2.09604
2.03908
1.94309
2.40417
1.70529
2.07515
2.00699
2.11012
2.17069
1.45343
2.25369
1.74687
2.33476
1.28901
2.1177
1.34357
1.90628
2.15158
2.0639
1.76276
1.98353
2.35464
1.82574
2.45892
2.2754
1.99497
2.09878
2.0101
2.29188
2.45367
1.80353
2.24296
2.13877
1.29928
0.964467
2.16202
2.39606
1.64314
1.16383
1.71895
2.14808
2.31342
1.28711
1.96714
2.32977
1.7035
2.41797
1.88976
1.99219
1.78538
2.3346
1.32239
2.08397
2.27225
2.41506
2.18894
2.05698
2.25028
2.1236
1.94379
2.41832
2.00021
2.1525
2.31167
1.45608
1.52876
2.26618
1.32934
1.82513
1.86681
2.23092
1.51781
1.26848
2.39227
1.18115
1.86241
2.37611
2.01366
2.43542
1.36395
2.08112
2.17599
1.61082
1.36183
1.29665
1.99107
2.15136
2.34639
1.55959
1.60112
2.41745
2.40663
2.31806
1.52114
2.37695
2.06464
2.26189
1.45376
1.75101
1.19551
2.24505
1.71746
2.16239
2.28345
2.37875
2.39436
1.97445
1.22671
2.09675
1.69359
1.49692
1.95174
1.38742
1.86714
1.65727
2.11526
1.59838
2.46111
1.9077
2.38742
2.21667
0.925784
2.23748
1.99854
1.94698
2.10784
1.83081
1.41353
2.44442
2.43655
1.60306
1.94602
2.40339
1.61426
1.77697
2.26069
1.66913
2.05678
2.45277
2.41324
2.01182
2.07022
1.69019
2.43338
1.7618
1.51226
1.88957
2.18064
2.46368
2.19447
2.23765
2.3659
1.93265
2.36896
2.27953
2.29143
1.59273
2.25278
1.97045
2.1408
2.09312
0.881375
2.1109
1.85857
1.9472
2.36485
2.46625
2.07818
1.56187
1.72623
1.9666
2.14379
1.90561
1.03457
1.44363
2.22564
1.68563
2.40523
1.92276
1.58296
2.31876
2.13452
1.56253
1.38259
1.51948
1.41423
2.1904
2.14712
2.27868
1.232
1.92383
1.46374
1.13752
1.87838
1.64355
1.65832
2.03706
1.77802
2.08937
1.57646
1.33864
2.16961
1.26918
1.44655
2.00672
2.35671
1.91887
2.02809
2.03665
1.78433
2.40401
2.45909
2.19324
2.18471
1.73693
2.2911
1.54757
2.2258
1.77782
2.08057
1.95619
1.3777
1.69851
2.12808
1.17756
2.41281
2.24088
2.02893
2.41845
1.4659
2.18298
2.16339
2.0558
2.4165
1.38776
1.66309
1.75333
2.40302
2.05885
2.27666
2.20847
1.9043
1.45943
1.86709
1.72014
2.43619
2.35276
2.21543
2.0072
2.27598
2.33802
1.57641
2.35114
2.31728
2.36993
1.99128
1.96052
1.64242
1.60103
2.05825
2.06402
2.03388
2.2689
2.09734
2.34968
1.86181
2.20454
1.24107
1.92705
2.33858
0.90869
2.17821
2.34201
1.26973
2.38884
2.40369
2.43739
1.44407
2.22025
1.54934
1.41989
2.30657
0.994898
2.10656
2.09945
1.36625
1.81232
2.09532
2.33189
1.74962
2.40863
1.95462
2.13289
2.00475
1.92098
1.44037
2.09651
1.54563
2.41355
1.8654
1.41068
1.90335
2.42135
2.30394
2.10571
1.87751
1.34878
1.54193
2.13789
2.17918
2.38049
2.10961
1.6055
0.939175
1.35561
2.07685
2.36935
1.88015
1.26338
1.93759
1.79759
2.3376
2.39698
2.16269
1.46081
1.80075
2.42854
1.87919
1.72806
2.29763
2.28596
2.06639
2.41782
1.10163
1.61524
1.72316
1.57574
2.00475
1.86914
2.42671
1.43933
2.23604
2.36725
2.04011
1.66158
1.35212
1.39811
1.69332
1.90928
1.74641
2.08892
1.91249
1.63881
1.94628
1.938
2.11944
2.30245
2.20426
1.69422
1.59345
1.95177
2.30565
2.38974
1.9734
1.00295
1.64998
2.38627
1.93436
1.63933
2.40012
2.13558
2.06435
2.45575
2.36317
2.27453
2.28156
2.44731
2.06271
2.23823
1.96742
2.3108
2.0872
1.11269
1.99493
1.88134
2.3396
2.14283
2.2321
1.42719
2.4354
2.21061
2.09422
2.18146
2.00088
2.42871
2.28648
1.60019
2.08282
2.07564
1.65906
2.13529
1.88094
1.09768
1.21853
2.35147
1.69386
2.3995
2.46777
1.86282
2.28879
1.01335
1.03172
1.78298
1.95438
2.23464
2.16741
1.80132
2.28678
2.0048
1.34953
2.17293
2.40763
2.3417
2.0576
1.92073
2.29882
2.2478
1.59296
1.86488
2.0764
2.04033
1.48305
1.69252
2.18611
2.28123
2.36288
2.20678
2.31047
2.28517
2.00151
1.77641
2.29727
2.34959
1.1508
2.00376
1.45403
1.97184
1.53601
2.37571
2.07512
2.13639
1.34891
1.44116
1.87689
1.9945
1.38573
2.3953
1.95944
2.24069
2.41284
2.36733
2.43494
2.38232
2.39019
1.72308
2.10275
2.0195
0.767613
2.43688
2.1308
2.33345
1.93271
1.96574
2.17867
1.84839
2.01401
2.17626
2.43844
2.38599
1.30346
2.31834
1.62126
1.85513
2.07253
2.44939
2.07134
2.15936
1.63445
2.27977
1.81444
1.95276
2.04124
2.24382
1.1263
2.21485
2.20001
2.04142
2.38559
1.43207
2.14407
1.84378
1.8947
0.960664
2.34828
2.10437
1.3156
1.11034
1.85486
1.89326
1.15152
2.46713
2.38096
2.12976
1.37801
1.68162
1.49401
1.41892
2.25001
2.33581
2.13129
1.72491
2.19829
1.90868
1.92688
1.56194
2.16827
1.85223
2.13987
2.07247
2.06399
2.36888
2.00826
1.91794
1.99255
2.35268
1.9307
1.55262
2.43136
2.45239
2.23266
1.94523
2.03653
1.71421
1.56917
2.41543
2.40256
2.08391
1.6962
2.28781
2.44252
2.03272
1.92545
2.09033
1.63626
2.09256
2.05251
1.54558
1.76753
1.582
2.15091
2.03957
2.44545
1.12883
1.20451
2.39259
2.11616
1.63843
1.60266
1.9652
1.98091
2.17594
1.95349
2.35178
1.75634
1.81985
2.43425
2.0751
1.94688
2.30959
1.83556
2.41139
1.83924
1.64875
1.71358
1.85299
1.87154
1.03595
1.89477
1.86226
2.23153
2.05112
1.41293
1.42501
1.98803
2.04287
1.83315
1.44224
1.59121
1.07073
2.16606
2.31571
1.82787
2.08895
1.8429
2.3254
1.55199
2.26105
2.37411
1.36327
1.83945
2.32331
1.78494
2.19194
2.01137
2.13459
2.11067
2.20759
2.30887
1.68295
1.6762
2.2969
1.72626
2.25919
2.21061
1.88358
1.74925
1.43811
1.71892
2.11249
2.04376
1.69953
1.60682
1.80669
2.27542
1.82083
1.85119
1.8172
1.84655
2.25571
1.5829
1.97784
2.416
2.18723
2.07714
2.32741
2.43607
2.13033
1.53577
1.32966
1.56294
2.31309
2.03361
1.82322
2.01181
1.29287
1.85062
1.68318
1.9955
2.34457
1.83531
2.08028
2.27301
1.67609
1.88991
2.2089
1.43885
1.51211
1.71266
2.28409
1.77764
1.86666
1.3368
1.61559
2.41793
2.20349
1.41427
2.18523
1.11646
2.19832
1.68267
2.30513
2.08414
1.9894
2.07612
2.26571
2.01741
1.95482
2.25941
2.26023
2.26844
1.33047
2.44595
1.85403
1.32941
1.98211
1.73205
1.7891
2.42791
2.20915
2.05833
1.81317
2.29954
1.37961
1.37769
2.26778
2.34108
1.54146
1.9033
1.51571
2.33138
2.27461
2.11529
2.41218
1.97756
2.46198
2.08053
2.1712
2.14769
1.16391
1.7759
2.05724
1.99015
2.40995
1.39921
1.83141
1.83444
1.16881
2.18376
1.6234
2.10248
2.22972
1.236
1.93427
2.35334
2.29587
2.04799
2.27391
2.33886
1.91551
0.99854
1.52558
2.22528
1.22559
2.43392
1.06603
2.24641
1.46733
0.920873
1.72757
2.02974
2.28438
1.72745
1.87355
2.43054
2.36849
2.29669
1.71366
2.30433
2.48341
2.4182
2.38594
2.22273
2.14662
2.13826
1.57345
2.10221
1.64892
1.86526
1.25557
2.36037
1.50698
1.0194
2.16821
1.37254
1.80097
1.93873
1.56122
2.35532
1.58765
1.40131
1.19803
2.31421
1.50508
2.4582
1.46921
1.85685
1.54527
2.1294
2.33044
1.93853
1.5403
2.18848
1.82981
2.2311
2.1221
2.08487
1.97426
2.23044
1.40607
1.70623
2.26859
1.67231
1.50148
2.25774
1.67131
2.24409
1.92181
1.68029
1.9339
2.00311
2.29337
1.77106
1.74602
1.34454
1.57237
2.25828
1.88115
2.20653
2.20783
1.63127
1.47256
2.17232
1.37194
1.27572
1.2846
2.21461
1.87632
1.93453
1.45414
2.42471
2.32742
1.42777
2.42267
1.68938
2.26968
2.07423
1.56015
2.16763
1.70889
1.20381
2.43198
1.75434
2.4639
1.78205
1.40709
2.01055
2.07384
1.90973
2.43147
2.25579
1.82145
1.38002
2.0907
2.41465
2.29959
2.07034
2.2605
2.21612
1.76306
2.22989
2.01897
2.00768
2.16168
1.32509
2.04534
1.69162
1.68641
1.9073
1.04931
1.85249
1.96315
1.98226
1.90119
1.27662
1.96876
2.32904
2.27763
1.53201
2.30772
2.44745
1.88148
1.63843
2.44755
2.37893
2.43038
1.1929
1.40718
2.37453
1.28467
2.17167
2.34452
1.12663
1.61486
2.32813
1.31031
2.29669
1.27173
2.18909
2.12929
1.17045
2.14681
1.9244
2.32865
1.32478
1.79331
1.57531
2.47115
2.1741
2.23221
2.22368
1.59524
2.28689
1.7418
2.29312
2.13992
1.99181
1.24001
1.87271
2.2107
1.72119
2.1531
1.70269
1.84928
2.24562
2.42574
1.61789
2.30451
2.36111
1.50268
2.4635
2.34583
1.85609
1.84709
1.14555
1.88119
2.13011
1.5682
2.23394
1.45734
1.62999
2.39221
2.36259
2.34982
2.30205
1.62963
2.41749
2.4495
2.36762
2.01977
2.33189
1.87767
2.00933
1.7349
1.12592
1.79516
1.78071
2.28036
1.99028
2.4063
2.4624
2.37622
1.89533
1.90762
1.62487
1.98298
2.30533
2.40783
1.72687
2.27229
1.94438
2.39711
1.14007
1.7562
2.07447
2.14371
1.73924
2.05941
0.999985
2.21155
1.40478
1.83325
1.81434
1.99219
2.3991
2.36358
2.24992
2.18134
1.54797
2.43058
1.75672
2.01657
2.26048
2.12734
2.20005
2.36882
2.10136
1.51282
2.19429
2.19096
1.54149
2.17752
2.22074
1.09598
1.464
2.23558
1.58818
1.42658
1.54864
1.53728
2.1309
2.27902
2.43772
1.28212
2.42333
1.85813
1.92083
1.7664
2.44363
1.92567
2.05483
1.26203
2.10177
2.39171
2.43006
1.93432
1.48797
1.30327
2.32629
2.14451
2.27814
2.42913
1.90283
2.00863
2.21011
2.37034
2.26014
2.10258
1.47952
2.16306
2.40062
2.38915
2.29622
1.97782
1.43351
2.3893
2.09694
1.49586
1.96876
2.4313
2.0484
1.99158
2.32425
1.34947
2.31736
2.41575
2.05535
2.36103
1.3768
2.45394
1.60248
2.37419
2.02406
1.40908
1.40025
2.39727
2.23932
2.10201
1.44094
1.5806
1.09511
2.04062
1.92375
1.59281
1.41067
1.57267
2.45192
1.81941
1.39579
1.14257
2.32311
2.00364
2.13843
1.5105
1.87929
1.20072
2.21919
2.29155
2.45875
2.13044
1.22209
2.2855
2.17345
1.5534
2.03317
2.45301
1.19047
1.11514
1.91945
1.65625
1.73972
1.88286
2.07503
2.01722
1.7565
2.30807
1.68361
1.44038
1.95811
2.13131
2.01084
1.84933
2.32404
2.06202
2.30486
2.36539
1.64144
2.27734
1.63079
1.28961
2.10374
2.08515
1.8883
1.68762
1.79179
1.849
1.98602
1.46105
1.35558
1.09148
2.10847
2.02697
1.63947
2.04232
2.1156
2.24886
2.0995
2.36554
2.20442
2.15139
2.42194
1.92055
1.31681
2.31875
2.11509
2.46463
2.18075
2.11722
2.1765
2.21257
2.45698
1.49644
2.12349
1.60376
1.42824
1.87768
2.35296
2.00728
1.76893
2.16118
2.35277
1.8597
1.40763
2.19
1.38857
1.53929
2.07103
1.79531
1.81642
1.34319
2.33175
1.45746
1.92384
1.5972
1.70774
1.17148
1.59493
1.24448
1.21403
1.89572
2.40889
2.08516
2.31286
1.85114
1.23383
1.18991
2.18554
2.01019
1.93099
2.40195
1.06305
2.22238
1.89387
2.29677
2.1855
1.9192
2.42416
1.93076
2.36853
1.96243
1.54798
2.39776
1.45189
2.00639
1.73712
2.43417
2.25087
2.44175
1.36375
2.24419
1.69112
2.39885
2.40445
2.33117
2.03908
2.27523
2.19628
2.20947
1.17976
2.08802
2.0643
1.95446
1.83644
2.24475
1.86515
1.78138
1.60889
1.74657
1.75985
2.39714
1.91133
2.14572
2.01451
1.64803
2.34117
1.91354
2.35002
2.43042
2.01894
1.27607
1.69294
1.78924
1.36383
1.94304
2.07877
1.78995
2.37853
2.29984
2.07794
1.83532
2.37697
2.0207
2.25164
2.3734
2.27503
2.31223
1.96666
1.44491
2.31736
2.44697
1.73589
0.906623
2.26602
2.09145
2.04263
2.40042
2.35124
1.69489
2.46329
2.28353
2.38159
1.03663
1.57769
2.281
1.22108
1.71454
1.63552
1.83515
2.4018
2.39234
2.01932
2.42171
1.39782
1.59615
2.32822
1.65604
2.15564
2.37497
2.31119
1.4865
2.03709
2.16113
1.95847
2.35924
1.5029
2.11914
2.30136
2.26496
2.06676
2.32437
2.03766
1.96459
1.83361
2.36028
1.50975
2.32052
1.82942
2.10629
1.3326
1.80157
1.68126
2.29316
2.10081
1.06708
1.61314
2.17175
2.28899
1.83275
1.99422
2.07855
1.6076
2.21258
2.38993
1.47173
1.90409
2.31416
1.73802
1.95854
1.25607
1.51453
2.2215
2.21664
2.38662
1.83329
2.27862
2.46354
2.20273
2.43158
1.8518
2.36545
1.52944
2.10118
2.15891
2.19407
2.09357
2.27351
1.9453
1.72734
1.94702
2.40757
2.2781
2.10287
1.34446
2.05634
2.04202
2.2871
1.90864
2.43944
1.82727
1.51725
1.51416
2.26012
1.99418
2.01744
2.33665
2.23594
1.47978
2.41107
1.15242
1.87529
1.78657
1.89993
2.22395
2.36898
1.95875
2.23741
2.29202
2.18957
1.57423
1.5869
2.36984
2.24673
1.23537
2.21331
2.37681
1.94781
1.64651
1.44474
2.13426
1.2683
2.18151
1.31955
1.87762
2.19134
2.31863
1.43492
2.3926
1.13579
2.23033
2.37727
1.64008
2.36175
1.73539
2.02552
1.73322
1.70119
2.33804
2.22605
1.8291
2.12563
1.02075
1.21281
1.88243
1.38693
2.2603
2.34354
2.37431
1.86169
2.41811
2.43342
1.83113
1.79166
1.60205
1.43578
2.38062
2.36187
1.92116
1.33339
2.24773
2.27228
2.2401
2.45287
2.23811
2.34195
1.42623
2.46764
2.38885
2.43751
1.77998
1.88961
2.09331
1.55697
2.43921
2.36092
2.34978
2.06227
1.76676
1.5948
2.24039
2.47667
2.10453
2.46739
1.52834
2.31823
2.23732
1.79642
1.84495
2.40028
2.18128
1.74838
2.38917
1.53293
2.06089
2.42637
1.44275
2.27188
2.2265
2.05129
2.19126
1.98357
1.34871
2.36247
2.19647
2.09802
2.21184
1.60826
2.41515
2.23405
2.22316
1.99043
2.08396
1.76222
1.53826
1.42689
2.37828
1.77298
2.04651
2.41015
1.96096
2.44882
2.13943
2.26392
1.92663
2.45036
2.41227
2.4287
2.3251
2.29537
1.99545
2.34818
2.07224
1.91033
1.63216
2.09255
2.10293
2.30965
2.18911
1.07859
1.03842
1.47987
1.26363
2.04395
2.0732
2.43797
1.19108
1.93766
2.27138
1.63032
1.4808
1.54652
1.94746
2.38532
1.81575
2.42018
2.3749
2.14528
1.41803
2.21217
2.44592
1.68038
2.00251
1.88344
2.16607
1.68942
1.65507
1.67618
2.12481
1.89073
2.36721
2.27983
1.38414
1.28473
1.75487
2.06295
1.16845
1.37856
2.27244
2.11162
1.98146
2.21326
1.94197
1.69307
1.14901
2.44316
1.81147
2.07875
1.31786
1.69568
1.21005
2.20784
2.0113
1.98858
2.26264
2.02692
2.3417
2.20966
2.14882
2.42192
2.10827
1.92341
2.3252
1.36861
1.38421
1.90497
1.71181
1.57368
2.44358
1.75057
2.01131
1.71041
2.23381
2.25437
2.01215
1.25654
1.37674
1.77133
1.74357
1.84358
2.14608
1.3878
1.93419
1.96044
1.66022
1.59375
2.41099
2.03851
2.0067
2.39764
2.39497
2.05094
2.07791
2.37415
2.23952
1.8338
1.04713
1.60145
1.53864
2.19244
2.26049
2.26405
1.84795
1.71833
1.66537
1.61185
2.01973
1.76689
1.25166
1.6375
2.08026
1.49963
1.42783
2.39618
2.03005
2.13228
2.23071
1.90933
2.22519
1.64478
2.09947
1.59294
1.98522
1.4938
1.86316
1.83456
1.29095
1.24144
1.60814
1.52753
1.95804
1.36143
2.26513
1.58564
2.04969
2.42893
1.64367
1.36612
1.86504
2.13281
1.76931
1.77827
2.29356
1.95477
2.29739
2.28429
1.67958
1.78588
2.10501
2.09796
1.79972
1.34172
2.10721
2.38882
2.052
1.34576
2.45901
2.30711
1.75147
1.75407
2.34186
2.45015
2.24154
2.21209
1.80022
1.4614
1.83549
2.15608
2.28624
1.38241
1.84166
2.42582
2.31222
2.34546
1.69703
1.79383
2.23528
2.4521
1.48646
1.66304
1.07759
1.7408
1.28814
2.25315
2.38883
1.31627
1.82569
2.29881
1.47219
2.33361
2.09068
2.12118
2.30825
2.15984
2.4128
2.41272
1.96777
2.11476
1.84342
1.87449
1.71938
2.01956
2.3105
1.42281
1.48671
2.19144
2.41219
2.13837
2.24679
1.51317
2.08651
2.22516
1.51764
1.68085
2.20077
2.08722
2.05614
2.33048
2.10277
2.43612
2.12671
2.07677
1.86139
1.86445
1.45873
2.11866
1.23022
2.33974
1.98323
2.06746
1.69341
1.78661
2.42668
1.18665
2.13522
2.3619
1.27815
2.42017
2.44771
2.32069
1.44777
2.07882
2.07183
2.26456
1.46871
2.00436
1.10779
2.19176
1.62289
1.92051
1.94199
1.43084
2.01987
2.33283
1.74772
2.37651
2.07463
2.22208
2.28824
2.16653
2.18671
1.77633
2.2889
1.82523
2.40263
2.42141
2.05531
1.93524
1.34141
1.48864
2.04218
2.40657
1.83281
1.83267
2.35501
1.8741
2.26144
2.35787
2.38077
1.7305
2.41033
2.02928
2.38352
2.24923
2.26555
1.46639
1.66363
1.21509
1.29694
1.98653
2.31121
1.88677
2.28649
1.77085
1.08198
2.2791
1.6285
1.62223
2.41783
1.42813
1.67616
1.50354
2.45142
2.22567
2.30801
1.86995
1.70402
1.97976
1.71409
2.00236
2.43691
1.74066
1.97735
2.37541
1.41123
1.96321
1.17324
2.15939
2.36209
2.44237
1.48328
1.8281
2.29206
1.79188
2.33945
1.98907
1.98755
2.40153
1.55757
2.36805
1.16957
2.12577
1.55668
1.76719
2.12154
2.36855
1.88254
1.9562
2.34232
1.8964
1.30696
1.94061
1.62296
1.89516
1.82613
2.22288
1.17207
1.84778
1.43611
1.12203
2.04462
1.1764
2.25207
1.54619
1.98672
1.41007
1.55557
2.39167
1.55019
2.42567
2.18772
2.06018
1.01882
1.8427
2.33677
1.30636
2.07037
2.12658
2.39646
1.67595
1.87428
2.29673
1.48105
2.44569
1.71552
1.45029
2.45275
2.29544
1.54308
2.01557
1.06401
1.62069
1.90173
2.33498
2.33576
2.26378
1.3151
2.06292
1.42127
2.28206
1.65286
2.08484
2.10307
1.37402
2.4218
1.57366
2.24377
1.2584
1.41019
1.00239
2.06503
1.69947
2.34761
0.930666
2.44067
2.33294
2.18549
2.01812
2.22285
1.03082
2.34305
2.00915
2.17167
1.58889
2.13929
2.4291
2.47342
1.75915
2.43069
2.16699
2.1683
2.1917
2.26706
1.60637
2.29823
2.00484
2.30947
1.78299
1.86556
1.67742
2.11004
2.09533
1.29949
1.70913
2.08335
2.19043
2.089
1.48575
1.52582
2.27658
2.24703
2.33638
1.63976
2.31799
1.81965
1.25233
1.97424
2.02376
2.35685
2.07743
2.06617
1.26146
1.40601
1.59433
2.43654
1.08713
1.16422
2.24657
1.99314
1.90029
1.92998
2.34861
1.8109
1.95346
2.20011
1.34578
2.31986
1.8816
1.6236
1.6026
1.53513
2.4143
2.41943
1.54072
2.3641
2.10403
0.990615
2.09828
1.58969
2.31194
2.41259
2.35928
2.04703
1.30364
2.31731
2.44531
1.37014
1.69657
0.948913
1.99781
1.85824
1.2686
2.19289
1.46212
1.76424
1.2733
1.80322
2.41616
2.3585
1.93882
1.90959
1.7377
1.91796
2.21055
2.29161
1.40989
2.32437
1.33855
2.12099
2.07885
2.21438
2.0804
2.16634
1.87421
1.95777
2.42895
1.61653
1.17235
1.23828
2.37505
2.1722
2.04443
2.29138
1.64711
2.12114
2.14122
2.19455
2.27844
2.20371
2.46825
2.31892
2.22963
2.29427
1.97681
2.05654
1.68058
2.28292
2.01881
2.46221
1.54797
1.73671
1.93981
1.96196
2.03276
1.77974
2.06192
2.45403
1.74881
2.35928
2.04911
2.31158
1.6219
1.10559
2.44689
1.94108
1.74999
1.82119
2.26595
2.07982
2.18828
1.01029
1.22642
2.36899
1.22914
2.22172
1.87218
1.63485
1.01817
2.40097
2.2261
1.90956
1.73994
1.17224
0.972287
2.00192
2.19335
1.61139
2.41613
1.55697
1.78069
1.68014
2.37288
1.61557
1.21546
2.40221
2.11149
2.40135
2.35753
2.16064
1.78553
2.14475
1.27366
1.95163
1.81209
2.30052
0.94159
1.54125
2.37776
2.36733
2.20566
2.22631
1.34329
2.21791
1.19206
2.19261
1.55586
2.11263
1.80208
1.39827
1.78748
1.63099
2.47859
2.42594
2.01653
2.11701
2.28591
1.74338
2.01642
1.16832
1.97337
2.07631
2.21615
1.61091
2.30265
1.93051
2.30782
1.05974
2.09607
1.53187
1.61272
2.28709
2.30999
0.98563
2.26512
1.88613
2.12867
2.29059
2.31063
1.73007
2.38401
1.68662
1.99573
1.29619
2.17787
2.06173
1.02848
2.10988
2.19313
1.37971
2.37453
1.76573
1.31352
1.75733
2.13849
2.40391
2.25007
1.73035
2.22884
2.32034
2.17256
2.37346
1.92118
2.18218
1.93549
1.64026
1.2778
1.20806
2.40819
1.82386
1.40189
2.33385
1.97288
1.72726
1.76345
2.10325
1.88336
1.9703
2.28267
1.47276
1.78532
2.41831
2.40328
1.75963
2.08166
2.26119
2.41076
1.30116
2.32623
2.04737
2.04379
2.04925
2.05202
2.46969
2.39343
1.84654
2.06408
2.20027
1.63824
1.33476
2.08677
2.41674
1.64487
1.56036
1.81428
2.4286
2.21479
2.17058
1.59151
2.12727
1.46512
1.78508
2.16885
1.48262
2.22142
2.27204
2.19438
1.81969
1.61157
2.40413
1.73087
1.86704
1.67992
1.85966
2.15347
2.24984
1.70863
2.0735
0.989843
2.35879
1.91201
1.80925
2.06873
2.29015
2.40653
2.40742
1.96044
1.78861
1.69635
2.01912
1.76017
2.02863
2.22248
1.75669
1.31111
1.68212
2.0928
2.22947
1.73393
2.17431
2.05184
2.25404
1.53992
2.07422
2.22337
2.14921
1.90936
1.20265
2.02143
1.3359
1.73582
2.10322
0.977028
1.76494
2.31357
2.40682
2.16305
2.39904
1.4359
2.08436
2.11214
2.29516
1.70161
1.88674
2.1404
1.59388
2.25589
1.13655
2.24391
1.76037
1.51934
1.19499
1.93788
2.34352
1.94407
1.75782
1.73682
2.01402
2.06167
1.89518
1.79811
1.98874
2.21717
1.82017
1.68247
1.86578
2.194
1.96692
2.22582
1.97855
2.44095
1.8363
2.39986
2.12404
1.83907
2.18389
1.77816
2.04574
1.80776
2.15837
2.22381
1.34364
2.22554
2.09909
2.25958
1.56883
2.43259
2.153
2.27878
2.23038
1.17421
2.3997
2.30485
1.97934
1.93921
0.975351
2.2173
2.17527
1.5177
2.11295
1.3279
2.17798
1.83294
2.35027
1.48501
2.2811
1.70073
2.36723
1.65825
0.940629
1.98014
1.8982
1.82551
2.43901
1.50416
2.04315
1.03629
2.14986
2.10864
2.25663
1.91467
2.32378
1.81049
1.98849
1.79042
2.11992
2.27004
1.58706
1.75798
2.28885
1.40943
1.43127
1.81599
2.30836
2.36188
1.07133
2.1005
1.95047
1.84115
1.3805
2.39143
2.27055
2.1787
2.27923
1.4947
2.20627
2.28146
1.89131
1.47726
2.13624
2.40309
2.3543
2.08935
2.33903
2.33752
2.11919
2.43601
1.89746
2.11155
2.01009
2.38373
1.94149
1.81213
1.66016
2.31671
1.79239
1.42714
2.01545
2.22881
2.34703
1.85678
1.62655
1.91803
2.09744
1.86021
1.97715
1.62309
1.71171
1.78221
1.69874
2.46489
2.38577
2.39588
2.32795
2.20692
2.26397
1.673
2.30298
2.31533
1.08159
1.93333
2.35973
2.28781
1.52752
2.39494
1.04849
1.53681
1.79841
1.73301
1.3665
2.18187
0.9635
1.28665
2.3216
2.02038
1.97038
1.52848
1.96365
2.11847
1.56047
1.88993
1.84322
2.41453
2.43695
1.44
1.29385
1.91882
2.35104
2.26205
2.20365
2.25322
2.43021
2.40186
1.3897
2.32501
1.4265
2.26482
2.31107
1.74281
1.55952
1.36678
2.40468
1.84759
2.46905
1.93782
1.69511
2.06858
2.45127
1.54918
1.84498
2.36418
2.39234
1.86607
1.44616
2.26162
1.24276
2.20103
2.26575
2.29914
2.24268
2.39217
2.42953
2.45586
1.65028
2.2385
1.74871
2.0246
2.22639
1.3897
1.81898
2.46194
1.99513
1.91316
1.57906
1.37806
1.82515
2.23893
1.619
1.22464
1.85663
1.88911
2.20965
1.9226
1.59763
1.43611
2.23608
0.902141
2.28728
2.31517
2.3357
1.97749
1.23891
1.67859
2.13224
2.426
2.22697
1.98356
2.07519
2.28092
1.33387
1.93941
2.41754
1.17611
1.34241
1.92773
1.2926
2.07169
2.0686
2.19945
1.81138
1.84289
2.38232
1.65472
1.93351
1.58002
2.1068
2.16453
2.30445
2.25647
1.34298
2.19266
1.67375
2.01985
2.20758
2.21217
2.43295
2.39759
1.66114
1.71232
1.77161
2.34518
2.05276
1.55184
2.10408
2.3566
1.73529
1.80953
1.68613
1.73947
2.18293
2.31035
1.83233
1.14787
2.24399
2.31598
1.47112
1.83719
1.46343
2.32559
2.27405
1.94331
2.23099
2.09515
2.12811
2.07167
2.26551
1.45151
1.53824
1.30674
1.3104
2.08197
1.88953
2.2662
1.714
1.27764
2.36825
1.99216
2.04925
2.03284
2.20938
1.77828
1.896
1.89377
2.20223
2.26962
1.54675
2.28399
2.31864
1.50941
2.06116
2.26859
2.44427
2.43733
2.01687
1.74063
2.11073
2.41373
2.38832
2.35048
1.98871
1.70312
2.42272
2.4335
1.22607
2.09743
1.93516
2.05706
1.97986
1.67082
1.53589
2.29164
2.33543
1.45254
1.75998
1.80234
2.39324
2.06363
1.93755
1.52272
1.93897
2.24137
1.25876
2.44536
1.6149
2.03447
1.42221
2.34993
1.7698
2.11961
1.77631
1.52703
2.27284
1.69369
2.09373
1.98804
2.01007
1.96075
2.27939
2.41127
1.80933
2.33184
1.90323
2.09014
2.32254
2.2996
2.18581
1.96237
2.39704
1.90546
1.34211
1.47312
2.41657
2.1303
1.4669
1.52775
2.42016
1.87711
1.82619
2.27956
1.88574
1.77437
2.26882
1.47668
1.47141
1.69548
2.38141
1.47883
1.51285
2.34914
2.31711
1.34914
1.72689
2.08862
2.24795
2.41007
2.14492
1.93666
1.37861
2.10056
1.63897
1.92801
1.64969
1.44446
1.52907
1.64382
2.04494
2.08123
2.08426
1.98838
2.20877
2.34067
1.51199
1.31318
2.44908
1.6858
2.42003
1.97759
1.7877
1.85886
2.03703
1.69481
2.22526
2.36747
1.61339
2.37917
1.51579
1.63577
2.05416
1.76026
2.24459
2.41081
2.38528
1.73316
2.10062
2.17596
2.21941
2.43307
1.11986
2.07958
0.915204
2.08131
1.66486
1.8178
1.27539
2.20345
2.13285
2.30489
2.23893
1.17988
2.2449
1.4439
1.72299
1.68124
2.00549
2.37602
1.34787
1.74441
2.1409
1.54032
2.2798
1.21651
2.22491
1.36285
2.45588
2.40124
2.0336
2.31667
2.25582
1.9377
1.70172
2.20913
2.25744
1.9669
2.24218
1.09313
1.62729
2.11841
1.7636
2.41826
2.45016
1.732
2.43793
2.0432
1.2947
2.0132
1.57696
2.28559
1.37645
2.02128
1.34939
2.08012
2.43142
1.20563
1.26252
1.50891
1.73796
1.62861
2.27693
2.02106
2.38313
1.49293
2.26915
2.26209
2.11294
2.26402
1.48936
1.55766
1.28115
1.6949
1.98905
2.39479
2.29669
2.10522
2.31496
2.3829
2.27612
2.17731
2.26681
1.62728
1.95594
2.2901
1.52285
2.2516
1.65594
1.41625
2.15006
2.1059
1.3224
1.19416
2.41385
2.21202
2.43783
2.19503
2.24656
2.0311
1.72387
2.08663
2.09063
2.39593
1.93467
1.84236
2.35281
1.50677
1.49044
2.41209
1.78929
1.15865
2.16956
2.33395
2.12831
2.15313
2.20489
2.42606
1.47488
2.24915
1.30991
2.19896
1.7525
1.1747
2.01137
2.22944
1.89112
2.15554
1.22694
2.30741
1.61722
1.90732
2.39566
2.28306
2.17779
1.96981
1.9473
2.44305
1.52354
2.21853
2.32292
1.6857
2.4387
2.20041
1.0023
2.16439
1.78166
2.30237
2.07474
1.54661
1.89967
1.66879
2.38437
1.60237
1.19875
1.65101
2.0656
2.03866
1.93616
1.68774
1.82711
1.53642
2.10843
1.43542
1.80972
1.80672
0.921089
1.98554
2.44309
2.32204
1.2909
2.27724
1.90445
2.20975
1.7388
1.95265
2.15552
2.02266
1.90801
2.11573
1.5481
2.06798
2.3267
2.36258
1.42634
2.33737
1.65142
2.31146
2.11916
2.35382
1.97449
1.69598
2.42042
2.08902
1.9952
2.4173
2.36391
2.46192
2.05079
1.28799
1.84352
2.09484
2.41055
1.83019
2.03637
1.98323
2.39765
2.44934
1.83676
2.33901
2.14188
1.94789
2.00892
2.2286
1.88547
2.26349
2.29777
1.93876
1.94279
2.02103
1.34098
2.13205
1.88567
2.32907
1.6806
2.07898
2.16792
1.74879
2.27517
2.10794
1.71537
1.97212
2.23648
2.10916
1.24148
2.40175
1.72853
1.63224
1.87792
2.23084
1.22802
0.82338
1.56152
1.9797
2.35045
2.31284
1.93548
2.16682
1.54874
2.30906
2.14271
1.93101
1.66098
1.57684
1.313
2.23443
2.31723
1.71705
1.65315
2.15312
1.92682
1.84589
2.27658
2.30915
1.63252
2.09243
2.29784
1.91234
1.21456
1.79945
1.84193
1.93304
2.46415
1.83536
1.58891
2.0831
2.37586
2.39153
1.5583
1.8783
1.98535
1.77672
1.56961
1.45392
2.04451
2.42007
1.23609
2.32134
2.41128
1.65418
2.42419
2.02135
2.0894
1.18912
2.28023
1.28557
2.02546
2.13706
1.11289
1.57421
2.18021
1.28784
2.44049
1.49523
2.0508
1.98767
1.95811
2.25608
1.77058
2.10313
2.31971
1.59274
2.36471
2.17793
2.34044
1.79169
1.84386
1.70457
2.29483
2.18822
2.37422
1.88366
2.16432
1.62541
2.16015
2.04114
2.30522
1.97777
2.43351
2.03312
2.28653
2.37654
2.11087
2.00745
1.38253
1.8009
2.28132
1.90663
2.1653
2.29952
2.04434
1.42791
1.77149
1.98525
1.25956
2.06459
2.28866
2.14686
2.39865
2.4237
2.32592
2.29802
2.31327
1.81211
2.09802
2.40332
2.43327
1.98016
1.27032
2.13537
1.1374
1.74435
2.34908
1.81316
1.75648
2.23958
2.21553
2.21723
2.41685
1.44063
2.33425
1.46483
1.46253
1.06689
1.91041
2.26922
1.42995
1.25415
2.23014
2.37188
2.34801
1.86953
1.95067
1.91788
2.20602
2.2412
2.21311
1.97178
1.70034
1.94229
2.09224
1.89286
2.2386
0.826443
2.07799
1.99499
2.34219
1.26441
2.42942
1.82295
2.43841
1.59168
1.73273
2.4537
1.90085
2.44431
2.34393
1.94945
1.48888
1.56153
1.89596
2.17285
1.38307
1.31605
1.87067
1.42874
1.18872
2.40024
1.70761
2.34185
2.15708
1.40098
2.24937
2.24115
1.95154
2.16667
1.78072
2.12911
1.56173
2.40658
2.00451
1.57506
2.19194
2.07461
1.53402
1.66717
1.77289
1.60763
2.16341
2.19145
1.77343
1.58918
2.33472
2.14849
1.86617
1.66273
2.26603
1.93176
1.79512
2.36359
2.13735
2.29612
2.39552
2.34795
2.2518
2.04679
1.63507
1.71136
2.10934
1.4492
2.13327
2.42052
1.4506
2.45397
1.46126
2.05995
2.34446
1.79174
2.31021
1.89043
0.846843
2.12957
1.53963
2.16649
2.45356
1.84485
1.91375
2.43082
1.46833
1.92584
1.04073
1.49628
2.01559
2.01935
1.39737
2.34359
2.09739
2.27884
1.79628
2.37902
2.45178
2.05859
2.40429
1.62108
2.28695
1.50753
1.54205
2.26529
2.24898
1.38662
1.55754
2.25785
2.21858
1.35658
2.31115
2.3939
1.12365
2.28111
2.22243
2.4409
2.15627
2.13832
1.8346
2.36949
1.9584
1.84019
1.23932
1.55334
1.44244
2.3058
1.8215
2.34743
1.33554
1.64629
1.40896
1.43449
1.67496
2.43468
2.19167
2.28814
1.33797
2.31345
1.43562
1.37565
1.99366
1.68982
1.81551
1.4051
2.36339
2.3137
2.1622
1.46603
1.88261
1.55732
1.80437
1.90526
2.18924
2.39537
1.21171
1.68222
1.3813
2.32424
1.60719
1.67127
1.75878
2.14377
2.19308
1.91006
2.06788
1.95484
1.47167
1.36908
1.78528
1.25301
2.05687
2.0048
1.86113
2.17986
2.01598
2.01544
1.76843
2.22031
1.91979
2.08687
2.04983
2.3928
2.24975
1.8525
2.32429
2.09213
1.54997
1.81743
2.16116
2.45412
2.19175
2.4163
2.42597
1.28677
2.16045
1.80314
1.38725
2.24031
2.02634
1.67754
1.26587
1.69257
1.70634
2.28123
1.5845
1.42369
2.45641
2.33137
1.7931
2.39855
1.9835
1.68302
1.96632
1.47243
2.20784
1.70379
2.35211
2.26132
2.38183
1.95571
2.00095
2.04063
0.933589
2.45286
1.48399
1.68804
1.5552
2.45222
2.27987
1.73461
2.03328
1.7568
1.73627
2.0744
2.44113
2.13211
1.65311
2.41052
1.80653
2.25861
1.4891
1.48505
2.00726
1.70265
1.4837
1.81438
1.32392
1.9861
1.4472
1.40851
0.956024
2.39159
1.23074
2.12565
1.57542
2.33669
2.14487
1.77374
1.79779
2.0468
1.68862
2.15998
2.16662
1.32018
2.31345
1.96738
2.31315
1.87729
1.97107
1.64404
2.13947
1.72366
2.06815
2.13317
1.7197
1.68296
1.422
1.06918
2.15821
2.09059
1.33291
2.28295
2.21645
2.43463
1.25434
2.00771
2.11318
1.72578
1.09869
1.99875
1.57162
1.76909
2.26671
0.917103
2.10315
1.79197
1.9821
1.54638
1.90333
2.02062
1.84604
1.61066
2.42398
1.91029
2.39453
0.994691
1.75263
1.47152
2.04545
1.59598
2.22269
1.66245
2.19301
1.45137
0.817789
1.28918
2.04846
1.8617
2.45164
2.31733
1.11476
1.98547
2.25158
1.92776
1.56945
1.69447
1.22735
2.36953
1.39562
1.35348
2.30109
2.34417
2.29898
2.32748
2.30314
2.20918
1.86591
2.02722
2.29638
1.20266
2.34719
2.26786
2.14988
1.76871
1.3017
2.2133
1.72247
1.82678
2.27451
2.32259
1.07698
1.55037
1.91921
2.43345
1.98253
1.65297
2.06607
0.946212
2.05539
1.67325
2.08791
2.35071
1.92666
2.03401
2.43602
1.98784
2.04103
2.41091
2.11316
2.4198
1.96981
2.33573
2.11977
2.27669
1.61387
2.30231
1.87861
1.80345
2.31301
2.23597
1.36199
2.19531
2.31472
2.23678
2.04733
1.86318
1.28016
1.39399
1.76629
2.38058
2.33937
2.43651
1.78398
2.10841
2.24619
2.14258
1.97204
2.29934
2.01088
1.57156
2.38233
2.2898
1.37913
2.43268
2.29231
2.01908
2.46476
1.33262
1.3287
2.12144
2.08972
1.82159
1.44431
1.47063
2.37325
2.17196
2.37284
2.19447
2.20696
2.05792
2.02795
1.88943
2.32115
2.34606
2.26042
1.81121
1.90911
1.5359
2.28009
2.22862
2.22507
1.86725
2.24015
1.78657
2.06775
1.75818
2.12637
1.99906
2.34149
1.71778
2.29268
1.99895
1.43387
1.97458
2.4456
1.93079
1.57452
1.70857
2.27028
1.90607
1.79257
2.23086
1.60844
2.00102
2.31198
1.90318
0.870277
1.25051
2.19143
2.33544
0.999858
2.35459
1.71701
2.37906
1.75981
2.23741
1.6401
1.89269
2.12688
2.26241
1.86206
2.18993
2.29179
2.20994
2.40481
1.89558
2.09923
1.74058
2.18565
1.62159
2.32547
1.63148
2.29244
0.974458
1.48321
2.23779
1.96742
1.67065
2.17739
1.04675
2.36022
1.33483
2.01553
1.3071
2.34474
2.04256
1.86507
1.5972
1.98384
2.14648
1.93773
2.00034
1.62097
1.81818
2.38955
1.23684
1.35471
2.4123
1.81578
1.603
2.33224
1.13359
1.80968
1.47515
1.44355
2.29638
2.32254
2.11657
1.04208
1.85064
2.03797
2.16579
2.33459
2.46113
2.2175
2.11628
1.17308
1.67278
1.93529
2.41452
2.04912
1.89159
1.30708
1.2854
2.00071
1.11359
1.70976
2.35422
1.64565
1.73758
1.79502
1.41792
2.16256
2.07296
2.36547
2.2069
2.14757
1.77489
2.41525
2.19972
1.80716
1.80221
1.67436
2.00554
1.93268
2.27255
2.1581
1.68672
1.58449
1.7266
2.02361
1.63584
1.87414
1.15385
1.69141
2.19542
1.8796
1.6004
1.40117
2.11629
1.7671
2.00287
2.00483
1.35264
1.51096
2.19632
1.7797
1.86362
2.25512
2.40836
2.10855
1.49951
2.14108
2.2888
2.20305
2.43901
2.03434
2.32831
2.18329
1.75563
1.85786
1.98469
2.45329
1.96141
1.80881
2.31701
1.70199
0.999939
2.33769
2.40211
1.98817
2.22173
1.9766
2.18364
1.89032
2.01271
1.21857
2.1801
2.33718
2.26733
2.40249
2.42949
2.36749
2.19544
1.74828
2.13562
1.92838
2.36186
2.04677
2.31687
1.78451
2.41812
1.50551
2.2049
1.19445
1.47064
1.30324
1.04253
2.18343
2.21972
1.39561
2.23324
2.28912
2.40152
1.64274
2.27955
2.35189
1.36775
1.28564
2.3993
1.72157
1.56773
2.04013
2.29953
1.99201
2.27529
1.585
2.11452
2.193
2.20295
1.80199
2.35828
1.42308
2.11132
1.6286
2.26757
2.01345
2.37253
1.89883
2.04145
2.44699
1.23089
1.38652
2.04416
1.37482
1.73646
1.33235
2.44832
1.79422
1.18158
1.75473
2.24293
2.04634
1.8667
2.29094
2.44984
1.77018
1.88577
2.21027
2.36722
2.17727
1.33042
1.86323
1.80136
1.57912
2.03886
2.06134
1.61908
2.18123
2.32335
1.98442
2.08395
1.15818
1.79202
0.856429
2.41237
2.16935
2.44201
1.71219
1.77531
2.39162
1.04631
1.9271
2.41522
2.16797
1.34177
2.35155
1.18043
2.26414
1.67286
1.7047
2.27144
2.37769
2.43209
2.4092
2.22612
2.27042
1.66318
2.28441
2.04507
1.79213
2.18792
2.3544
1.13046
2.24956
2.3563
2.02386
2.45923
1.4657
1.99823
2.35592
2.03238
2.0131
2.28728
1.5704
1.76273
2.15881
1.49325
2.00877
1.92134
2.03518
2.05817
1.98647
1.43996
2.14472
1.57895
2.06544
1.80151
2.30309
1.62211
1.759
2.3931
2.38922
1.08166
2.25725
2.03817
2.45178
1.10495
2.2522
1.34563
2.18756
1.31602
1.41689
2.37847
2.30495
1.48069
2.27974
1.37539
1.24906
2.07159
1.89171
2.37121
2.37094
2.29527
1.38476
2.2
1.79319
2.37831
0.889859
1.85594
1.84038
2.25631
2.28143
1.69123
1.75056
1.69909
1.73747
1.66894
2.32649
2.07239
2.00666
1.80598
1.98798
2.27177
1.91618
1.64068
1.63032
2.33661
2.38637
1.90639
0.910283
2.26536
1.84665
1.61527
1.72967
1.32342
1.96289
2.29211
1.85291
1.70616
1.49226
2.46692
2.20861
1.91104
1.51554
1.17315
2.01229
2.44221
1.56697
2.17864
1.93239
2.38952
1.17382
1.57531
1.76493
1.92537
2.34105
2.26964
1.82816
1.25553
2.0842
2.34743
2.40744
1.80865
1.90238
2.41198
1.02376
2.285
2.44889
1.21668
1.43057
2.01989
2.22184
1.32321
2.31512
1.79413
2.31362
2.32353
2.28486
1.29101
1.71239
2.22932
2.34803
2.44048
2.20102
1.09056
0.900161
2.26728
2.43033
1.89651
2.3839
1.51215
2.01753
2.11289
1.06296
1.96853
2.11334
1.81364
1.78675
1.88153
1.9151
2.13896
2.11116
1.32305
2.18381
1.83286
1.85507
2.20099
1.99659
1.05701
1.37963
1.68408
1.84857
2.09094
1.94051
1.44754
2.32664
1.78157
2.30051
2.37666
2.43106
1.93055
2.42459
1.87407
1.73484
2.1869
1.9453
2.23547
2.22276
1.14576
2.40837
2.15121
2.30226
1.96321
2.10707
1.57157
0.990753
1.84544
1.85184
1.7232
1.74727
2.06325
1.56088
2.27071
2.46832
1.34994
1.93676
2.17453
2.12312
1.91884
2.32485
2.45715
2.02724
1.70086
2.34699
2.40408
2.40734
1.25027
2.26547
1.90116
2.26669
2.2549
1.51049
1.07315
2.3298
2.25698
1.95362
2.40001
2.15135
1.43456
2.06291
2.21862
2.13319
2.4007
1.30134
1.74632
2.03819
2.45318
2.00919
1.50019
2.00565
2.12467
2.22868
2.39497
2.23969
2.18592
2.21808
2.27231
2.46941
2.20064
2.2368
1.44751
1.98017
2.00357
1.78896
2.2081
1.04103
2.23198
1.79904
1.59685
2.41735
2.25588
1.79094
2.01815
1.96322
1.53453
2.04416
1.66552
2.08033
1.47079
2.3294
1.93982
1.86428
2.25211
2.03562
1.58008
1.3506
2.25922
1.97894
2.24446
1.49785
1.86656
1.71379
2.12594
1.95699
2.01216
2.09552
2.40296
2.08273
2.43218
1.73518
2.29163
2.40064
1.56441
1.5085
1.86302
1.87123
1.56968
2.18716
1.89323
2.21221
2.00711
2.21786
1.69072
1.75262
2.41093
2.4088
2.34023
1.62712
1.81271
2.10666
1.91919
2.23741
2.02398
1.17293
2.13283
1.58853
1.88659
2.14895
2.21184
2.04473
2.21491
2.22868
1.77444
1.05017
1.01395
1.95597
1.67488
1.9289
2.0319
2.16942
2.40537
1.99514
2.05888
2.18167
1.37365
2.09649
2.43949
2.05722
1.20136
2.31442
1.64072
1.98293
2.01276
1.83595
1.64847
1.56434
2.19574
2.29028
2.33481
2.42633
2.16922
2.33172
2.06815
2.02652
2.24969
1.77331
2.11863
2.3779
2.42053
1.92254
1.63518
2.32712
2.43862
1.618
1.64876
1.92921
1.45744
1.99123
1.62697
2.39815
1.66551
2.08296
2.07365
1.92379
2.37372
2.40855
2.41267
1.80435
1.47698
2.37659
1.09714
2.16978
1.40123
2.34321
1.57897
1.06182
1.63477
1.32967
1.85429
1.83446
2.06873
2.1527
1.92501
1.51935
2.12494
1.8174
1.38972
1.89881
2.41566
2.1709
1.41779
2.43482
2.27354
2.347
1.34752
1.69181
2.05828
1.29068
1.62691
2.29218
1.36266
2.13971
2.38747
2.19156
2.04237
1.30727
1.87276
2.4205
1.61538
1.3117
1.35706
2.32884
2.11347
2.01726
2.43087
2.39193
1.68264
2.08009
1.52876
2.07506
2.40082
1.71673
2.24405
1.01194
1.80983
1.40839
2.20671
1.20106
0.840188
1.55241
2.25108
1.75905
1.93171
2.02111
1.35436
2.31727
2.01245
2.37321
1.40994
1.49154
2.35565
1.61808
1.95379
2.01076
1.19878
2.34306
2.31675
1.28457
2.07723
1.92143
2.33979
1.87524
1.81027
2.2556
2.16361
2.29895
1.82022
2.27478
2.3049
1.56639
2.29416
1.92726
1.80167
1.88308
2.4303
2.07634
2.17831
2.38614
2.40748
1.73809
1.52968
1.06716
2.26264
2.07964
2.13624
2.20874
2.06884
1.41654
2.17238
2.20245
1.48095
2.4028
2.02102
2.37413
2.14786
1.80067
1.59983
2.3568
1.92105
1.40636
1.9561
2.06523
1.31929
1.87327
2.28548
1.86672
1.7841
1.49851
2.34802
1.64845
1.78559
1.86788
1.94909
2.13418
2.2963
2.30941
1.56382
2.26597
1.92061
2.2221
2.27321
1.31206
2.30812
1.19789
1.7899
2.3792
1.72286
2.41743
2.00548
2.11722
2.1167
2.00471
1.74172
2.02423
1.93937
2.10041
1.59002
1.9525
1.8898
2.1583
1.06716
1.2619
1.92922
1.6614
2.12629
1.36593
1.8413
1.29608
2.07211
1.71992
1.67349
2.34781
2.20956
2.06475
2.41211
1.34506
2.20813
2.09527
1.12199
2.39628
2.23251
2.07497
1.72286
1.99308
1.26428
1.91017
1.81381
2.21364
1.30437
1.87651
2.43429
1.08576
2.40626
2.34989
2.37826
2.14578
2.39182
2.43275
1.48021
2.19666
2.19212
2.45349
2.07557
2.09309
1.65574
2.2637
2.30167
2.38631
1.32796
2.09159
2.31444
1.93995
1.75348
2.00025
2.3524
2.02596
1.81704
2.1935
1.20874
1.8838
2.26602
1.83453
2.21266
1.97303
1.89037
2.28263
1.96517
1.95573
2.37889
2.26799
2.17741
1.82461
2.20525
1.9032
2.12359
2.28008
1.52291
1.79391
1.33913
2.40079
2.16119
2.22785
0.981226
1.5011
2.14165
1.60826
1.82944
1.8977
1.93065
2.14348
2.38617
1.60099
1.73127
1.27365
2.33669
1.86003
2.04589
2.14869
1.93676
2.38198
2.19835
1.52354
2.46349
1.85634
2.16464
1.46233
1.79499
1.31192
2.12323
2.27
2.2092
2.30313
1.97285
1.40414
1.75094
1.09447
1.53818
1.0193
2.40733
2.21018
1.62954
2.18429
2.39747
2.12869
1.67837
1.51785
2.11579
2.05991
2.18504
2.19089
1.53988
1.77087
1.67459
1.58018
2.42543
1.9185
2.20818
1.66677
2.44132
2.28661
2.2304
1.36909
1.97341
2.33704
1.6319
1.5965
2.18259
2.34219
0.961999
1.74088
1.53895
2.25947
1.69938
1.67757
2.19402
2.19829
1.47032
1.31026
1.49962
2.10913
1.76978
1.51959
1.39675
2.18913
2.27963
2.3683
1.34566
1.3857
2.32122
2.44818
1.97857
2.11227
2.30401
1.60608
1.89224
1.25917
1.90321
1.49911
2.01466
1.87819
2.31486
2.07417
2.46207
2.06786
2.20547
2.26929
2.22352
2.21712
1.69868
2.11219
2.34232
2.43884
2.14858
2.1908
1.05224
2.19598
2.43168
1.14924
1.55407
2.27066
1.95183
2.13805
2.16433
1.9297
2.39473
1.97653
1.85976
2.2933
2.03652
2.25592
1.95854
1.82169
1.19414
1.66698
2.10874
2.08618
1.70081
2.20299
1.32973
1.95536
2.20799
2.45313
2.33882
2.23152
2.20027
1.9012
2.27095
1.41983
1.9198
2.00027
1.91779
1.48392
2.0956
1.79244
2.20425
1.76956
2.42055
0.983924
1.46815
0.804362
1.10303
2.43509
1.77109
2.02191
2.31783
1.44846
2.34338
1.28512
2.37606
1.81534
2.10177
2.3163
1.63107
1.77297
2.20625
1.95954
1.43814
2.17961
1.81401
2.34733
1.94991
1.72402
2.01077
1.9263
1.94958
2.35401
1.91004
2.20098
2.14309
2.00906
1.95015
1.70097
1.84747
1.71288
2.36594
1.66655
2.18149
1.52871
1.41855
2.19279
2.38996
2.08088
1.84647
2.41192
1.47666
1.33639
1.81003
2.44995
2.37283
2.06598
2.09224
2.36282
1.83019
1.83111
2.13568
2.30401
1.32647
1.90907
1.92132
2.20452
2.06222
1.70512
2.28736
2.2833
2.41159
2.06881
2.01134
2.23055
1.86221
2.42232
0.857105
1.47464
2.46014
1.33277
2.43624
2.35241
1.57426
1.87029
2.21262
2.27404
2.10703
1.68448
1.95828
1.52116
2.44815
2.02865
2.42136
2.31699
1.65208
1.95065
2.29161
1.47346
2.23174
1.40894
1.06829
2.0096
2.27327
2.33394
1.48101
2.44721
2.10972
2.41593
2.28034
2.44456
2.09344
1.05356
1.96126
2.20112
2.1302
2.02861
1.62195
2.25048
2.15648
2.20143
1.88838
1.10449
1.97716
1.8386
1.78079
2.18818
1.90878
1.84426
2.15346
2.1854
2.12409
2.18779
1.45567
1.43252
2.17836
1.82737
1.8576
1.48031
2.14678
2.29085
2.10754
2.24914
1.66878
1.5552
1.27134
1.49086
2.01864
2.34123
1.91225
1.35855
1.59072
1.96332
1.81105
2.15967
2.27533
2.41414
1.36935
1.87483
2.32594
2.11602
1.19195
1.55048
2.44584
1.99561
2.19316
2.17683
2.42741
1.54309
1.27638
1.45938
1.42737
1.54694
2.42281
2.03378
1.72051
2.13217
2.00172
2.35947
2.31717
1.64112
1.41994
2.27212
2.07459
2.44733
2.28163
1.95364
2.44378
2.1977
2.43237
1.92902
1.62331
1.79715
2.0097
2.37235
1.45607
1.28746
2.45196
2.27
2.12369
1.97305
2.10268
1.9432
1.50406
2.34416
1.74355
1.82741
1.56848
2.00528
2.31074
2.26665
2.13212
1.00148
1.49549
2.28317
1.93325
2.43212
1.97072
1.51257
1.67324
2.04726
1.88501
1.65296
1.93495
1.55436
1.83498
2.40505
1.65591
2.17889
2.00222
1.84167
2.40935
1.98937
2.0889
1.77785
2.14265
1.94001
1.4024
2.26615
2.32912
2.14551
2.06125
1.96139
2.09547
1.85188
2.29944
2.20525
2.33072
2.37153
2.35652
2.3363
1.96175
2.18308
1.39206
2.15266
2.32557
1.00683
2.22927
1.60469
1.87423
2.23689
1.96019
1.90192
1.12879
2.30155
2.42552
2.41088
1.93421
2.39374
2.47751
1.39116
2.43549
1.91526
2.38592
2.05564
2.3979
2.46708
1.24436
2.29497
2.40439
2.20341
1.65495
2.41295
2.11779
1.26518
1.48781
2.35637
2.10137
1.23792
1.61894
1.81669
1.78854
1.21295
2.11133
2.15141
2.3859
1.86015
1.48942
2.02064
1.64386
2.32614
2.01215
1.21859
1.99057
2.01505
1.94814
2.37537
1.69607
1.86712
1.48549
2.40391
2.20287
2.03187
1.29087
2.02282
2.34306
2.38907
1.84277
2.4221
1.43918
1.81168
2.02839
1.95979
2.18525
1.72303
1.96693
2.32847
2.27415
1.80945
1.51662
2.15632
2.03669
1.64813
2.05252
2.01503
1.88482
2.44443
2.35426
1.96972
1.61281
1.99585
2.14409
1.92771
2.28375
2.27194
2.38232
2.19434
2.20904
2.21575
2.41287
2.30931
2.42914
1.5375
2.32843
2.32612
2.16426
2.34337
1.65219
2.26291
2.17345
2.42521
1.77992
1.23676
1.62462
1.06666
1.53859
1.80431
1.71756
2.0668
2.23008
2.15419
1.95014
2.00101
1.07882
1.58783
1.36502
1.9195
2.32066
2.13585
1.41924
2.41973
1.94635
1.67685
1.5861
2.34303
2.29417
1.89732
1.44896
1.94672
1.87634
2.2471
2.12708
1.93549
1.66301
1.53779
1.73474
2.15105
2.27023
2.25516
1.57951
1.97179
2.4237
1.71288
2.25414
1.21551
1.42735
1.66831
2.22127
0.963291
1.88692
2.26507
2.14514
2.06902
2.23718
1.58404
2.28574
2.40685
1.90603
1.73034
1.91722
1.87243
1.92274
2.04803
2.12565
1.36869
2.17884
2.18351
2.23282
2.27383
2.22011
2.36789
2.18803
1.61936
2.32067
2.10691
1.63376
1.82865
0.904211
2.24563
1.36992
1.41565
1.91263
2.09664
2.19284
1.64274
1.58917
2.11543
2.29677
1.79174
1.86805
1.92968
1.66205
1.5331
1.42688
1.84529
1.78007
2.11986
1.13566
2.44753
2.27311
2.2049
1.33654
1.51703
1.50325
1.81483
1.75167
1.82335
2.08386
2.32876
2.28404
2.15826
1.89286
1.46749
1.83987
1.91808
2.10566
2.3969
2.40806
2.27694
1.878
2.03531
2.41128
2.003
1.83528
2.40214
2.35638
2.28377
1.0635
2.45135
2.23896
2.32417
1.50301
2.31867
2.26952
2.32773
1.51507
1.64935
1.58621
2.45949
1.93643
2.31266
2.39462
2.10492
1.34916
1.72741
1.83655
1.91147
2.45936
2.42691
1.6225
1.97429
1.91203
2.32167
2.15535
1.47285
1.92072
2.39034
2.34511
1.84832
2.16856
1.97962
1.81308
2.08494
2.31696
1.83286
2.19221
2.35234
2.45268
1.68985
1.00015
2.3617
2.36714
1.77839
1.6467
1.09717
2.08678
2.43518
1.46165
2.20186
1.44068
1.96702
1.48634
1.82986
1.82317
1.16105
1.29578
2.13755
2.0694
1.69753
2.43528
1.67954
1.92729
1.78615
2.33602
2.45202
1.31231
1.1315
1.9986
1.67432
1.76946
1.18394
2.04728
2.24084
2.14958
2.13106
1.90715
2.38223
1.07926
1.98551
2.42906
2.13393
2.13264
2.36578
2.22932
2.02845
2.178
2.33917
1.99448
1.56718
2.36299
2.25318
2.40295
1.05437
2.26964
1.9665
1.99956
2.31554
1.9296
2.09773
1.73157
2.34608
2.04614
1.46937
1.66255
2.05598
2.09126
2.03035
2.42696
1.98684
0.967385
2.39815
1.96895
2.03192
2.00747
2.02268
1.69524
1.34339
2.20532
1.60628
2.4472
2.40455
1.54633
1.70271
1.84391
1.64384
1.81294
1.75225
2.08005
2.21897
1.23195
1.98816
2.38755
2.05211
1.36599
2.01067
2.24964
1.48048
1.87276
1.97094
2.17675
1.16122
1.18036
2.29513
1.63174
1.51457
2.14561
2.33479
2.10506
2.09195
1.03151
1.31845
1.9155
1.93743
2.42298
1.80594
2.28415
1.53971
1.51768
1.68272
2.40778
2.33671
1.62166
2.30777
1.65282
1.81341
1.8671
2.02252
2.32582
2.21315
2.20791
1.89499
2.435
2.12727
1.36403
2.35943
1.62799
1.85151
1.47954
2.37199
2.22181
1.18528
2.4435
2.34875
1.7562
1.66411
1.58948
2.32
2.40077
2.18744
1.27149
2.06533
2.33814
2.05367
1.97446
2.19598
2.27831
2.13278
1.23485
2.07598
2.1783
1.19312
2.16925
2.3328
2.01408
2.26546
1.60124
2.00891
1.96255
2.3401
1.56335
2.0439
2.05898
1.43995
2.34925
2.20545
2.08439
1.79809
2.43567
2.01266
1.09167
1.2759
1.76022
2.02806
2.26328
2.37747
2.20907
2.4483
2.28229
2.19467
2.0563
0.821406
1.28496
2.21497
1.59817
1.66596
1.5092
1.71192
2.2932
2.38345
1.50032
2.3913
1.25521
2.05688
1.40698
1.21895
2.15557
2.33656
2.31113
2.13603
2.01029
2.26683
2.42518
2.21043
0.967477
2.2097
2.24074
2.07624
2.2168
2.33492
1.63412
1.10785
2.42374
2.21653
1.01921
2.16154
1.82452
2.35015
1.66585
2.2013
2.43162
2.36363
1.46373
2.28139
2.34504
2.39785
2.3596
1.88273
2.37566
1.93628
2.16791
2.40982
1.63108
2.36758
1.99481
2.35297
2.2933
2.235
2.361
1.25683
2.20545
2.38913
2.2408
2.26706
1.98421
2.13447
2.17429
2.26385
1.90213
2.42216
2.05403
1.51013
1.4498
2.38681
2.05994
1.60195
2.15299
1.25977
2.0064
2.34938
2.35457
2.14416
2.35026
2.21479
1.68146
1.86524
1.85546
1.66245
2.3545
1.52349
1.5118
1.45962
1.0876
1.82614
2.41527
2.1749
2.35757
2.09968
1.03952
2.26203
2.41102
1.27008
1.46368
2.38063
2.21049
2.40983
2.10853
2.33888
1.87186
2.26
1.92023
2.3645
2.08394
2.2777
1.82606
2.45059
1.71785
2.44696
2.19759
1.92681
1.95126
1.52254
1.72224
2.22836
2.38253
2.42996
1.8973
1.85725
2.24726
1.93842
1.55126
2.31825
1.82128
2.28841
1.82854
2.30036
2.22749
1.23223
2.40421
1.57252
1.37976
2.26406
2.26623
2.25574
2.24183
1.02252
2.11024
2.18433
1.63123
1.25272
2.39351
2.01533
1.88667
2.34313
1.57992
1.42112
2.29342
2.13648
2.35774
2.28712
1.66292
1.99601
2.05197
1.06371
2.43505
1.30525
2.04525
2.42309
1.15727
1.41526
2.11594
2.43387
2.28365
2.02295
1.29196
1.51837
1.96238
2.32602
2.20941
1.88564
1.73238
1.73556
1.32865
1.81992
1.74654
1.78579
1.85925
1.83141
1.50939
2.10898
2.31548
2.30173
1.5282
2.37999
2.19185
1.3005
2.15322
1.74856
2.13878
2.12454
1.9441
1.30762
2.37377
1.49973
2.45512
2.22571
2.01752
2.13595
2.19194
2.03357
1.73961
1.91521
2.34833
2.34085
2.4108
2.33231
2.17059
2.2691
2.02389
2.43995
2.26367
1.23996
2.30317
1.55832
1.17429
1.42168
2.00098
1.8021
2.36336
1.40215
1.7733
2.36794
1.37801
1.84789
1.21799
2.37838
2.34028
2.17429
2.05132
2.13482
2.26842
1.77409
2.4475
1.98941
2.12411
1.82533
1.71267
2.31924
2.35304
2.26331
2.1109
2.0898
2.08454
1.92628
2.00908
1.62921
1.52716
1.87185
2.23538
1.70338
1.61035
1.11603
1.95553
1.86383
2.10183
2.44249
2.07416
2.15764
0.992406
1.82921
2.20218
1.17578
2.30177
2.38342
1.47262
2.18145
2.19338
1.40955
1.84558
1.6746
1.87456
1.78826
2.21954
2.22706
2.06033
2.4297
1.75718
1.48842
2.15209
1.76965
1.94878
1.62615
2.11939
2.34655
2.21535
2.30072
2.29328
1.3243
2.05035
1.50202
2.46016
2.17166
2.12221
2.32789
1.91848
1.87051
2.42026
2.02164
2.02066
2.42086
1.24324
2.05633
1.80776
2.03051
1.98679
1.99736
2.24258
1.96309
2.28336
1.17318
2.01255
2.23849
2.23791
2.2233
1.15865
2.18232
0.975396
1.35074
2.29658
2.05797
0.927506
1.24183
2.01318
2.36966
2.00698
2.4487
2.27277
2.2288
1.794
2.04781
2.25309
1.64928
2.1798
2.20536
2.03324
1.38155
2.19572
2.44518
1.22237
2.03095
1.95886
1.96104
2.22871
2.28132
1.77716
1.78048
2.40675
2.15219
2.22793
1.85884
1.62246
2.44129
1.3135
2.31896
2.25272
1.89334
2.14058
1.83413
2.36739
2.16258
2.20654
1.75333
1.93837
1.69885
1.99628
1.38991
1.74786
2.04292
2.32726
2.41612
2.14152
1.35044
2.26672
1.93206
1.75196
2.23674
1.4177
2.31326
2.4573
2.3102
1.73506
2.34583
2.07127
2.31275
2.02363
1.39189
2.38644
2.04831
1.49498
2.40707
1.38795
1.9007
1.78984
2.20083
1.96667
2.0497
2.40785
1.86497
2.20981
2.43062
1.16919
1.87137
1.75347
2.27497
1.53452
1.25884
2.37064
2.222
1.76701
1.77196
1.87888
2.35727
1.12497
1.72472
2.23329
1.30065
1.16664
1.32977
2.34109
1.80061
2.2329
2.04996
1.29007
2.3718
1.80136
2.2206
2.46887
2.45241
2.08003
1.37547
2.41441
1.89096
1.74085
2.01964
1.73231
2.04042
1.97515
2.09656
1.50576
1.69558
1.30667
2.0621
1.98415
1.7192
2.4319
1.74917
2.2439
1.83016
1.83235
1.57099
2.26338
2.40772
2.25981
2.44669
1.23126
2.39828
2.35916
2.06138
2.14717
2.4262
2.11716
2.12838
2.3286
2.4508
1.27367
2.37029
1.65008
1.89167
0.995726
2.31142
2.41403
2.30836
1.68519
2.12665
2.11883
1.7675
1.75203
2.16155
2.12622
1.63177
2.12442
1.94092
2.01558
2.09146
1.97029
2.19838
2.40942
2.19719
1.71124
1.83058
1.94734
1.49895
1.91184
1.37377
2.22867
1.63296
1.94283
1.94544
2.22756
1.52458
1.98626
2.38449
1.90068
2.22578
1.90124
2.11577
2.33719
2.00875
2.35262
1.69154
2.11456
2.33241
2.39345
1.8501
1.94174
1.8922
2.0563
1.53583
1.98896
2.39692
2.02685
2.1967
2.33916
2.11755
1.8127
2.02957
2.28554
2.3365
2.14911
2.46122
2.08562
1.10952
2.27106
1.61557
2.12693
2.29888
2.1494
1.83278
2.28536
2.00678
1.7764
2.14797
2.15142
1.26755
1.82326
1.04474
2.03525
2.30169
1.54798
2.19013
2.27934
2.00521
2.36729
2.32144
0.988438
2.07471
1.59502
2.26405
2.05589
2.03003
2.4469
1.31926
1.30739
1.12377
2.26852
2.12056
2.18707
1.72986
2.04684
1.86309
1.09058
1.61981
2.20182
2.06578
2.31244
2.10931
1.56542
2.42984
1.97317
2.09293
1.73553
1.87926
