9.85059
9.90212
7.2234
11.1594
12.3307
10.0247
13.4887
7.61914
8.80181
7.51344
10.5128
9.22636
11.8649
10.5558
7.40293
12.6883
10.6142
13.7016
6.00924
7.95272
11.7171
9.37822
12.5219
7.15051
9.53848
10.3918
9.36184
10.1027
11.6118
9.4511
6.08267
10.0234
9.2713
5.13231
9.26995
12.0353
14.4494
6.91595
10.1502
8.60991
10.3008
9.57343
9.29499
9.60711
11.5414
14.2532
13.3038
10.0116
12.0424
10.8555
11.181
7.11754
10.366
10.1305
9.2261
11.7204
10.8413
12.9907
10.5837
12.1911
13.6777
9.44348
10.8679
9.32493
7.09209
10.1249
10.7022
9.81035
10.013
9.66007
10.2033
8.46511
10.9997
12.8448
9.62624
12.0614
9.37122
7.49886
11.4589
12.1245
8.1039
10.5457
9.9219
11.4691
14.0429
9.81116
4.69463
8.93481
8.304
12.5347
11.66
8.1034
6.45972
10.8086
10.2034
12.074
10.1496
10.4024
13.3782
8.82193
10.7457
10.3686
8.0975
6.34444
9.92935
10.223
6.54079
10.347
7.03337
9.97129
9.90186
9.9279
13.4496
10.7815
11.0594
12.256
10.7752
11.7781
9.286
10.7749
11.2151
10.6629
9.76783
9.77197
11.1063
8.49048
7.14933
8.44662
12.8371
9.4003
11.0528
10.5427
12.5075
6.61942
12.1886
11.3513
12.7716
11.7863
11.1918
10.2836
10.0792
14.4519
10.7491
10.1012
13.626
8.0223
15.0244
9.57651
12.824
9.15995
5.4091
9.95526
10.7831
8.93124
9.32807
7.43906
11.055
11.6146
11.8704
9.59989
12.0194
8.25635
8.74907
9.28908
10.4009
10.6744
9.92539
9.6959
12.5618
13.0582
10.3599
10.1958
11.315
12.2948
11.7516
9.41206
10.182
10.5977
8.81305
8.2848
8.95015
10.6786
6.78887
14.0545
9.5974
10.3908
10.3753
11.2986
8.35017
5.60957
9.86482
11.3722
10.0256
10.8465
10.5421
9.57063
10.4482
6.93912
9.8403
9.52678
12.9979
9.65548
7.44885
13.7304
9.01203
7.84927
6.57884
10.5911
8.99493
6.56491
11.4713
8.09038
12.8836
5.26058
12.5704
5.09904
9.54196
9.60407
7.14343
11.263
12.0419
10.5378
13.7402
10.101
8.8357
8.14357
11.3465
12.0265
9.68199
8.75171
7.82056
6.0567
11.9139
11.6676
8.40738
7.6875
10.3658
9.96783
11.9363
11.3257
9.1388
13.4548
9.71642
9.60044
12.2048
9.37735
9.8645
8.94761
7.30407
7.33119
6.96663
7.65672
9.50752
11.1152
12.4968
10.5913
10.5454
11.5093
10.6844
15.1797
9.27935
8.7108
11.543
9.93997
7.08335
11.143
12.6518
8.90694
9.73067
10.3497
10.9442
8.87602
6.10546
12.4204
10.4437
9.98766
9.30078
12.0289
10.3792
13.2124
6.93354
10.6234
8.46826
12.8968
12.4995
9.28946
11.0233
7.61582
10.7884
9.40047
9.95066
10.7207
6.63352
7.90173
7.53982
7.96856
10.3963
13.0344
9.86713
10.5891
11.5832
6.04259
7.85643
10.1157
11.8637
11.5454
10.7284
11.1299
12.2256
7.84152
10.0014
8.69297
9.47881
10.0059
10.3926
10.2547
11.3442
9.97272
8.93018
11.736
10.1798
14.489
14.6506
10.3577
9.30516
9.2464
11.0991
9.66847
9.6428
11.1479
7.90445
10.7018
10.2566
8.80014
6.5288
11.9508
9.32023
9.27031
9.18595
7.45153
9.01669
6.7562
9.10621
12.7569
10.0122
12.2008
8.4288
9.31304
10.1767
10.0999
13.2675
10.1229
10.8132
9.3975
12.1906
6.16411
11.1678
7.08866
13.3664
6.83898
13.1073
8.29379
7.95673
10.4254
11.2657
6.68746
11.0455
12.1469
8.15619
7.71229
8.72759
6.87376
8.27477
11.6912
11.5891
9.31895
7.45079
9.7642
8.61142
9.51085
8.83973
8.51727
8.40827
11.6842
10.9267
5.86608
9.04661
10.9743
11.7483
10.5655
12.3536
11.0526
11.5041
11.5683
6.65602
9.10007
6.84562
10.7559
10.0794
7.05345
8.60284
11.3308
11.2101
11.0134
11.2425
10.403
11.3958
7.15085
6.76555
12.7435
11.7046
8.43333
11.5667
10.3075
9.78687
8.43504
10.0274
8.62389
10.1985
11.3599
7.80478
10.6572
8.24976
9.70242
11.5008
12.1258
10.8468
13.871
7.66402
11.6051
8.69315
9.0067
8.72192
11.7366
12.2952
8.27173
10.1522
10.4022
11.2638
8.98931
9.0817
11.434
7.77666
10.7425
9.69409
12.9257
9.39307
10.5069
8.94433
12.6364
8.13098
11.1338
11.4867
10.3302
11.046
8.82923
7.35587
8.33301
6.03851
9.59965
13.7202
9.1561
13.7288
8.13742
12.638
10.7803
11.003
12.8272
14.4811
10.5395
8.30674
12.9076
10.2065
13.9101
9.39091
8.45182
11.6941
11.4527
6.93498
11.6704
7.15161
7.28529
9.6592
11.1798
9.49438
13.9061
6.77874
9.97967
8.96934
8.76067
10.5623
8.24011
9.39477
7.9023
8.61844
7.88976
8.05341
9.96655
5.7035
12.1053
10.6446
11.3212
11.2448
10.811
8.9981
11.3715
10.2516
7.27475
8.44142
9.47613
11.2116
8.88545
11.958
9.37158
12.0071
13.589
10.9492
10.4007
12.1837
10.0942
8.87328
9.33281
9.01409
9.54976
11.7059
11.0423
12.0299
6.75076
9.12134
6.44971
9.97884
12.8943
9.76432
9.91519
10.7354
10.1876
10.9751
12.8647
10.3683
10.1877
12.1767
9.52382
11.7855
13.7628
12.9932
12.2435
11.3578
14.0142
10.5974
13.5181
10.9155
10.1229
6.80387
4.73004
9.00187
11.1932
11.3208
9.35941
12.4336
10.8807
9.38118
10.822
10.5333
12.2325
11.7058
12.7817
7.74836
7.74832
8.80439
12.575
10.0253
11.4514
9.93049
8.00177
10.0125
8.62017
11.9781
7.95953
13.6874
9.1603
8.09869
9.04706
10.1648
9.93925
7.41791
10.2839
11.6412
6.86975
10.6357
10.025
10.0964
11.9958
10.6557
8.45824
14.163
9.89898
14.1545
9.71849
13.6546
8.37715
9.00705
10.1843
8.98014
13.8277
7.15128
6.30334
12.2209
10.4555
8.69034
8.86135
9.12828
12.1622
12.0605
10.9378
8.09465
10.6232
8.93226
9.52126
11.0234
8.8512
8.17318
11.2906
9.45846
9.23014
8.61006
11.1703
9.53273
11.3265
8.02038
10.4206
8.26933
9.68944
10.0172
9.90154
9.36323
9.75469
12.1297
9.81567
10.585
9.09406
12.2621
10.6226
13.2955
11.0517
8.41624
11.7793
14.5219
9.78788
6.07219
10.5928
9.91989
8.29248
9.56926
7.82656
10.603
11.3416
11.4403
9.22802
11.168
8.27398
11.918
11.8366
9.56512
9.27923
9.02716
13.9967
10.2759
10.7407
9.53147
10.4305
9.23959
11.2091
10.4589
7.98342
6.94753
11.9676
13.9028
14.3505
9.48976
11.0199
10.8569
14.005
9.12642
9.32124
8.55697
8.63184
13.9807
10.5584
4.36923
10.7819
11.3939
10.5507
14.1298
13.0847
8.4631
8.86366
5.60271
9.47497
9.81907
8.35211
9.90111
10.7685
9.85848
11.2491
9.15485
10.8085
13.9102
8.7316
8.73605
12.0952
10.8078
8.62822
12.9532
10.2263
11.8359
6.42006
7.21495
13.5287
8.56824
9.02415
10.3825
10.5043
6.76837
11.0703
9.83196
8.57452
10.6338
8.90604
11.3452
11.6686
10.5801
7.5881
8.15424
10.6923
7.88671
10.132
14.0383
8.78049
13.2402
11.1172
5.40554
8.55348
10.8896
11.454
10.9042
8.66416
10.7555
9.72947
10.0163
6.44126
9.7277
11.8477
10.9911
13.8209
10.3451
8.6808
7.65137
9.16932
10.4973
5.56896
8.52096
8.80495
5.90804
7.79805
10.1964
9.2212
8.96942
7.70431
8.50227
9.07211
11.5746
8.99683
10.416
10.0776
5.90751
9.30492
8.24178
9.56777
10.5126
6.96719
9.87194
14.2079
11.3869
8.59658
10.4033
10.2421
5.45312
10.3288
12.0407
14.058
11.6165
9.07003
9.46974
11.6978
10.0362
7.77788
9.20614
9.61225
11.2595
8.87015
11.4776
11.7569
10.8028
12.8597
13.4407
8.15501
9.61218
10.5591
8.1852
10.1842
8.56139
10.6815
10.12
9.38033
11.9638
10.6321
11.5564
6.78153
10.4025
10.4322
10.4055
10.8524
11.5128
11.2907
11.4235
10.0089
7.78946
9.23087
6.21417
11.9855
12.2275
9.28074
11.2268
9.1157
9.91331
9.83772
4.80341
10.8198
9.90693
8.58005
10.6455
11.0273
10.3833
12.2954
10.9162
7.57183
8.02489
8.00021
10.1908
11.6102
8.64595
11.5851
10.8128
8.76298
11.4922
8.72664
8.84761
9.1868
10.7171
8.94507
8.13324
8.25136
6.43038
9.60771
7.57384
9.41935
8.04984
10.1711
9.74293
11.934
10.083
7.6543
7.70277
11.0188
12.343
7.2127
9.12392
9.31074
10.6421
11.834
6.64103
12.2998
12.0797
11.019
12.3082
9.42682
7.19283
5.81078
8.89803
9.19256
12.1358
13.7106
5.1148
10.1326
7.68709
9.74605
9.07899
7.54296
9.87933
12.4914
10.3648
8.68308
8.35071
13.7099
8.53169
7.83056
13.3281
7.74392
11.2536
10.8133
5.9137
8.40162
7.06288
14.3348
10.5213
9.73507
11.3653
10.9536
10.327
12.602
9.92881
8.30959
13.3421
10.2341
11.2965
8.94567
13.1648
15.8288
9.57953
11.606
8.03484
13.6955
5.54398
9.11007
11.3783
7.42665
7.69434
8.0113
6.93322
7.6964
10.0804
10.2957
8.19874
10.5692
9.52829
8.5375
7.4107
11.8943
12.6883
11.7427
9.55435
9.5213
10.5825
10.2342
13.2219
9.45762
9.56898
12.4771
7.89432
13.9572
6.09003
8.58854
10.3944
12.1848
9.24069
6.32533
7.89545
11.795
8.3117
9.68719
5.88118
11.2522
9.57185
11.4849
11.4611
15.0914
11.5895
9.10013
8.0341
12.2569
13.248
9.7
11.5862
8.52486
8.3329
9.01294
8.72208
11.7683
10.4736
9.19337
10.7058
9.89662
9.78266
8.8281
9.08149
8.59945
11.0131
5.18758
8.22406
13.2404
9.17047
6.92348
7.57766
7.61689
4.9929
13.4613
10.5497
11.1579
9.02883
11.6113
12.5031
9.7827
11.4211
11.6044
15.377
11.2649
7.51592
12.4101
7.96765
8.04614
12.0418
10.119
8.78623
10.8003
11.3352
12.4134
10.0483
12.3778
9.9657
11.4575
11.3898
10.3179
9.53914
9.27578
9.57366
8.25074
11.6311
12.8673
9.87355
9.29149
11.4935
10.8624
10.9398
9.98358
11.195
6.84433
9.16141
10.7273
11.7512
10.1534
11.1674
11.2846
6.8876
10.4267
7.87386
10.6455
10.0018
7.44485
10.1255
10.6048
7.16117
12.1104
9.02203
12.0477
9.9445
8.38049
8.7349
5.87976
8.93555
7.86856
8.86725
14.3439
6.69542
10.7304
12.4165
11.2545
11.1331
7.93804
9.41652
12.7184
9.55341
9.31742
11.2098
12.1665
14.0858
11.8243
11.0561
9.79351
8.58623
14.7047
10.1792
9.23737
6.29167
14.1649
8.06884
7.71313
11.4005
11.5399
9.88478
9.22028
9.2957
9.26885
6.67507
6.98072
8.53952
7.14426
8.51603
9.04652
11.0579
9.73789
9.19647
11.8694
11.7775
9.33213
10.6961
9.84074
14.0961
9.42998
11.0779
11.7759
10.7091
7.12494
10.8034
8.01381
10.467
11.641
7.93555
6.29486
8.34906
8.63435
8.15843
13.5283
8.89622
8.39838
6.41601
7.35637
8.05599
8.94368
9.71023
12.5029
6.49126
7.78444
9.8318
9.39105
8.39424
11.3623
9.8907
9.00986
10.0684
12.4416
10.0402
7.14503
12.1194
9.96448
10.4026
12.0551
10.9119
15.8022
11.4209
10.3347
8.51465
12.3408
10.1223
11.7724
8.63733
10.0285
10.0055
11.9113
14.2404
9.93503
5.98964
8.26117
8.61994
8.28065
8.53289
9.91318
8.42611
5.76515
8.40932
7.36286
13.1084
9.01124
11.9181
6.319
7.24496
7.83778
10.5173
9.81186
11.7078
8.72369
8.03576
10.7649
8.79383
8.03137
10.9789
10.8196
10.8969
7.48065
11.8563
11.4252
11.394
11.9756
8.14883
9.2031
11.6245
11.0079
11.6629
12.4682
9.94086
11.413
12.0173
13.2296
8.78438
8.2814
10.1278
6.56019
11.5357
9.94029
10.5329
12.9307
8.49911
9.60617
11.0095
9.04475
10.7079
6.55412
9.16646
11.0004
9.49104
8.24689
11.0369
8.72723
12.4807
10.1413
11.9808
9.2202
13.451
14.0577
12.2435
9.38142
9.0471
10.1775
10.0672
9.22377
11.88
9.7244
10.0436
10.1194
10.081
8.74197
6.95938
9.55337
9.21514
12.1084
8.63714
6.97526
11.5586
13.7778
5.63626
6.38722
10.5233
8.59937
12.1434
9.54165
9.4546
13.2878
6.18319
7.1145
11.1666
12.0482
10.3131
8.61246
8.87307
10.0266
7.75089
8.17563
7.26816
9.93112
10.6477
12.5767
8.45528
9.79071
10.3498
5.68199
10.5262
8.8221
9.26645
7.61632
11.2699
10.5852
7.4377
9.05665
10.1021
11.0932
14.1679
9.26559
9.02685
9.192
12.8407
12.1498
10.1557
10.1916
10.5939
7.67452
7.17584
10.647
9.35565
7.57951
8.4836
8.5085
10.2571
11.7048
10.8534
6.70451
7.48492
11.325
9.79485
13.3551
12.4673
12.6865
9.06651
11.0065
9.71303
8.63063
12.1448
12.4204
7.42417
11.8678
10.1627
13.823
9.24051
12.6547
7.48581
6.59902
12.2343
10.5278
11.2692
9.42797
8.23737
12.3995
9.55624
13.1622
10.1249
10.5906
8.41639
7.62665
10.0942
6.98384
8.92142
11.9468
10.2829
10.0952
12.0969
11.3612
11.4667
9.25139
7.5625
9.13088
11.0887
13.9218
11.9689
5.76807
9.13498
9.80914
10
10.4177
5.24866
11.0373
11.1284
6.46171
7.35891
9.54719
12.001
10.9588
7.90247
10.0646
6.76448
11.8873
10.6341
9.91148
8.9234
12.4758
8.05188
11.5556
9.67453
9.48118
11.4645
11.9149
9.63563
8.71807
7.92825
8.26456
10.0534
10.0011
13.1108
8.80356
11.9114
11.4853
12.4461
10.6665
11.8225
11.5851
11.826
13.0626
10.5499
9.61725
8.51378
8.2262
12.2508
11.3665
9.43444
10.7728
10.8711
6.36518
7.6719
11.7898
10.917
6.46133
11.4282
9.02821
11.4727
8.05235
8.10844
9.41933
9.48893
8.16077
10.4638
10.561
7.98813
10.696
10.8737
8.35847
10.8562
6.65692
9.02597
7.65389
8.2
7.72072
11.9492
13.6463
10.9234
9.86352
11.2988
12.7413
11.4173
10.621
6.89615
8.20581
12.3933
9.62591
6.6956
10.515
9.96994
10.5243
11.3154
9.46257
7.58856
9.15639
11.8172
12.0046
10.263
11.9028
9.96543
7.07819
10.0397
14.8829
12.5072
10.1842
12.5469
7.30368
9.27651
9.06316
12.4387
10.553
8.36489
9.35748
12.0626
10.578
10.6448
9.06682
11.1347
10.3918
10.9053
6.9515
11.2555
7.96497
7.79215
9.67128
15.0301
9.91407
9.61831
7.15588
9.86444
9.7036
13.2837
7.4329
12.3158
10.0573
11.691
11.4085
11.2928
10.7835
8.91434
9.452
14.4568
10.4918
9.06841
11.2054
10.9119
9.34838
11.4562
8.2499
7.93869
11.8467
8.50707
8.11476
11.2317
11.6237
11.6391
9.35031
10.4185
13.7066
8.90716
10.8443
10.2963
6.06184
8.44353
7.8616
11.2768
8.62604
9.24963
11.1073
10.7022
9.07784
12.3529
15.1259
11.5503
11.7206
9.45203
8.42409
11.636
7.6445
15.3397
6.67977
6.79343
11.822
10.0399
11.5899
5.10112
10.2338
8.32725
11.9345
10.9974
12.6646
8.83677
9.32595
11.396
9.98332
9.76048
7.32326
6.203
11.3353
7.5237
11.8561
11.8198
10.6473
11.1077
7.29775
6.52759
9.72141
10.7151
10.0151
9.56645
12.6396
9.64928
13.0989
8.59675
11.7741
6.56982
10.7973
8.87447
10.7391
11.9251
8.74605
7.6115
10.3097
11.2213
12.2332
10.5958
12.8691
10.6803
6.70638
9.60307
9.77322
11.7447
7.88462
9.87617
7.15182
10.2976
9.30848
5.95921
7.36551
7.61157
13.4779
8.84688
14.5794
6.66666
10.515
8.83727
11.9268
10.4043
10.6819
12.8523
10.82
11.1915
8.72787
11.4126
11.0439
9.20296
10.931
10.1227
12.3311
8.73676
8.28938
11.2118
10.9776
9.99393
9.13714
7.52889
10.5345
9.13484
7.37899
12.572
10.8298
10.5206
9.88086
10.4137
10.3081
13.4662
8.77096
7.87841
9.32232
8.01461
7.56508
12.6154
14.081
11.4778
10.6353
8.84162
4.78207
11.1353
11.4328
10.6436
9.04419
7.90549
7.47992
10.3512
15.1404
10.109
6.4616
9.14724
9.56013
9.05028
11.5153
9.76965
4.95096
12.3981
7.87858
8.33231
4.09109
10.0527
9.5861
6.28599
8.40141
10.2271
8.7682
11.0757
10.2749
8.08153
7.80793
8.41616
7.4021
9.09975
7.48402
10.8755
6.77893
10.9727
11.1731
13.3897
11.0702
10.6129
7.63624
10.9332
9.5656
10.6253
9.58565
6.60869
5.42762
9.03968
8.20382
12.6739
9.29426
8.72216
10.2768
10.4711
8.35115
9.69644
8.33003
9.13873
11.1191
10.456
11.7526
6.9747
10.0404
8.04241
11.3367
9.3086
12.1534
8.00051
12.2024
10.0996
11.9307
12.1549
11.0041
13.3918
8.97087
10.4751
8.05842
9.05542
14.2231
4.47588
8.54114
9.65407
9.41628
9.36166
13.1228
10.4002
7.34682
11.8588
10.5423
11.5249
10.9607
9.59985
8.0044
8.6591
11.1901
9.52767
11.5926
11.2144
10.0588
6.51379
10.6758
10.4406
11.8713
12.3734
12.1247
10.7835
6.94212
9.0721
11.9478
10.5881
11.0797
6.57464
12.8836
9.40154
10.0513
9.68651
8.13103
9.01698
7.2283
8.29559
7.96519
9.01249
9.72778
9.08
10.1538
9.52441
8.03415
5.08067
10.8876
9.47235
10.3306
11.2786
8.53785
9.76721
12.8838
6.14116
9.8327
6.89648
12.2686
8.20854
7.42642
7.20465
11.5113
13.0312
9.62338
8.08757
11.7025
9.67775
8.95278
11.8515
9.21271
10.8686
12.0977
9.06027
7.23228
12.4303
9.62982
9.13899
8.10005
8.37094
9.30148
10.3583
9.13779
9.2236
9.96907
8.9397
9.82965
7.11243
9.37456
5.92073
11.4535
14.627
12.0774
10.1296
9.93008
8.59462
12.8163
8.8523
7.88385
8.79504
7.49995
9.31938
10.0144
13.1271
9.87479
10.7962
10.8237
7.72123
8.25182
8.59696
9.84502
10.9059
9.06172
8.85131
7.58849
13.0352
10.685
6.81802
10.9602
12.2762
9.11453
8.34094
10.1984
9.59877
9.73338
10.2147
6.02416
8.8104
8.49029
12.4818
10.2718
10.5438
8.27831
10.8352
11.1926
12.9493
11.5661
10.529
10.4288
12.4855
9.54589
11.0616
8.20805
8.69048
9.88457
13.2681
9.72046
9.43228
11.8698
11.2542
9.38921
8.66901
7.46498
8.88733
12.4397
8.11906
12.409
13.3386
12.3611
14.9111
9.68851
13.1108
10.0738
11.1523
6.73753
11.8034
8.36821
6.793
7.94607
13.2989
12.8135
9.3904
10.2907
8.36056
6.91374
12.4962
11.2263
11.8241
12.1899
7.96955
9.30309
12.5467
6.92899
8.66305
8.71927
10.227
10.2075
8.97331
11.1321
8.65012
10.6299
10.5653
10.6541
10.0685
8.1408
8.13533
10.3024
12.886
10.8299
8.3281
9.93196
8.35409
8.61541
7.76178
8.05028
7.59844
8.68326
11.3218
8.13799
8.12305
9.05673
13.4293
10.5088
10.5857
9.22972
11.6345
8.41121
10.0153
11.0976
9.82582
12.6198
8.86958
9.21862
8.58875
11.6805
13.8863
12.3828
9.17613
10.3136
8.95027
9.11212
8.43923
10.5455
10.5697
12.8048
7.771
13.082
7.92116
6.55722
12.537
11.9716
11.4559
9.60394
10.0946
7.37576
13.1889
11.5346
11.2056
7.85265
10.3121
11.1006
10.6524
10.7511
9.65441
8.22263
4.19983
13.2802
8.61565
7.40445
10.1855
9.88397
11.6451
11.9959
12.5422
10.0955
9.41231
7.30789
8.71886
10.1912
9.74291
6.75795
11.0181
11.0995
8.84416
8.18476
10.0826
8.95049
11.091
6.22681
10.5498
11.6249
6.96731
6.18118
7.11832
9.56038
11.6548
8.71001
9.79535
10.6259
10.2649
6.83676
9.94126
8.83904
7.09234
8.33087
12.1368
9.78316
12.5781
11.2831
11.0629
10.4673
8.75647
10.4073
8.54586
7.26061
7.29529
10.4202
10.4605
9.12543
11.5941
10.439
8.49009
11.392
8.26273
12.113
12.2396
9.51929
10.1059
11.5115
11.0014
11.0728
8.31566
10.429
10.3351
8.30617
7.8716
11.1414
8.41057
8.7794
9.32903
9.47098
10.6216
8.1406
12.9976
11.0436
11.1658
7.62755
11.2276
9.56635
10.6868
7.77367
7.03626
11.4552
9.21314
12.1948
9.18512
8.54568
10.2255
9.33166
10.7057
9.57353
11.3777
5.43819
10.3305
9.91126
8.45097
7.41907
14.3976
10.0639
6.43387
9.34178
11.6018
13.3532
10.2958
12.6234
10.3016
8.47593
12.7443
8.98383
10.8099
9.66236
10.641
9.2621
9.21361
8.65164
12.4001
9.91729
9.77793
7.59061
11.8108
10.4038
9.43856
7.58202
9.79798
7.20739
9.70286
8.59379
10.4102
13.1127
8.35058
14.3749
8.22555
11.1624
8.07674
10.012
11.99
12.5391
11.9368
11.1869
9.43033
10.3568
10.1205
7.25806
10.1159
6.79724
8.21958
13.8568
9.89951
9.78759
6.84741
9.12567
7.05023
12.2155
10.3161
8.28442
9.9327
9.28975
10.2905
8.813
10.225
11.5052
6.6771
8.87859
9.14452
13.9429
12.1816
14.5676
7.51469
12.8753
7.35811
7.43431
10.5009
9.83325
10.4041
11.25
7.90228
11.7329
7.73703
6.65615
9.44796
13.0007
11.2116
10.9578
5.66563
9.86698
9.62876
8.80394
10.0303
9.63062
9.12658
9.98472
11.8409
12.0998
12.1526
8.59792
12.6012
10.5309
8.88395
11.4099
12.7834
6.48803
7.43356
10.4822
9.92253
7.52432
9.56359
12.4486
12.2058
9.8259
7.98752
9.85177
10.8504
12.7867
10.0203
10.3433
7.6739
12.082
10.8303
9.21768
9.4159
11.1431
12.6608
8.72809
10.2757
9.73648
5.97392
9.75429
10.3745
11.5133
11.4187
7.38957
8.27141
11.0179
7.98522
6.70075
9.20632
10.9974
11.5237
13.1496
8.75668
10.1159
10.7993
6.3459
7.9774
10.2256
13.5541
13.2046
7.15935
8.9578
7.46102
10.1119
7.40672
7.98886
9.47305
12.986
7.46712
8.02841
6.49272
13.955
12.6483
8.36697
8.2866
10.6352
8.96937
11.7549
9.33141
7.66536
11.0595
9.53918
9.58028
11.5024
10.7091
8.80972
11.3492
8.49251
9.23544
7.9936
11.1549
10.8383
8.8322
6.0969
10.8641
6.05443
9.68243
12.1902
13.033
12.9222
5.24047
10.5153
7.71137
9.58816
12.9696
11.6231
6.90266
12.8226
9.70265
10.1812
10.9165
5.73159
10.9481
8.57501
12.5437
7.8371
10.8187
6.32831
7.24813
8.27967
9.35638
8.42973
13.5439
11.7352
9.18105
11.5359
8.96794
5.82786
12.4587
9.80316
7.97567
9.21437
10.7428
11.5048
10.1495
12.3454
12.6861
12.2736
9.67519
8.18171
10.7343
9.84782
8.19406
13.023
12.8419
9.56556
10.1224
9.26438
5.06788
10.2434
10.9947
10.9218
12.6932
8.65149
9.36743
9.59116
11.64
7.30372
11.2062
9.1416
9.50625
12.3895
13.0699
11.3766
9.7262
7.63079
8.34599
6.24713
10.8649
9.85095
11.589
10.5098
9.09644
13.3598
8.10176
9.11783
8.19774
12.7861
8.46689
10.3765
10.8466
9.52344
10.2674
11.1871
9.01333
11.2159
12.2629
9.72202
9.10762
9.71217
9.02039
8.32526
10.4252
8.03717
9.80929
8.0349
13.2985
8.58242
10.5531
8.79316
8.63976
8.90628
8.45485
11.7465
10.0999
10.723
9.42551
11.154
12.5751
11.8767
10.6126
8.93983
6.6311
9.41333
10.6512
8.12571
12.4488
9.25109
9.59953
11.6512
9.26689
12.8986
8.82385
10.637
10.4941
8.88381
10.7084
10.9728
11.0278
11.9883
13.1444
9.19367
10.7945
6.38023
8.94042
7.44331
11.4533
14.296
8.69314
10.2297
10.0875
13.7489
15.8278
9.96386
8.06709
6.58222
7.58557
11.6383
7.04624
8.63689
9.07531
11.1068
10.7848
12.1847
12.2529
7.4693
9.52172
9.94762
10.7969
9.8104
8.50752
10.2353
7.93013
10.1184
9.48729
7.58284
8.25266
9.47527
8.91543
10.0784
4.50481
9.54262
5.19298
12.6148
9.26298
9.6038
9.65509
11.727
8.66725
6.57412
11.7175
8.17188
10.1975
11.1913
11.977
11.4029
10.4437
14.1705
7.68299
14.2353
9.88002
10.0862
11.3221
8.9043
13.5708
8.87998
9.54181
8.83714
12.7574
8.70429
14.4752
10.5081
8.79556
11.1083
9.8379
9.40782
8.27335
9.13907
8.50604
9.33261
13.151
9.30441
9.46158
9.81391
10.6861
12.4204
10.6913
9.81405
9.75146
9.44243
6.69483
9.58491
12.8791
8.61744
12.1141
10.0248
6.96694
9.71904
13.4202
11.7601
11.3402
10.001
9.11665
10.5437
10.5673
9.22759
12.3679
8.78709
8.75596
7.29888
10.9332
10.4633
11.1415
9.76714
10.7636
10.069
8.78123
15.3163
10.1388
10.3599
8.81956
9.61984
9.21237
13.0153
9.83937
10.6953
9.82227
9.10088
10.2452
7.61517
10.674
8.8134
9.65327
9.34449
8.05262
8.90683
9.14305
10.6546
10.0244
9.08896
12.288
10.8892
8.76893
10.937
9.227
9.34548
13.3549
7.25237
9.16008
12.4289
7.55492
9.89217
12.0152
13.2082
12.7233
13.6791
8.68762
8.41692
10.3708
9.47748
9.4827
8.31855
13.2002
11.5074
11.9658
14.4542
12.9539
7.38852
13.3719
9.77805
5.80744
8.08773
10.1173
9.60249
8.24559
10.814
9.11749
13.9419
14.3865
10.6996
9.78429
8.47183
8.77537
10.1842
11.2685
11.0795
8.35524
8.21042
11.0002
10.0818
8.06876
7.80196
14.0986
6.57939
10.2915
11.7271
11.0438
8.85902
5.97264
8.34572
8.6749
8.28251
9.15403
5.30775
13.9568
11.2066
8.53991
7.99225
11.3369
8.89538
14.5749
10.4219
5.95642
8.16224
11.4985
11.0707
11.2664
10.5724
7.07559
14.073
10.7274
10.0801
9.21983
8.61336
9.99766
11.9816
9.68094
10.9755
10.4984
10.8268
9.66466
12.746
10.007
12.5391
8.57273
12.3478
10.6741
9.96336
11.3805
10.7484
10.9153
12.0191
4.55596
8.01245
13.3891
13.3653
12.8405
10.2178
12.5609
12.1877
9.7808
11.0613
10.5299
7.0924
6.86469
10.0605
10.696
8.42108
11.5376
8.1284
15.2893
7.89075
9.62703
11.2115
9.24728
13.3266
10.7655
8.23756
7.20444
12.0854
11.3139
12.2914
11.8395
12.551
8.70959
10.3593
10.189
14.2002
11.2326
10.3895
10.5044
8.77888
10.373
10.9434
11.6228
11.8401
6.97986
10.6277
8.10979
10.5383
12.9023
9.28701
12.2274
7.41272
8.92578
9.87107
8.82167
8.08689
7.98555
8.25418
10.9365
7.3816
10.334
7.08136
9.27847
6.20516
10.8184
9.01967
9.98545
11.3637
8.43223
9.1821
12.56
10.6397
9.30494
9.33462
9.84484
10.1038
8.89634
13.0111
8.9924
8.4261
9.28351
13.7061
8.93037
9.20247
11.1315
9.50799
13.5225
12.3949
9.62485
10.7962
10.9216
12.3175
8.43838
10.3629
10.4332
11.0577
11.7778
7.63848
8.60001
12.6776
11.1268
9.00278
11.8101
13.1818
12.0521
11.2314
6.84599
12.5888
11.6764
10.6133
13.3254
7.95409
6.93951
9.03304
8.50398
12.357
8.77189
10.6871
10.6726
10.7888
10.5588
9.55325
9.15834
5.31862
14.1807
11.168
7.67932
12.6126
10.6978
8.62904
9.86445
11.9119
9.69361
9.18129
9.06563
10.7039
10.6115
10.6015
7.16604
8.34615
10.3479
15.4459
8.47873
11.9665
11.3948
9.92534
14.0518
10.2985
12.7533
11.5604
12.6335
9.79161
5.90842
11.9414
8.5622
7.2846
9.79129
7.86979
5.85144
9.20798
4.69756
9.14499
6.92641
11.7873
6.29237
8.53335
13.3658
6.88172
11.2637
10.1788
6.23123
13.1282
7.21738
11.4115
9.68311
9.82911
8.10089
11.7058
11.0283
9.14773
9.80281
10.6839
9.10353
10.3721
9.74636
4.78072
9.45656
10.535
8.92021
8.62991
11.3044
7.17359
12.0879
14.0971
6.48438
11.6398
7.2387
10.1864
11.2453
10.5418
12.9598
14.4842
13.1237
9.63354
10.593
7.36299
9.69722
9.54875
10.1507
6.89915
9.54393
9.93456
7.16897
11.4187
10.593
11.8961
8.15341
7.3385
9.25447
8.6835
9.62631
13.9285
9.37753
9.93757
10.9149
12.1645
7.78743
8.0108
13.9377
9.83934
12.5276
8.79165
6.17412
10.3717
8.62596
13.3553
10.4665
10.5721
6.38974
8.39789
11.7216
10.6543
9.69651
9.85777
9.15365
7.03886
8.95249
8.43371
8.12448
8.58154
7.94455
9.93726
9.13875
8.34893
10.2098
8.32321
12.5584
6.61209
9.5866
6.93732
6.2227
7.19084
10.2743
11.3437
11.9429
8.41403
13.0531
10.4969
6.50209
12.704
10.5951
8.47102
7.48504
7.99556
12.2163
9.12934
10.2135
9.0774
12.5435
7.33969
10.222
8.27482
10.6751
9.73684
5.7192
11.5923
8.68898
11.8312
11.3
13.056
10.248
5.14796
7.43966
12.5358
11.6911
12.2766
10.5463
8.83811
11.5936
10.2026
10.111
9.0241
5.99633
9.23028
11.3411
13.5709
7.45224
9.24341
9.27119
5.86413
10.717
11.655
9.64485
8.01516
9.71116
11.3768
10.4165
8.69015
8.67406
10.2511
10.2822
4.77865
9.02783
11.1101
12.2846
8.49032
13.5326
11.8052
14.4244
11.2094
8.51159
10.7915
7.52449
11.9161
12.2613
11.4917
8.25535
8.82531
10.1229
11.8882
10.6421
10.7059
11.5225
10.6404
8.29838
6.90674
13.3035
14.4896
14.1622
7.53698
10.5328
8.44337
8.98918
10.6966
10.8871
9.60655
7.81395
8.67116
11.0521
11.2398
7.45652
9.25682
13.8819
10.2204
7.37474
7.09812
14.6045
11.8402
7.33964
11.7199
8.86228
7.77461
11.5241
11.8047
11.9694
8.62007
6.66643
11.9658
5.32405
7.3875
10.0808
10.9103
7.99728
9.32092
8.81996
10.2221
9.78446
11.5464
11.8782
13.2833
10.9188
12.3768
6.70694
7.34169
10.8149
9.50526
6.32787
9.50726
9.78008
8.35814
8.00538
7.34968
10.0258
8.60097
12.0512
11.0387
10.4937
15.8023
8.4607
9.82087
8.9926
7.39175
10.3066
11.3711
9.38349
10.2251
9.5106
9.76248
12.9543
12.2471
9.84403
9.45432
9.08056
12.213
8.75356
10.8939
9.20146
10.2574
9.18862
11.7312
9.47144
15.7804
8.50702
13.4533
10.8331
10.6505
5.83753
9.21823
10.655
8.38858
13.8782
10.0185
12.3
7.91344
10.7422
10.267
8.52088
11.5665
11.1291
10.7992
10.0429
11.6839
11.3484
10.7589
8.77213
13.2901
10.7756
8.69552
6.1363
11.918
11.3701
8.34892
8.56699
11.2508
8.01551
12.2263
9.05745
9.18219
9.50352
11.0751
11.3303
9.32671
5.32436
9.14502
7.41418
10.9863
8.68506
10.6465
9.45852
11.3753
13.125
9.92429
7.89479
8.8995
7.89099
10.7213
9.67389
11.8746
12.4477
10.5039
9.45039
7.70352
7.37892
11.6343
14.1483
6.44546
10.0751
12.1867
10.1547
10.2478
7.87392
9.63364
12.412
11.9738
11.3862
13.0264
11.126
6.48815
5.86449
10.729
9.37796
11.9439
8.04747
11.2048
7.12105
6.60599
11.9956
8.62381
8.07696
9.48439
12.7085
11.244
11.2318
9.44626
10.1816
12.3761
9.27477
11.9096
10.9738
14.4678
9.62746
8.08071
10.7942
9.73148
8.37098
9.81766
11.531
10.8085
8.18927
11.6603
8.09331
9.96385
13.057
11.981
12.705
12.7282
9.28716
14.3165
13.561
12.209
8.61232
10.9355
13.2411
14.1231
11.5707
12.5018
8.5617
10.2961
11.4935
12.7055
11.8218
11.8998
10.597
8.94499
6.54013
7.55749
11.1263
9.83874
12.4982
10.424
11.1369
8.18364
9.95796
12.9242
7.50265
10.0277
9.1011
8.61243
10.9553
13.5456
11.3187
5.60504
8.9736
9.37371
9.42319
12.3195
8.25717
10.2018
10.8376
9.86357
9.87227
10.5137
9.27051
11.5025
10.818
6.43651
10.5297
13.2637
12.2734
10.55
7.79793
9.15216
8.58657
9.94118
9.75746
10.3927
11.6581
9.89121
8.52231
8.47387
12.1385
10.9734
10.136
6.29983
13.8402
11.4506
7.14119
9.42963
10.6091
10.2333
10.2597
8.45361
9.33607
10.9474
9.85397
7.84155
7.23087
9.49182
10.2682
11.2402
8.87756
9.84094
7.53799
10.8
7.40827
7.14718
7.67776
7.57634
7.42963
11.4251
11.5648
12.2044
10.2311
7.18806
7.71004
7.60532
8.92707
8.75348
9.88961
8.59447
10.2779
8.87574
5.46218
11.2983
10.1953
9.03263
7.36231
12.5669
9.09703
10.8299
12.7371
8.18445
8.15472
7.0292
9.56322
13.0563
12.2906
11.9061
9.80406
11.8419
13.0076
8.07362
12.3465
6.94641
10.1383
11.0477
11.0291
11.7176
11.4054
10.7074
8.56753
8.92546
8.77055
11.6235
11.1041
9.26992
10.6665
8.57785
10.0261
12.0022
10.1859
7.61187
9.59944
6.13439
11.5018
10.3387
10.2941
9.29622
7.28329
4.47626
9.82926
8.38255
12.9276
10.403
10.0746
10.2504
13.7464
12.2356
8.56458
9.07241
9.74749
6.8845
9.28716
10.0705
9.63306
11.7506
9.27265
10.5699
11.5574
11.7688
7.80239
8.29619
7.48011
8.55971
11.999
5.71869
10.7367
8.31877
10.5602
9.19912
8.80642
12.9396
8.10367
9.60245
11.9539
10.4414
11.9502
6.76952
8.13403
12.6333
9.13279
6.80562
10.8785
5.86283
10.4576
7.62034
12.8916
10.2122
9.99554
8.49734
8.96331
12.5476
7.64306
5.52261
10.342
9.79854
8.14266
9.65211
7.87236
12.1692
10.6275
12.3394
10.3299
7.64104
9.63064
11.1587
7.47365
6.16932
7.37387
11.9088
13.3539
11.1714
9.32285
10.9786
11.935
9.60782
13.1791
13.6303
10.7922
10.4262
10.5425
12.6958
11.1566
9.50149
11.6416
12.7021
6.43503
9.5458
7.96637
11.6583
11.1744
5.49986
12.9251
8.31158
11.7014
10.1349
10.3711
8.6136
12.4497
11.6781
14.7838
10.58
11.9974
9.69028
15.1443
8.15491
11.726
11.8142
9.64989
6.73273
8.99555
12.3996
8.01761
7.44046
9.82832
10.3785
11.8341
9.48946
10.3812
7.71113
11.6853
11.9508
5.33069
8.58024
8.43535
7.77683
11.5579
10.9415
10.9706
13.4971
11.1345
11.2956
7.91089
9.23793
10.1868
9.90508
10.2019
6.30131
6.35893
9.45701
9.9153
7.2119
9.49209
10.4862
8.56586
12.2121
10.9665
8.04526
8.5574
9.71075
7.60441
10.1216
8.5207
9.01001
9.53515
9.44082
10.2557
11.7723
11.2463
9.56613
8.03339
9.67417
9.8027
5.99796
11.1987
6.72216
10.2352
11.7629
8.45776
7.99017
12.8876
11.4612
10.5903
10.9744
11.0617
10.1991
12.6268
10.4419
8.93631
8.01998
10.7284
8.69175
10.5776
7.30456
10.6092
9.58793
11.4047
9.63623
8.07908
9.65613
10.3053
9.5317
11.802
10.1099
5.52017
8.08305
9.58899
9.20203
5.7535
12.8182
11.3487
10.4249
9.02236
15.4939
12.3746
8.25742
8.07848
11.0133
9.20096
9.81465
11.6051
9.33941
11.9175
10.358
11.8227
8.97143
14.086
9.92496
8.32274
10.0877
6.78938
12.1466
10.4022
8.97862
9.08998
9.60979
5.44959
12.2336
9.94081
7.8365
9.60726
7.8399
12.9231
12.2334
11.1993
9.87634
8.24783
11.0448
10.8921
7.23897
8.46629
11.2346
9.02112
9.85426
10.9392
10.1648
8.34718
12.2972
12.8453
10.0618
12.0008
9.13513
10.2854
10.3086
12.6353
4.03561
10.7784
10.5195
7.03304
10.8754
7.23181
8.1359
8.98269
8.28278
8.03975
12.2796
10.7777
7.51385
6.40402
7.23712
14.0497
10.0452
12.2774
8.0626
9.63719
9.78413
10.56
12.7359
7.89979
13.5696
7.48411
12.5229
8.64617
7.99878
7.92861
9.40413
13.4228
8.12249
6.84151
8.45862
10.1458
10.5334
10.5684
9.69354
8.91492
7.56873
9.26219
10.5667
11.528
11.247
9.51768
11.5427
10.5641
7.65748
9.5185
9.64683
7.58692
10.1097
8.71838
9.14117
7.55553
6.12554
7.587
11.7182
9.08743
10.8244
7.8458
9.68559
10.9549
8.77488
10.0169
8.41674
10.5158
12.6802
11.536
11.6774
9.04067
8.53526
10.3233
8.12056
9.63509
10.8964
13.725
7.087
8.19206
9.652
11.2821
11.0885
9.45058
8.7705
7.53753
7.63226
8.10293
8.43108
8.81401
11.3454
9.94452
10.1283
11.1983
10.1571
11.0208
8.8856
9.50523
9.13854
11.6643
9.39178
10.3001
8.36958
10.7209
8.54623
12.8269
9.9743
12.1584
9.02865
10.7671
10.6884
8.35109
6.89607
7.93235
6.65422
14.4082
11.2406
8.0867
7.21813
13.356
13.3079
13.5493
11.1975
9.51943
11.4851
9.84852
8.48579
10.8476
10.5193
9.97306
8.97899
11.8974
10.2245
13.5309
13.3491
10.2414
11.9637
13.2485
10.2543
12.16
6.73214
11.7299
7.94445
12.7707
10.2676
9.00194
8.21965
10.882
11.1303
11.5659
10.7079
8.73724
10.8715
14.7853
8.64798
8.71457
10.5141
12.4984
9.48975
11.7941
13.2563
11.3225
9.05171
7.28372
7.90648
9.0798
5.38523
10.5748
10.7791
13.145
11.9808
11.2823
13.1804
8.36779
13.3818
12.1744
10.5129
10.8933
9.32576
10.1724
10.1749
9.87757
14.6276
11.1261
11.0369
12.0451
11.6995
8.5655
9.85445
11.383
6.6847
11.0347
7.68598
10.6677
9.98218
7.78846
9.71548
9.50473
12.3664
11.7622
10.5698
14.6954
7.5363
14.0279
10.1041
9.14273
8.60085
8.08806
9.77401
9.64962
9.62209
9.92597
8.88351
10.5113
10.6848
9.55965
8.81936
10.8581
12.7485
8.55726
9.23665
9.39512
14.489
7.35266
9.53841
7.73493
10.5166
10.9277
8.39235
11.9894
11.3986
12.1483
12.2431
9.32197
9.74451
5.99458
8.77988
9.23954
9.09015
9.83683
11.3366
10.8159
4.98886
12.4729
11.981
11.7934
13.8666
9.65849
8.60771
10.2001
5.37932
6.64903
7.58736
7.71367
13.1524
10.2811
8.14522
9.97128
9.56777
7.95441
12.5551
12.8097
10.2093
5.70265
5.32005
9.60452
12.6772
10.2975
9.03557
10.7849
11.8612
8.40246
9.82242
10.0747
10.499
10.1468
10.1363
9.6076
10.5306
9.59984
10.0982
12.1815
9.21818
9.61406
10.304
10.576
7.59535
8.95121
15.5853
13.3368
13.7975
9.61812
8.81624
13.9734
9.4148
15.1302
5.16872
10.2576
8.84682
11.2322
9.48056
8.94359
11.5069
9.20868
8.70606
10.4927
11.2595
7.86952
10.1322
10.2735
9.22087
14.2263
9.69338
11.0877
8.18301
8.5925
8.55332
10.3519
10.0673
12.4541
10.6317
7.07277
10.7481
10.6567
7.67835
8.24203
11.7241
11.4176
6.88624
9.06416
9.88467
7.33309
10.2257
9.05102
10.8673
10.9646
11.0166
9.26727
13.3588
11.3301
6.48037
8.76893
13.0975
6.46953
9.11378
10.1615
7.61144
9.39529
9.46437
9.97789
10.2928
9.15666
9.73517
11.9251
7.92192
9.68393
9.8312
10.3469
10.1783
7.58646
11.9252
12.6109
10.2526
10.8219
6.50221
12.1294
6.39985
11.5528
13.7873
8.45282
11.0184
12.6797
10.8263
10.6891
7.90294
8.24368
9.61105
8.83423
6.12298
9.97749
10.0974
10.556
10.3335
13.7718
10.2311
6.54854
8.92396
8.07259
12.0498
7.50356
5.2205
12.5268
9.13329
13.4589
10.7092
7.44381
9.52635
8.39718
9.32071
11.4678
9.65813
8.42198
7.4853
8.269
10.3627
10.4714
11.0914
4.3801
9.04022
10.024
12.1896
7.545
11.7859
7.61048
9.57039
9.95999
10.4328
12.3233
8.2085
9.37581
14.227
10.1269
14.2188
10.3068
8.62538
13.2515
6.8375
9.54336
6.30541
7.51327
6.9652
10.3255
10.5237
9.39668
10.9175
6.64716
7.40657
9.76094
8.57792
10.2594
11.1299
10.9349
9.05487
14.7585
8.20106
9.56034
10.4619
14.2928
10.224
9.37966
9.53062
9.09312
10.2603
12.1557
8.73447
11.1901
11.4393
9.67321
11.3751
6.81351
11.2429
9.94496
9.52687
12.2158
14.4778
9.04844
12.6441
11.2874
13.4128
8.47096
6.04404
11.8543
7.23235
5.20309
9.62832
10.2352
11.226
12.017
9.4581
10.1182
10.7826
6.35862
9.1633
12.4597
8.83439
8.99064
6.60244
5.6043
8.69964
6.08098
8.70272
10.2415
10.4313
10.5333
12.0366
8.90445
6.75396
10.2192
12.055
8.86148
9.50851
11.6126
9.99122
10.4248
12.8796
12.3112
14.0234
9.75119
9.53651
10.9398
10.6026
8.39502
10.1896
8.6746
8.18088
11.4044
9.26761
8.67667
10.643
12.4689
8.97939
12.1636
6.35028
7.5616
12.4949
12.825
8.59586
11.1058
12.0774
9.87335
7.16274
8.34022
11.4373
7.87359
10.8513
10.6709
10.803
12.5896
9.43992
12.2861
9.86818
8.56179
8.93638
12.2658
8.98267
12.2737
7.92783
11.9622
10.806
10.158
10.9162
11.5248
13.441
9.33758
12.8838
11.9916
7.43826
7.92392
8.47644
11.1631
8.63846
11.3032
10.8784
8.74138
11.4945
12.1686
10.4243
9.23697
5.81464
9.76693
11.1905
7.47046
9.05305
10.1965
11.3161
11.1551
10.0998
11.5584
10.8089
12.9531
7.61455
10.1118
11.3041
8.23858
9.63446
6.86671
11.583
7.42352
8.18501
7.75603
11.9439
11.7127
9.11853
10.9301
8.04207
11.175
8.93442
10.7224
10.1697
8.03355
7.12412
8.42248
9.41957
11.4644
9.27265
9.22519
10.3507
9.91713
9.72987
15.2728
7.51775
13.9913
9.50764
12.7842
12.8833
10.3966
11.1684
9.25166
9.60766
9.49789
10.3701
10.0881
7.99472
10.1161
11.6281
13.3866
10.0228
9.70769
6.06435
8.7343
8.99335
9.96254
7.82893
8.62455
14.5313
11.1354
10.7279
6.42963
6.79541
5.84465
7.6543
7.73452
11.7508
9.83999
7.24836
9.94103
4.35645
10.6906
10.309
8.5593
12.4532
9.93154
9.60977
7.4923
7.61884
9.22046
13.336
9.57125
15.975
10.5815
9.76409
13.1566
11.1581
10.8437
10.1434
9.62742
11.0227
5.62759
8.14577
11.3588
9.59935
10.2395
12.4915
9.24145
7.76986
10.5587
12.8148
10.0626
8.66818
13.1946
8.45186
10.7039
12.8289
10.5033
10.2771
12.4122
6.96871
11.4141
8.47702
7.6278
8.5327
8.7264
8.97691
9.84401
6.43826
11.2518
15.3226
7.19951
9.25805
9.29897
12.7974
6.48318
10.1891
14.1505
9.93564
12.4763
7.17488
8.36038
10.7126
8.95802
8.53152
13.0241
10.6511
8.64503
10.7111
9.8877
11.9613
12.2799
7.52465
9.45
9.8373
11.5375
6.92592
9.6058
10.5209
9.72323
9.45574
7.64691
9.05346
7.90593
9.84622
8.67948
11.84
6.12254
7.00008
7.3687
11.8337
12.3089
12.5717
6.37967
12.1517
8.6603
8.64942
12.1306
11.8205
5.35607
9.55403
8.3965
10.0809
11.3099
8.68047
10.0193
8.52909
10.8657
12.1253
13.4501
13.6808
12.4052
9.88365
12.3858
10.4339
9.88788
10.3665
4.10988
10.8285
13.0122
14.3895
10.8339
9.23396
9.72027
6.80064
13.6106
9.98018
7.99839
7.87035
7.96106
9.61466
11.6784
11.8639
8.4478
9.22963
9.50049
8.05177
11.808
11.2671
11.1851
10.7332
6.8156
10.3431
10.6657
7.48483
9.93079
10.6432
9.23366
13.0814
6.18343
9.31527
8.4397
11.2291
12.0792
6.75673
13.6376
7.85482
9.48013
10.0942
8.17518
10.9788
9.14684
10.2462
12.8007
8.69069
9.80179
7.45151
11.5522
10.3938
9.06278
7.60839
8.02419
9.19741
11.7015
12.5012
10.2132
8.41688
7.4936
7.32568
8.00156
8.25109
9.11749
7.47464
9.78129
10.8245
9.46594
8.99728
7.14959
7.52273
8.87055
13.2853
10.6518
9.04288
11.5874
9.703
6.49624
10.3995
7.03229
6.56496
15.263
10.7566
14.8394
12.4394
10.3922
8.15934
6.7387
9.54525
9.2026
11.0168
9.585
14.5592
9.96921
10.1149
11.7404
10.7151
8.56774
11.1258
5.18427
10.2263
11.6491
6.38622
12.9296
6.33916
11.1695
8.09233
6.70284
7.9171
10.5191
9.84173
11.6262
9.18802
7.85757
10.0142
7.88956
12.7421
12.3785
14.4078
10.2722
8.89113
13.5235
10.3186
12.2493
9.06047
10.22
12.9876
9.88723
10.19
9.64849
8.41702
8.5567
8.64318
9.1288
9.80017
4.77192
8.48659
11.4066
11.4468
11.5961
12.1782
7.60629
13.2578
7.16576
9.21306
9.65347
9.78152
11.1114
9.39292
7.20695
6.03533
10.9209
10.0541
8.52153
11.9877
13.8329
11.5597
11.0755
8.84789
11.2437
13.0623
13.4317
11.93
10.3412
10.2919
13.3744
7.8833
8.7787
8.43848
7.57587
10.6428
11.2627
8.63809
10.4842
10.4211
8.94179
12.9486
8.84098
8.8989
12.1236
11.5125
10.7741
9.54447
7.23631
12.7332
7.54957
9.31622
9.11292
9.03613
11.3313
13.0472
10.7944
4.81257
10.6941
6.7839
4.77145
10.4114
12.422
9.11097
10.5807
12.6157
9.11981
8.83986
12.5974
6.3756
9.49264
11.8705
12.7827
9.54679
8.79395
12.1083
6.82508
9.85827
10.0185
13.1828
11.7389
8.93753
14.0099
10.5994
10.414
7.45324
7.84509
7.67445
9.33317
10.5939
10.9062
9.88342
12.9743
8.75978
11.1839
12.6581
9.56973
12.5226
9.28032
10.3886
13.7705
11.5378
8.52452
13.6452
8.82232
8.36934
11.1606
10.7685
12.5158
10.2044
6.67396
10.4058
11.3462
9.78653
10.1683
12.5739
10.5606
6.57779
10.6779
11.6918
7.98467
11.1079
9.97937
10.7702
10.0769
6.05258
8.17441
13.4005
9.13316
8.7733
9.8781
12.7828
9.45782
10.0489
6.70464
10.8823
14.5933
15.2757
8.19535
9.89836
7.5218
9.44379
12.6148
11.9968
10.3174
11.2555
7.54347
11.171
9.33917
10.5048
5.67306
10.2202
7.47068
7.86117
9.26853
7.23092
11.4271
9.61941
10.0508
9.93791
7.59671
10.94
9.78647
12.0886
6.34392
11.8525
12.032
11.5494
9.6514
6.48687
11.8684
10.296
10.783
8.55903
8.4989
9.23902
13.2582
10.0242
6.96846
11.7647
11.3423
11.348
7.31351
10.1531
12.0169
15.4548
9.7685
12.9704
6.90668
7.23935
9.18717
7.058
9.8819
13.5604
8.83608
10.2148
8.94791
13.2074
14.5713
11.4063
13.7203
10.9232
7.98616
7.83848
8.69186
9.79178
10.9209
10.2284
8.9015
10.2531
11.9828
8.24293
9.94314
11.0351
10.6346
10.5128
8.31935
11.4538
8.53797
7.8632
9.78927
14.7968
9.71036
11.6237
13.9598
10.1923
6.00749
9.64401
12.5777
11.507
10.8203
11.3475
8.84101
6.93412
10.7287
11.3124
12.9894
12.2212
9.78355
7.41033
10.37
8.1626
11.9756
6.56199
9.2491
7.78534
9.81494
11.6013
9.81981
10.9244
12.3546
11.3769
13.712
6.86297
10.5822
12.1154
8.09665
12.2992
9.59465
6.80634
8.92099
9.26568
12.893
7.74782
8.075
7.00889
8.67824
10.1707
11.959
12.9316
13.3263
9.32799
11.6945
9.074
12.0308
10.62
8.71544
11.1562
11.6034
8.10666
9.61119
9.95647
10.4798
9.26314
10.6984
8.4066
9.68448
6.31025
8.82571
9.2558
10.1893
8.8381
9.73615
10.8966
10.7772
10.0689
11.7621
9.82733
12.3864
13.8474
6.10409
12.7303
10.133
9.34103
10.8751
10.7251
11.1078
12.8703
8.61705
11.0481
9.75456
10.5132
12.8915
10.2028
8.53308
8.90622
10.4467
11.7782
8.89418
11.2069
9.55534
10.0826
9.74829
11.1181
8.52959
9.29243
9.64526
12.8817
8.21726
6.44201
15.2017
8.10853
7.53378
9.92296
11.3591
5.75904
7.54367
10.3184
9.25226
9.31928
6.94495
10.4519
9.83583
10.6472
12.5852
10.2908
10.9618
9.37159
13.6916
11.0031
9.51027
12.0319
13.002
8.38113
11.7325
9.42545
8.92021
8.90985
10.1558
10.4276
8.17367
10.6072
7.476
9.37298
9.12483
11.471
11.3887
10.5232
8.24335
6.25867
7.87245
12.0586
4.65031
8.19324
9.84848
10.398
7.76668
10.7352
9.6545
8.9831
10.4845
9.07159
8.60939
11.1216
5.96685
8.72958
8.27449
10.7232
12.5385
9.15621
6.70948
10.8083
7.50471
8.16062
13.7241
7.76653
12.3695
7.77669
9.24515
6.78165
8.94238
10.2319
10.6782
11.7195
10.1445
10.0766
9.46055
13.6358
9.13967
11.9248
14.7855
7.53235
9.07123
9.62802
11.2498
9.94875
9.49668
10.1575
10.6028
5.63658
7.46167
10.3434
9.99551
10.5807
10.4568
9.04457
8.47054
12.8532
7.8722
10.654
6.8211
10.4849
9.68352
11.5547
11.5642
7.44158
11.3674
10.2218
10.4763
10.815
9.41494
10.6415
10.1435
10.6515
10.6369
12.3565
11.2804
9.48945
9.4018
9.79041
8.67577
10.4506
13.1108
14.6892
10.7446
12.3747
8.27554
5.90732
11.5223
6.32583
8.45599
5.38258
13.2575
10.3443
7.38708
9.57129
13.9146
9.30395
10.2505
10.0068
10.079
12.2403
10.168
5.83849
7.78905
10.0476
10.8863
9.86239
10.0819
11.2208
10.9838
8.05561
6.3283
7.43476
10.1832
11.2094
8.94341
15.2696
10.7527
7.96624
9.2166
10.0186
9.62936
10.9991
15.2998
7.7709
9.82983
10.3991
7.95541
12.2356
6.08448
9.87795
11.8359
8.57564
10.8025
6.88711
11.2856
8.66969
11.5832
8.17304
15.0165
10.4042
6.35369
12.6243
12.9432
9.7894
7.95106
7.49146
11.6629
7.51364
8.24282
9.98418
11.3601
7.66256
9.29816
9.06639
10.616
13.8088
9.19841
9.32479
12.3231
11.8722
9.34149
10.9993
9.75451
10.6222
14.0609
7.79958
8.28541
9.75579
8.70745
7.51123
10.3492
9.93129
9.06323
5.7092
9.56541
7.50712
12.3762
11.2212
11.4009
8.90653
8.21473
11.8249
6.85406
7.92027
11.1178
9.01505
9.51695
7.9051
11.3863
7.21155
13.2725
9.54598
12.1234
9.22966
8.9551
9.22708
9.99664
8.81835
10.608
10.2669
10.8529
11.1915
9.88725
8.26131
7.08935
11.0247
5.68879
9.68394
10.2612
9.59954
12.5045
10.1692
10.1363
11.5759
8.99234
12.7155
13.3683
14.2603
9.98645
8.20692
12.7871
12.3855
8.07573
11.2849
12.0402
9.21387
12.8456
7.71435
12.6983
11.9916
12.1672
12.2665
10.6106
8.46596
11.7743
11.146
8.44732
14.0234
10.2663
7.89373
7.79414
9.95335
13.0827
11.0726
11.5544
10.8985
9.40228
10.2045
11.2624
14.2221
11.7101
8.59577
8.02328
11.1205
8.74113
10.0463
9.94342
14.1445
10.2768
9.24485
5.63591
9.64604
10.237
8.91667
8.85355
9.17123
9.90743
10.0801
11.4614
7.17899
10.3256
6.42781
11.5056
8.05548
10.8469
5.97936
8.88804
14.4503
8.13007
10.4333
10.2383
7.76906
10.4247
11.1419
12.3439
10.7011
11.4404
9.19016
9.61375
10.3082
11.8804
10.6449
8.73354
11.9751
4.90453
10.5201
7.16944
4.34943
6.98017
14.8017
13.3686
8.64333
11.3741
10.0847
7.61474
11.9371
8.41549
13.9199
9.18625
9.10932
10.9093
9.54857
12.1991
12.9557
7.07048
8.42661
12.0191
8.84924
11.9836
14.1933
15.0775
10.112
9.55581
7.95806
7.59672
10.7981
8.62157
8.05358
7.92213
6.68232
11.5182
12.118
7.68736
7.60586
8.25242
9.68195
8.66578
11.4213
9.34672
11.4954
11.0744
9.85999
8.32207
13.0912
9.21287
9.11166
10.5315
11.3917
8.01858
8.17618
7.73785
6.02806
8.56969
8.88459
8.61417
12.2266
10.528
8.94796
9.26468
6.35186
10.2855
12.1205
10.8664
8.91769
9.44315
7.65656
9.3245
12.4609
4.97777
11.1121
5.11595
9.46367
8.73119
10.175
9.69668
10.4748
9.70878
5.61829
11.8128
8.92197
6.60093
6.54303
8.79369
9.56358
12.3188
8.58417
6.83483
10.4359
8.64191
12.943
5.13991
10.637
11.8814
11.452
11.5934
8.32788
12.4988
6.5701
10.835
13.8681
9.06617
12.0625
12.5579
7.20133
11.3916
12.2282
7.69997
14.9791
7.44659
13.197
8.03511
10.9116
9.92906
14.2774
12.7176
9.95265
12.3863
9.99383
11.525
9.34961
9.38283
11.4079
10.5
14.6777
6.36839
9.58403
12.5936
8.13083
9.16445
11.3289
9.65644
12.3717
13.5961
11.1507
12.943
9.39414
10.6264
8.068
8.13092
7.1244
10.6249
11.786
12.636
7.42856
9.45379
11.3456
9.57657
7.32402
8.91591
9.07584
8.91649
10.1116
9.49343
9.83114
8.70599
4.85301
10.4552
14.1718
10.703
12.3723
8.57048
12.5024
9.54594
9.72523
10.0475
14.442
7.53457
8.3696
7.33973
10.907
10.6843
12.1074
11.3471
8.87875
8.03517
4.92489
7.56317
10.8171
9.69487
14.5091
11.7212
11.2805
10.9141
9.3985
9.28508
11.8601
9.79923
10.1969
10.6654
7.60602
9.80473
11.0002
6.14168
9.59098
11.3682
9.50124
9.48212
11.7417
10.9317
11.6967
9.49193
9.39086
13.2763
5.75927
6.39149
8.28516
10.4683
7.53052
7.33347
6.55752
10.2258
10.1979
12.6292
11.2335
8.52639
10.1007
11.2986
10.8384
7.8767
6.56133
10.5756
10.2431
10.4998
11.3067
7.39491
8.42319
9.35597
12.8285
9.64204
9.24309
8.73688
5.64929
8.32061
8.85799
8.57446
12.1389
6.56622
8.91271
8.74389
8.50342
7.04494
8.89424
9.09592
8.74984
9.63873
11.9446
10.3966
9.22631
11.1228
10.4735
7.69269
9.2193
10.4643
11.9226
11.1229
9.3579
10.0144
11.6482
9.88208
9.16748
10.1994
10.1542
10.3163
7.44078
8.73563
11.8643
5.57639
11.1408
7.80214
7.64726
10.8199
8.0099
8.92319
9.36584
12.2718
10.5207
11.3349
10.0413
9.43393
10.5315
9.90954
11.483
12.3996
11.466
9.09755
13.9352
8.84737
10.7228
5.80793
9.49672
12.9621
12.0556
9.06942
9.08085
12.3475
10.1285
11.8478
8.16406
8.47494
11.4743
12.5473
10.8313
8.17215
11.7428
11.7327
9.43168
11.2449
11.9278
10.2325
15.7035
10.2337
9.31946
8.32292
8.58923
10.2277
12.4722
7.84959
11.9362
8.86721
9.22534
10.2571
13.3023
9.82263
7.33423
8.22124
10.343
9.99239
12.1129
8.29617
8.84412
7.77057
12.1827
9.00004
11.5707
9.7388
11.2523
10.4096
9.32953
9.22032
8.03311
8.46461
10.6211
7.15541
9.306
11.9345
5.99363
12.49
7.07065
10.1165
12.129
6.86862
10.8915
11.8065
7.45525
13.4771
9.51065
10.3924
11.1858
13.3451
11.3922
9.58533
9.74458
10.72
7.87003
9.14062
8.44384
8.23448
9.46891
8.27237
12.7371
11.0355
11.3896
10.7797
12.0881
11.5134
11.5977
10.6366
6.42055
10.4054
9.37766
8.94628
8.0221
11.4338
10.461
6.53046
8.80343
6.37458
9.73349
12.4707
11.4226
12.4001
12.1697
11.6205
6.78038
8.00257
7.56088
8.86109
6.99464
8.75578
10.6149
10.2834
8.20979
8.78339
11.6583
12.255
13.6506
10.9559
9.85131
10.5429
6.27872
13.4387
7.16108
10.9718
14.2342
11.1864
11.0536
8.8409
8.00846
11.984
9.37231
13.2767
8.32775
11.8388
7.90363
10.4062
11.2812
9.92331
8.11134
11.4058
9.25009
7.85705
10.6542
8.10719
9.5522
10.7083
9.62346
11.5113
9.52698
13.522
11.119
7.42437
10.1613
10.7269
9.61088
8.62295
10.6244
10.78
11.3367
9.41839
12.6609
10.5323
9.31291
8.85009
7.5318
10.1341
9.18006
8.55712
12.6183
9.44841
14.4754
8.20681
8.08937
10.951
9.04486
10.8294
8.12905
10.8701
9.28027
11.02
10.9544
10.0951
10.6971
10.4031
11.7337
12.7303
9.04435
12.541
10.4028
7.64134
8.92256
10.5833
8.96475
11.9179
12.4685
7.56295
10.1038
10.2941
8.81617
7.08748
7.98702
9.52293
9.55089
9.74291
8.09274
12.3009
12.6029
11.0435
12.1911
11.8223
9.16541
7.15661
10.0149
11.2689
12.6567
7.19824
9.34379
12.1536
10.3229
11.1838
7.57164
10.5724
10.964
12.0347
9.78963
8.71808
10.9667
7.14065
9.87406
11.0209
9.84404
11.1849
11.6719
12.3204
10.1481
10.7057
10.2883
14.4243
7.24304
8.02262
13.8292
9.19194
11.8368
10.2098
9.28236
12.6162
11.5726
12.0584
9.27079
9.52982
9.15239
12.6903
10.1119
9.85377
9.30663
14.0933
10.0595
10.8199
11.7742
11.8956
9.5926
10.7243
8.26425
9.65025
9.95482
13.3821
8.38147
8.91331
11.5641
11.0593
11.3078
9.77055
10.2646
8.02955
9.62557
8.23109
10.2168
6.13163
8.26542
10.8927
6.45639
8.34011
8.73683
11.4476
9.80674
12.7366
9.90404
12.85
9.43651
7.5804
13.0159
6.89221
10.6003
10.7221
10.2995
14.2249
9.45871
11.0321
10.0181
10.6537
12.5317
8.85636
10.9303
12.6459
7.30558
8.77283
10.2137
11.0551
10.9545
13.4251
10.6352
9.35022
11.0576
11.5266
8.88597
13.0139
13.3929
12.5982
9.93175
11.2155
9.1736
10.6061
11.2568
8.06334
9.42001
5.97167
12.0715
13.2595
9.60163
11.981
10.6982
9.66427
8.94199
9.04841
9.39908
9.9968
9.07068
6.62847
8.23078
11.106
9.88917
12.9993
13.4928
11.1454
11.2583
11.311
15.1022
11.405
6.32967
9.96371
8.06645
13.1729
14.0476
5.00566
10.9936
10.4171
9.10822
9.20022
9.84278
5.41352
11.9502
10.7778
8.41654
11.6972
9.0397
8.908
8.06383
9.40818
10.0903
5.24941
12.9431
7.6813
9.85611
8.80008
10.7037
10.5319
9.93469
11.4295
9.21626
8.72193
8.35521
12.2215
11.734
7.47433
11.1124
11.1021
9.19579
5.51012
9.96586
8.86757
9.20921
13.7176
12.3574
6.62079
13.4916
10.7582
8.44049
10.0041
12.1578
13.8941
9.95563
10.3493
12.1657
11.7541
10.2001
9.73086
11.5725
8.08793
9.69048
9.34985
10.1464
10.7377
7.88277
8.59321
9.59917
9.65176
6.63906
11.0494
6.92253
10.4254
10.8521
9.01612
13.8061
6.62872
12.3691
13.0378
11.6861
14.7791
10.478
10.5348
12.6571
10.929
11.4845
11.478
8.87772
8.62824
8.88313
7.52915
6.62198
9.34678
10.0871
6.69333
7.51464
11.8236
8.6328
5.46984
11.2011
6.55829
6.2437
9.27103
10.688
8.68969
11.0846
10.0016
8.74771
14.8916
8.67373
12.1532
6.98144
9.59284
10.7101
12.2183
10.4394
12.8012
12.2434
10.0783
7.44969
10.9203
10.7349
8.78245
7.49995
10.5881
8.52925
9.48038
8.35429
9.75525
11.1009
8.13808
10.4785
9.58514
10.9611
8.20003
9.9652
10.7938
10.851
11.598
10.5516
8.02641
11.6012
12.2214
5.62196
10.9841
5.76602
7.79673
6.08649
11.2101
8.33807
10.0751
10.8178
11.2822
11.6808
6.29583
8.66751
10.5854
7.22683
8.59559
12.1968
9.9376
9.82465
11.8167
12.715
9.56931
9.51558
11.4928
10.712
10.8905
12.0981
11.2512
10.9141
13.3131
10.3263
10.0753
10.4282
8.79719
8.97275
9.81006
10.6936
10.3142
11.6862
10.7362
10.4225
9.09619
7.77383
12.0251
9.47464
9.61602
8.30041
9.94315
10.2017
5.83199
7.12552
12.7209
13.5089
8.61847
9.02304
9.23955
9.66621
7.90376
12.3835
13.8502
8.21021
14.063
9.90617
12.2194
12.522
10.5264
7.08944
7.83804
10.3551
8.84719
9.77948
12.6683
12.58
10.4009
11.4123
8.6803
10.9339
10.5769
8.74832
10.6141
10.7235
10.3155
12.0523
9.95189
12.6491
8.68124
8.29012
14.0195
8.26113
9.53084
9.0254
10.2527
12.1597
9.91708
9.60548
9.97081
9.64449
11.3322
9.86141
11.6785
11.5266
12.4775
10.7081
6.85562
15.0447
7.53582
10.5466
10.2631
11.2078
7.70873
8.293
10.0342
8.68856
9.81989
7.98212
13.9701
8.95121
8.76044
10.6227
7.23408
13.4239
10.8304
9.48795
6.26751
10.6793
8.10281
9.76926
13.7314
10.7481
12.1521
12.2955
11.8207
9.63341
11.9141
9.27489
11.4434
8.22311
6.79447
8.8707
9.32514
11.8799
12.064
9.39526
8.81844
7.59742
10.0953
12.113
11.4411
10.7935
8.92116
7.87334
12.482
8.18047
9.01398
11.3754
9.79762
12.8786
13.0585
10.4443
10.2965
8.70991
10.6121
7.34713
11.3714
10.1904
12.5266
9.26703
6.25395
12.5932
6.75324
7.38476
7.76572
11.1376
10.6079
7.00743
11.2697
11.1723
8.91805
8.1294
10.0036
6.72202
11.4491
6.83241
12.7437
6.64022
12.7001
8.7998
9.18643
11.5446
8.42696
8.54416
11.3977
4.77284
9.3512
10.8284
8.55795
8.21414
9.71973
14.2488
12.4581
10.367
11.3181
11.9857
8.57407
10.6171
9.7622
10.5067
5.75105
11.0835
8.46961
10.1859
11.5812
10.5645
8.76328
10.703
9.47978
11.1289
9.92043
11.0249
10.8456
12.56
11.4462
9.13869
12.8405
9.63815
13.8715
12.5773
10.2039
11.4236
13.614
8.48212
7.14303
9.51213
9.43806
7.05615
10.5375
5.48261
6.19266
9.89885
9.56165
9.16662
11.059
15.1802
10.2751
9.54447
7.57507
7.96789
11.8665
11.8192
10.6634
6.63032
8.92516
12.5766
13.7045
7.9816
12.5372
11.3526
12.4764
7.87871
11.634
6.58538
11.7568
10.1672
5.94176
11.4465
9.34302
14.5495
10.3376
9.72331
10.2966
14.4823
8.11243
11.5642
10.7802
9.26286
8.41924
8.7455
10.2059
9.56258
10.7812
10.3319
10.6045
12.8262
9.33863
12.3823
13.7263
7.35161
9.11879
10.0327
11.9804
9.86383
9.27391
9.5998
9.00918
14.0453
10.6749
10.361
9.78037
8.96957
11.1166
12.6261
11.4413
7.65597
9.68885
8.02019
9.40926
13.7459
9.8621
10.433
9.81285
7.92275
15.1797
11.596
14.6704
8.05374
8.75313
9.44035
9.42786
10.0565
7.48198
8.29505
12.5157
6.86636
7.44175
8.82931
10.9758
10.8182
8.19325
10.0417
9.26315
13.1057
6.59616
11.7349
8.73618
11.1743
11.722
7.55835
9.55729
9.65746
10.3906
13.5844
11.5391
7.90993
12.7023
9.48975
8.32003
7.82479
8.73118
10.116
9.78602
12.7756
7.73741
11.4539
10.5633
8.39863
9.32845
10.047
9.85535
6.66
10.7496
9.60755
8.12179
9.96275
9.81937
10.8943
9.73682
11.0809
7.95394
7.69613
9.84796
12.5856
9.44645
12.9004
8.28905
8.22167
11.4225
10.8147
12.4127
10.461
12.7278
9.06085
8.60107
8.45826
13.8438
12.3046
10.1876
8.25344
7.36648
11.2073
8.61399
9.31497
13.115
7.65642
9.46756
11.0072
10.0622
12.3739
11.3081
11.2106
11.4565
9.48223
10.1505
10.5826
7.66206
11.9128
8.92109
9.18175
6.99553
7.9933
5.05895
10.5579
10.0508
10.1735
11.7072
11.0273
12.2174
10.9529
8.7876
10.4653
11.002
12.13
11.0739
12.0279
9.89636
9.4537
11.3161
10.3085
10.9128
10.8569
8.4551
10.7968
10.6535
7.51191
10.2639
7.7576
13.3217
9.35091
8.35843
10.8838
10.662
9.97694
12.0898
9.27307
10.7327
10.2904
12.6018
7.42688
9.46367
8.50869
7.53979
10.4262
9.1474
10.7354
11.8682
11.8018
7.24776
7.78052
10.5257
12.0022
10.3085
11.3601
8.94692
9.54486
5.89382
11.6804
9.54297
11.2962
12.1771
11.3142
10.1837
11.673
11.0076
9.34224
13.6142
7.9315
12.521
10.2245
6.25851
10.1172
10.6901
10.4477
7.85536
8.28531
8.16119
9.75649
6.86312
10.1488
9.6125
7.34379
9.34004
10.6953
8.9937
8.58324
14.4613
10.9019
10.8735
11.4344
7.22372
8.8279
7.53996
12.8338
11.0885
10.8488
10.321
7.80535
12.1738
7.65533
8.78482
13.8023
8.74384
9.21249
13.9732
9.97859
11.0504
10.4749
9.89699
10.0898
6.13742
11.4513
6.89918
9.5678
11.7103
4.41285
12.5486
11.2043
8.36836
8.03204
9.20698
12.6814
8.51867
9.5299
11.4688
6.4109
13.7707
7.27811
11.8692
9.34564
6.21723
11.6781
11.18
10.5508
12.2111
11.5092
11.1016
12.8765
9.0571
11.383
8.39169
10.9263
8.41876
12.5412
11.3529
6.2591
11.4399
11.1849
5.89622
10.0029
15.6085
9.32488
13.2482
12.581
11.053
13.0145
10.3148
11.1863
8.92748
11.6151
8.24792
8.09853
7.66518
11.9808
11.3101
12.9513
8.85389
10.369
6.28555
7.58144
10.8824
12.059
10.3245
9.55258
10.3419
9.88425
12.283
9.56688
7.84022
11.8224
10.661
10.6963
8.83952
11.5532
10.9912
12.4228
8.21991
8.61325
8.80065
11.026
9.5848
9.49192
11.5063
10.4971
11.9852
10.5434
8.96549
10.2809
11.1789
10.8067
10.7646
10.1446
7.43983
11.2123
10.7792
12.08
10.8627
10.0165
10.925
10.4803
8.84692
7.258
12.2308
9.1733
9.00773
8.00124
7.43063
11.0725
8.47231
7.55248
8.35493
11.1556
11.8908
8.23135
11.7244
12.2905
4.54256
12.0256
7.48776
6.43477
8.2997
9.36038
10.6105
8.08101
5.85602
11.5433
12.4279
11.2482
11.034
10.3925
12.2221
8.5343
8.74386
7.20388
10.1341
8.47364
7.27335
9.31106
6.29798
8.68308
7.86634
11.5335
10.9197
10.1565
14.1136
13.3158
13.2802
10.2344
10.3946
7.22346
11.8248
9.56556
9.94932
8.67199
8.76081
9.83997
9.97805
12.6318
8.67086
10.1242
15.392
10.1228
12.3204
9.6236
11.0967
11.8232
8.97385
9.93319
11.2862
9.66523
13.7261
9.94054
9.54603
7.43686
8.28874
9.15675
13.7891
10.4934
10.2362
8.82936
12.6713
11.9179
11.6622
5.969
10.237
13.0939
12.328
10.7511
11.3947
9.55083
10.0518
10.4287
10.8598
10.8435
12.8685
6.56074
12.3794
12.1412
7.93436
7.42032
7.66337
9.02247
12.1961
8.97609
10.919
7.49801
9.02362
14.9358
10.6092
10.8212
8.38906
10.6319
13.6692
12.1518
12.4731
8.41783
12.1598
10.5548
9.17639
8.09675
10.6045
10.4881
10.0632
8.4087
7.61431
12.8499
13.3149
11.3444
9.782
8.12687
8.48259
9.62477
10.5866
11.4594
9.97562
11.4249
12.2398
10.2258
7.78287
11.7263
6.77232
8.64475
11.063
12.1566
13.7164
9.47868
8.02235
10.7847
8.22369
8.62971
11.0661
9.11929
7.50872
10.195
9.34475
8.80192
12.7763
6.4826
9.7524
12.1401
9.21922
9.48117
7.83128
5.29516
8.09176
13.9982
6.69262
6.12064
8.18967
10.2362
8.32875
13.6081
10.2086
9.55214
13.0466
11.2124
8.56755
13.3303
9.3474
8.97842
8.75493
11.8813
10.1067
8.66666
6.19283
10.0216
8.43581
12.49
9.1305
8.1126
12.8687
11.0537
8.12512
10.0335
10.782
10.3602
9.44698
8.89962
7.85257
14.0635
9.71085
12.408
10.6225
7.39196
7.80974
8.56319
11.3821
10.2861
6.95291
8.28571
8.08805
10.8723
10.4341
5.46829
11.2569
10.0032
8.52643
10.142
10.3972
10.1423
12.8077
7.81809
9.68024
7.90587
9.32888
11.1821
10.8911
13.6669
11.2499
10.1909
9.61119
8.06744
6.49976
6.20639
7.61753
8.81129
6.17948
11.453
12.4016
9.53935
8.58274
13.8678
6.70299
8.19979
11.4834
11.8973
11.8686
9.45894
12.451
9.82411
9.6698
10.216
10.7119
10.774
11.5606
8.83574
8.5558
7.82845
11.1754
11.8611
10.4894
9.72896
14.8587
8.93951
9.20908
9.10789
9.37385
9.84074
13.7039
9.78137
7.43768
8.77591
11.9505
13.4274
8.60911
12.8639
8.68472
7.50732
9.90049
11.7742
7.15748
7.43452
15.7263
7.52656
9.15461
8.56416
9.58441
11.6318
15.5878
13.0174
11.5946
9.32192
10.642
10.9148
6.74412
11.1488
5.79128
14.5971
7.92065
9.31387
8.86193
9.22699
11.0934
8.94546
7.31749
6.51225
7.74799
11.9621
11.8817
11.3414
12.5898
11.7729
12.5032
10.8939
9.02532
9.02064
8.60375
8.63597
13.3126
9.34626
9.38809
8.79754
9.99327
8.86636
11.6508
9.42735
12.2461
8.36709
9.31709
10.5841
10.086
10.3853
7.31368
11.7794
10.5924
7.93465
14.209
12.1016
13.2336
10.8668
11.1474
11.3303
13.926
6.64857
7.58713
9.0363
10.658
6.94861
11.4407
7.74903
10.194
9.68404
10.0156
12.1349
5.69658
9.76662
12.6076
11.1324
10.8152
8.59776
9.58809
8.43202
7.5033
11.6906
8.7347
11.114
7.36935
10.4909
12.6285
11.8408
8.45352
8.25762
10.0877
9.24361
14.8604
8.68563
8.17412
8.12492
12.5458
10.7375
14.6641
7.84233
8.66935
8.64301
12.9318
8.47901
11.0358
11.0845
11.4525
11.9008
8.72681
8.63526
5.05382
10.8633
11.0913
10.7507
13.1999
8.361
8.44016
10.0542
8.62397
11.2802
12.3082
10.3502
9.47937
9.27149
7.58335
11.7148
7.39821
13.3738
8.57501
12.6391
10.0464
11.2585
13.142
7.74533
11.9379
10.6094
11.8017
10.1084
8.2323
10.3305
10.6698
12.8639
9.24185
11.9063
13.8233
5.71475
4.29283
8.58871
11.4406
6.60929
10.4386
11.3784
10.1386
8.25753
10.8733
12.3628
10.2619
14.1486
11.7838
10.9578
9.89781
10.9787
12.3715
11.0151
8.24816
10.5134
6.39571
9.36323
9.29309
7.78395
14.1019
11.6736
8.88776
9.61541
8.41671
9.22278
10.8099
13.3497
8.92048
10.9615
6.93395
10.7927
9.57436
11.5413
11.3073
7.58
7.10449
8.47093
8.15615
12.7399
9.4721
10.1407
11.9726
8.4768
9.47332
6.93773
10.3919
8.8171
7.7669
12.1256
11.4879
5.7827
11.5349
12.4384
10.194
10.5422
12.6162
8.78434
10.1407
9.9907
13.9513
13.5447
15.185
8.8071
12.6389
8.43091
6.09038
10.5913
12.8317
8.98848
6.44495
12.349
6.49312
10.8339
8.14417
8.82383
12.4099
10.21
10.3138
11.9092
8.91083
8.68569
10.7683
8.9267
13.8131
8.91625
10.0822
8.22627
13.4908
9.37068
9.25213
10.6435
11.5061
9.91956
11.5077
8.83463
11.3905
12.8004
10.5994
7.71314
6.87106
10.5398
10.6192
11.6814
11.6457
8.82887
11.6155
8.57549
10.7149
10.4771
10.765
10.7623
9.96075
9.28591
7.65046
9.43131
8.39485
11.6791
8.23487
9.54467
9.39374
11.1943
10.1337
9.26962
11.2655
12.4395
10.8214
9.07864
7.56395
10.328
8.44642
10.4056
9.94014
7.38953
9.24874
10.7363
11.2217
9.57229
12.7948
9.83148
12.9049
8.90305
12.4528
10.2216
10.3187
11.1701
11.6863
12.3231
12.0856
9.99245
5.47728
12.612
8.94409
8.59475
9.37854
8.10647
8.42044
8.42545
10.7428
10.6151
11.5841
9.96206
6.19438
7.01979
12.451
11.9636
12.3139
10.2231
9.43341
13.1158
11.3971
8.62826
12.6404
10.6012
14.1542
8.32618
10.6407
9.61429
9.65016
9.17625
8.04714
10.2081
8.76032
10.5114
12.8878
6.84294
7.95426
12.0522
13.4144
12.7254
12.0004
8.79397
9.1056
11.3508
9.42839
9.13654
10.2394
10.9535
9.1735
10.7767
8.15194
7.47022
7.85234
11.0518
10.1767
11.0064
7.0609
9.66619
12.1285
8.66958
8.03291
9.26436
10.8123
12.3194
9.92287
8.58249
8.54424
11.3209
10.7615
10.8774
9.50217
8.44314
8.45103
8.98408
10.7175
12.8744
9.94612
4.59141
10.1185
8.20244
9.98986
12.108
5.97808
11.1912
8.5515
9.03448
14.0419
8.32696
9.29339
9.46955
12.891
12.7353
9.01065
7.6386
10.3518
11.1661
11.9736
9.15835
14.6386
9.7674
8.85546
8.47876
9.97466
9.10439
4.64305
12.4975
8.5458
11.1777
7.45757
7.45634
15.0724
7.6251
11.1992
10.9214
10.6254
12.012
7.69964
9.5434
6.31043
12.2123
9.68628
10.6392
10.2739
11.1856
9.27269
8.32883
8.67941
8.6543
10.6196
10.2968
7.50353
10.5335
5.67476
15.7961
10.372
11.7451
10.4986
10.9884
8.46113
7.94537
11.7174
6.9384
11.8445
9.66597
8.42819
11.9272
13.4334
11.0004
12.8086
8.92186
8.20299
6.91119
8.45982
9.5188
7.46606
10.3172
7.61287
12.0068
11.5718
12.1985
9.36527
10.6193
12.5683
10.5134
9.54233
8.93667
12.0661
8.39446
9.91343
10.0104
10.3739
11.8274
9.60811
7.8255
6.78604
10.7223
10.2183
8.16101
11.1524
10.1771
13.0291
7.32518
8.81185
8.18986
12.8026
11.6062
10.2781
8.13935
5.74856
9.9174
9.68961
7.2576
9.52875
6.24235
10.8752
8.03458
11.3256
13.9614
13.8756
13.3025
10.2156
9.63618
8.8484
13.8132
10.2842
8.23728
8.82345
4.87774
11.8288
7.22223
10.6665
12.0713
12.9446
15.1541
9.8737
6.61012
10.7569
9.29787
10.3701
14.6479
11.0349
10.3982
7.15132
9.05825
14.928
8.82027
9.67007
8.89908
10.9156
12.5593
11.0617
10.4755
10.4809
5.83603
9.00998
11.3012
12.2853
10.2631
11.1088
9.88174
9.7242
12.426
10.1532
8.29714
10.9871
9.95755
9.83274
10.7133
11.1969
9.83561
9.92258
9.84838
9.57701
10.2876
9.72011
9.02284
6.67961
8.91067
13.4673
11.9045
9.80216
10.5804
5.74661
8.70881
9.31925
7.81482
9.40379
8.83163
10.9231
10.499
9.37329
6.8431
11.071
9.09788
7.90049
8.57186
9.03955
5.59692
11.348
12.6799
6.07907
8.85506
10.9692
10.3484
9.39876
10.7976
8.51589
11.0593
11.5852
9.32995
10.4525
8.17232
12.5289
5.8582
6.07846
8.89817
8.36252
7.66384
9.11095
9.82691
12.9658
6.55512
8.44247
13.0843
10.9171
8.45299
11.1901
8.52799
11.4354
11.2765
10.1097
12.2792
12.0693
13.7421
12.075
6.05111
9.35177
10.4149
11.9241
10.0805
11.1471
9.52798
7.85052
7.71566
8.38137
12.2495
11.3399
10.1062
12.0296
12.0894
8.55614
8.4374
7.52473
7.82948
10.2014
11.9861
7.22788
13.3647
11.4348
10.9787
5.48543
7.82534
12.9543
10.8412
9.12608
13.3496
7.37496
10.911
12.7484
11.7926
9.87958
8.31639
12.63
7.59961
10.1061
11.2233
11.4057
12.1856
8.59304
10.5123
7.6696
7.92454
10.2113
13.1757
9.91215
8.92338
7.78907
8.95497
8.92065
12.5554
9.81072
7.30136
11.7615
7.58365
7.3151
9.03894
10.6509
9.96173
10.0388
13.3424
10.3675
10.2126
10.3214
7.71087
8.43505
8.63449
7.35003
10.5708
8.81172
12.5113
10.2057
9.82785
12.9191
11.4056
12.3229
10.5142
11.0734
11.5401
8.9404
7.70325
9.50656
12.8001
11.0063
10.049
11.9261
7.66934
7.89215
9.31282
8.58043
8.36454
8.99633
12.2729
9.79358
9.05449
11.6788
11.1346
9.85049
12.6474
10.25
7.82122
10.6376
9.57119
8.87998
8.84214
6.59218
7.87133
11.5781
8.17205
6.67014
9.46836
11.3201
11.13
13.0848
9.31496
8.0975
11.4617
10.2302
11.0249
8.58626
10.0015
10.3117
8.14431
9.54812
10.7359
8.13473
8.55019
7.94537
10.4664
7.07498
11.9503
8.06089
12.2036
9.36495
5.31939
9.52724
13.5255
6.95562
6.06292
12.6381
11.3903
6.15542
9.08941
11.1791
12.2847
10.9311
6.07574
6.98095
10.0109
7.93326
11.8198
7.91799
8.4527
10.1494
10.5633
8.08622
9.70425
10.9271
10.9864
11.4847
9.83067
12.0996
9.54408
7.95631
9.24377
12.8044
13.1389
10.236
7.69063
8.73071
12.8606
11.3575
11.7157
9.18655
14.2842
15.8844
8.76052
7.53772
10.7116
7.6167
12.4523
9.32771
11.7532
8.73588
8.09945
9.95025
10.4362
8.30139
9.71736
7.49606
9.0326
10.0133
10.3927
6.17048
9.92137
8.137
10.1041
9.99702
12.3121
11.0883
10.6096
10.6666
10.9332
7.00981
11.0438
10.4025
8.4881
10.3526
9.55757
8.59354
9.56997
8.66933
10.1856
7.92115
10.8004
11.5727
11.1654
11.1827
10.6204
11.7989
7.6024
6.16458
10.9676
10.1602
7.42822
8.88018
6.37227
11.6025
9.47699
11.8468
10.7365
10.1231
10.0068
6.71167
6.79069
11.3134
7.07248
9.00127
11.5803
11.1127
9.70313
12.4496
10.385
7.03608
9.03749
6.55158
9.59941
11.5783
11.5976
15.1976
9.23445
9.07733
13.3049
8.77737
10.9111
13.0473
10.3011
9.85432
7.5162
9.32784
10.1896
9.36619
9.05719
10.1074
7.49308
11.405
9.04752
10.0138
10.8542
8.00154
6.10129
8.75806
8.15023
6.31382
8.72343
12.2986
9.68203
9.09909
9.72338
6.93197
11.7395
9.24423
6.95839
7.68678
8.17747
13.3291
9.64521
7.11706
7.68111
10.3483
11.8767
11.7286
10.9392
9.90107
7.21625
4.45522
11.1733
9.3552
8.98773
7.88602
10.6157
10.3828
7.52366
13.2891
8.5081
7.90023
13.8804
8.74804
11.4729
10.0339
7.79124
10.6236
10.861
9.67645
13.2562
11.4402
11.343
9.85846
9.08799
8.24273
12.321
8.75489
8.12249
5.11703
11.0709
10.1978
9.49485
11.2857
11.2913
9.02645
10.9529
10.2945
9.27022
11.6834
11.1593
8.9376
7.83299
9.17911
9.77308
6.18643
9.84703
7.62944
10.4198
7.13858
12.8546
8.73686
8.33174
9.07976
11.4257
8.54861
7.67198
8.53325
12.2911
10.9043
11.9859
10.2937
10.0716
9.25304
9.65823
8.97224
8.9259
11.2478
13.3646
10.7082
9.20396
10.3208
12.635
10.4902
7.14802
7.46122
6.10068
7.76392
6.70691
15.4044
10.2734
7.21894
9.11853
8.14895
11.4276
12.2361
7.07301
12.602
10.652
7.21151
9.75185
8.87007
8.95239
8.66699
9.95647
8.15503
10.0773
8.79328
10.1703
9.45124
9.03577
12.3442
7.39145
10.7714
7.34144
7.37988
10.0381
8.10112
13.2467
10.3594
9.82736
11.8618
9.36785
10.228
8.51517
11.264
9.14083
7.99424
10.6422
6.14874
14.5108
7.87414
10.3766
11.7351
6.58254
9.09106
8.33164
11.2128
9.64754
9.3719
11.259
7.3637
10.9555
9.29685
12.6755
12.5298
11.0177
12.0066
9.14229
9.39574
10.8061
11.4301
13.6837
10.7966
8.24567
11.6984
5.91189
11.201
11.8962
11.7187
14.8668
7.18944
14.1573
7.96812
13.9129
7.74891
10.488
8.62661
12.5417
12.1025
10.8037
8.65173
10.9954
13.1997
12.6439
9.38436
10.3726
8.54211
10.313
8.40309
9.17737
9.46387
11.7452
14.5615
11.7763
13.6204
10.4199
9.55928
11.0613
8.73677
12.0122
11.2799
7.03194
8.17674
10.2818
11.4268
8.17145
9.88466
10.4454
11.4579
10.2617
8.54085
8.16697
11.0863
7.67712
9.94981
13.0123
10.9097
10.2598
12.6974
6.29449
12.0037
11.0271
9.1915
12.1051
10.3716
11.1804
10.7716
8.68257
12.2428
7.29834
10.8309
10.006
4.92166
6.88053
9.73379
10.6304
8.92316
12.8969
8.26896
11.893
10.5157
10.8261
7.20751
7.84988
9.9291
11.6947
12.4328
8.30592
12.8132
10.9554
8.16206
8.59888
9.04116
7.52324
10.6994
10.1987
9.58512
8.83099
8.69547
8.917
12.406
11.0091
12.359
7.63122
12.8174
6.79848
12.9244
10.6336
10.2313
10.2764
9.79764
10.7316
9.06118
9.43386
14.315
11.8758
11.1904
10.395
9.93714
8.40556
12.5365
9.00866
11.5991
8.05904
6.46482
10.3312
9.42705
7.8636
7.74518
9.16665
8.86572
9.68541
10.7882
9.93687
10.6366
10.4362
9.06822
11.0549
8.66689
11.5718
13.9342
8.98794
12.631
10.4449
7.18384
8.96379
9.10367
8.94749
11.177
7.43533
10.5489
10.0722
8.32197
8.36782
8.86965
9.91202
10.1987
10.9453
6.98099
8.62292
9.68308
8.63481
9.29057
11.7999
10.6038
13.9636
9.92194
11.017
6.86734
9.60771
5.90279
10.7537
9.18871
8.68055
10.256
9.32034
7.90969
10.1692
8.57504
10.7697
10.6704
5.06846
11.3131
10.0795
9.5476
8.93667
9.97499
10.4396
7.93243
13.0737
8.02165
11.5255
10.655
9.49412
9.85442
12.185
8.74671
10.4276
14.359
7.80715
10.0574
9.54284
8.42079
11.5216
11.2705
11.5715
5.61935
12.7994
7.70575
9.86967
8.54122
9.33428
12.2029
11.9081
8.12493
12.6319
9.85574
9.21921
8.40687
8.21094
11.2783
7.87349
11.0265
5.79659
9.70342
6.75466
8.68826
11.2757
11.5897
9.82266
12.0339
9.71057
10.4019
11.0862
10.0585
11.4687
6.65214
8.94603
13.3283
8.04241
10.2176
11.7872
8.20891
13.6634
11.9512
7.7409
9.46039
10.4981
11.2585
12.7805
9.95403
11.7855
10.4667
11.1905
11.9072
12.0155
8.30549
11.6531
9.17142
13.3436
10.6786
9.24557
9.52645
10.1469
11.7969
10.4441
9.3495
9.62382
12.4006
11.6822
11.8633
9.61564
11.6255
10.33
8.65105
9.02619
8.91334
9.86074
13.9839
11.7246
11.7537
11.0199
13.4935
8.56028
12.1637
11.5888
8.2707
8.0943
12.3321
8.65543
9.56999
9.82692
7.78359
12.1236
10.1227
10.5289
10.9028
11.6315
8.68453
11.646
7.21845
10.7543
10.6636
13.4966
10.7967
6.75297
10.325
4.63746
7.3204
8.15026
11.4022
12.252
9.50234
8.17492
8.16883
12.3344
12.7416
10.9512
9.66663
8.96182
9.78998
9.17044
8.49178
8.98438
8.63275
10.9603
9.12409
9.71645
9.70675
11.6056
7.89928
9.83645
10.0375
9.59338
12.2413
12.2432
7.91918
9.8305
10.543
10.7855
9.1516
9.45204
10.12
10.3864
12.6531
9.87696
9.35307
5.97144
10.6609
10.6052
8.55144
8.27074
11.4196
7.50429
9.49986
6.2196
12.398
9.61966
10.8053
6.33208
9.73784
6.08382
8.41492
9.63475
8.56162
8.02717
9.11459
8.37878
7.68417
12.0024
7.75227
8.67672
9.68156
8.83908
8.7352
11.4092
9.65629
10.1862
8.509
8.29582
9.7817
5.58264
9.52706
11.5147
7.3115
11.5459
12.7761
6.70696
13.0192
6.65087
7.15346
9.36569
11.9369
12.4705
6.9581
8.84225
9.1012
11.8721
8.84594
14.7154
11.6631
8.63402
12.747
10.2826
10.6556
10.3943
11.5329
9.6731
5.78139
9.813
13.0948
11.3338
7.12553
12.1258
8.12802
9.41802
9.74439
10.0879
6.80278
10.9148
8.55629
10.4192
11.1265
7.06464
9.82357
8.56685
14.9129
12.1593
9.67196
8.93625
11.6136
13.5603
8.94432
11.2207
10.9191
7.88877
10.3896
11.2229
9.29062
8.17985
6.7775
7.07734
8.8197
8.73501
10.8232
11.412
7.59195
15.482
12.5138
10.4432
11.3537
8.99154
9.61893
9.16316
10.722
7.35629
10.3048
10.9169
13.1674
7.40184
10.3062
6.5122
10.5544
8.01906
10.6013
10.1749
7.37605
9.30686
9.08877
10.8669
9.68744
4.76309
9.05681
7.50405
8.57262
10.2135
5.45144
10.5433
8.7988
9.43183
8.45364
13.1979
9.06845
9.36083
9.73946
9.44074
12.1408
10.1213
8.73662
15.1306
8.3407
10.0932
10.7174
8.13433
9.92751
12.4161
8.69272
9.2734
12.7244
7.3731
11.6326
10.1679
11.728
11.9798
6.8711
9.84472
12.84
10.7221
7.82065
10.5236
9.90199
9.47218
8.81593
9.96402
10.5113
8.23935
8.26365
12.1061
7.45872
12.4498
14.967
6.99989
6.00555
10.385
8.96533
12.1402
8.55288
9.14523
10.5671
7.218
9.58745
11.2867
9.3813
11.3498
6.70554
9.39412
9.15517
7.06469
10.9874
7.37455
10.3196
5.00161
6.01065
8.09227
8.13271
10.4305
10.9654
6.44143
10.8696
7.83655
9.82381
7.39624
9.00541
9.89043
12.1642
9.72772
11.6239
8.3762
9.10072
10.1505
11.6765
7.12519
10.8704
8.89154
6.69999
9.51499
10.4448
11.6938
10.6213
7.84221
11.7259
9.24555
8.14567
7.3543
11.4186
9.48151
4.26266
6.89873
8.19197
9.40553
9.67985
9.97557
11.9166
13.1891
10.7147
6.23431
6.58933
10.9616
7.7947
10.8681
11.9609
10.2086
14.6804
8.4002
5.82298
13.0118
11.8424
10.3807
9.65741
9.3437
9.58641
10.1839
10.2182
10.1119
10.521
10.2874
10.9548
10.343
7.21691
8.28121
12.5355
8.8483
11.0025
12.6133
7.68145
9.10152
8.91175
7.95807
6.3965
10.3618
8.43812
11.7832
9.96267
11.1645
6.35578
9.83888
9.59913
9.21457
11.8284
7.99011
9.78972
8.58136
11.5655
9.48668
8.23393
9.61374
7.92126
10.4901
11.1934
12.5532
7.87612
13.1358
9.2352
13.5826
10.2583
11.9387
9.8752
10.0886
13.3923
7.34208
9.80262
8.52004
9.42321
7.58112
8.53117
11.3731
13.135
9.69849
13.022
12.0159
8.39034
12.6207
10.9914
10.0871
7.67318
9.27651
7.44723
9.58774
7.08371
7.79242
8.03484
10.2293
9.868
12.6994
11.2524
12.0714
11.7015
9.33921
9.33963
9.15148
5.98778
10.5228
7.46732
8.66221
8.87757
9.9648
8.92815
9.58443
8.68936
8.16786
7.674
7.79264
12.9942
13.232
12.3208
7.8952
8.42517
12.8617
10.7635
8.00659
10.0128
12.3561
10.5526
7.76101
9.67949
9.22067
12.7281
9.62369
9.93755
6.86859
9.70557
9.29421
10.2571
8.50715
13.8493
10.0992
6.72517
5.90436
8.01404
10.738
7.53233
11.6816
9.95876
6.36276
11.7044
7.35744
6.75218
12.8872
7.36589
13.185
11.5105
9.95794
11.998
10.0382
9.43218
7.64837
12.6188
7.55207
9.41859
12.2888
14.0177
8.4502
9.35196
9.26622
11.3561
10.0752
9.8133
6.78987
13.1729
9.12362
9.71688
9.0547
8.7329
10.9194
11.4705
9.11143
11.2751
9.74463
11.0764
11.5645
13.7861
7.84998
11.7212
9.96188
10.4048
10.7084
11.7882
9.3922
7.08343
7.85372
9.46742
11.782
13.3113
10.4429
9.47245
7.1047
9.64066
10.1754
9.16652
9.89373
8.2961
15.7756
10.7846
11.3376
12.2783
11.7629
7.18215
7.14561
13.21
9.88252
9.56304
10.6036
13.3743
12.5585
9.30687
12.5938
9.74465
7.36579
10.1807
8.4288
7.23963
8.31361
11.5156
10.8613
8.92865
8.15861
13.5856
10.519
11.1433
9.69822
12.2527
9.00634
13.1513
8.34595
9.40846
9.19342
11.0092
11.4897
7.96708
10.2562
9.72826
9.77077
11.233
7.727
9.96448
12.7857
9.0983
8.10647
8.41738
10.9767
12.781
11.5729
13.2043
13.3096
6.9368
7.9275
10.7161
10.7503
8.99193
8.87768
10.3604
7.47039
10.0994
10.4385
8.70054
9.4029
9.18508
10.3879
6.14911
11.8748
7.53639
12.3131
13.9685
6.38146
11.1467
10.5947
9.84442
8.49665
13.3124
8.27711
9.15185
8.41141
12.2459
12.3364
9.54013
7.75988
10.7724
9.77325
11.6039
9.65182
9.69423
13.2156
11.8523
10.9911
10.9307
11.4424
7.51035
8.89353
7.69219
14.0428
12.1249
12.2032
9.61824
9.25078
12.7346
9.59015
12.0027
12.7154
11.0413
9.0883
9.33935
10.5739
9.13884
6.5198
13.9355
6.18751
10.8434
10.2961
11.1353
7.26547
9.18193
8.59215
9.46635
8.22136
11.7142
8.29104
10.5057
10.2199
10.6367
9.41347
8.51419
10.4381
11.4934
11.7428
8.30484
9.62969
9.58876
6.15098
12.0546
10.618
7.56026
7.81001
13.2957
10.1559
9.16486
12.142
7.77335
9.40683
10.0595
5.80458
8.48394
14.1023
11.415
12.4421
5.85949
8.05036
10.1397
8.0819
10.4786
11.1684
9.08761
10.5384
8.65445
8.81039
8.67426
5.94062
5.74906
9.2566
9.36301
14.4932
9.6299
10.2723
8.77954
10.3776
13.2622
6.50936
12.5285
8.95687
11.246
7.79797
8.10804
13.0649
11.1245
7.02527
7.60066
7.07986
8.84909
6.55095
9.23258
6.69436
10.4332
12.8833
8.86305
9.77684
9.58075
12.8613
10.2854
11.8665
11.9139
12.9149
10.7713
12.6693
11.4713
8.37559
11.1326
8.15796
8.25553
11.3975
10.0899
9.50573
11.4238
11.1302
14.2395
7.8144
9.80543
8.51816
9.96377
10.7762
9.90419
10.8822
9.4414
11.1847
12.971
8.81767
8.88228
14.1574
11.8648
4.46929
9.64075
10.4604
9.49721
12.7795
10.3838
6.52798
11.5079
6.77274
11.3044
9.59348
7.74981
7.69096
9.73752
11.7637
12.4024
9.68326
12.0593
9.15005
8.7985
12.3036
7.21281
12.1333
8.88292
10.1578
8.8263
11.8573
9.0526
8.37784
9.57278
8.18167
15.0665
9.86379
9.6365
10.8993
11.1058
8.36446
9.62173
13.382
9.31722
12.4677
7.40641
10.3683
8.77404
10.3331
12.0627
12.468
11.9498
10.1901
9.62205
7.89516
9.13166
10.0612
9.5005
11.4739
11.0309
9.33024
12.4091
8.39244
7.69663
9.97908
9.52532
13.8964
12.752
10.8524
6.22565
10.1596
9.01834
7.80634
10.3359
8.43378
9.36949
10.93
9.5038
8.81955
12.2156
6.99113
8.92963
12.8623
11.793
11.4614
11.12
13.9076
10.9861
8.91299
11.7891
11.0003
12.6497
11.6668
9.96531
4.99913
13.8992
6.64635
7.18797
10.1831
7.95769
10.996
11.1385
7.59919
12.2513
11.8952
6.57505
7.88589
12.19
8.98975
4.10529
9.80797
11.6579
8.64895
10.1983
6.40634
8.87618
10.4659
12.0592
4.17419
8.47268
10.6845
9.36409
11.7569
6.69031
6.78354
8.13746
6.58409
11.6142
9.00268
9.40495
10.6656
12.2953
5.05122
9.50902
9.2945
5.27086
11.8563
10.102
13.1252
8.46519
13.1363
14.1654
8.52518
11.3744
7.82887
6.28455
10.1826
12.1921
10.9107
9.13431
9.25534
11.4575
10.6461
8.26662
12.0415
9.08069
11.9729
11.413
5.13941
8.08924
7.95116
11.8695
7.68879
12.6788
10.6653
9.56146
10.5488
9.30445
11.2305
10.9187
10.1327
12.5656
11.2209
10.1234
11.3298
10.6937
8.19952
11.2142
8.0744
11.791
8.52092
9.62024
10.9755
7.67791
9.36153
6.531
6.92015
9.63994
9.32459
11.2556
8.51725
11.601
9.87727
12.9301
6.25595
10.3906
11.4463
8.63941
10.122
8.67495
12.4572
8.45614
9.72463
11.6208
9.0195
14.0612
12.456
13.7202
12.0266
12.751
10.9647
10.5294
13.5197
10.674
8.74925
10.3229
8.97539
12.338
9.07016
7.84583
7.14911
10.4453
9.22345
13.6602
10.7659
12.4676
10.2507
10.5164
10.634
11.5056
6.37949
12
13.8213
9.68356
6.40324
11.6971
6.3894
12.1299
15.6867
8.09212
6.99578
11.02
11.6982
5.07677
12.2578
9.95961
12.297
11.0937
10.1733
8.64932
6.35789
12.9693
9.67331
7.78428
9.51292
11.3058
7.0574
10.0248
11.8123
9.22364
8.03288
7.1151
10.077
9.89578
12.3456
7.14259
11.6304
13.4219
12.2425
14.8707
10.1616
10.5057
12.3569
10.5504
9.79215
11.2868
10.1927
12.787
12.7704
12.344
10.6133
8.33314
7.5135
12.4763
7.60497
9.68153
8.96186
11.1377
12.6413
12.3317
13.6081
8.67312
8.07581
5.88064
12.0286
9.65848
9.42188
10.5806
4.96428
11.0631
7.17259
10.1579
10.399
11.6411
10.2807
11.576
9.65574
11.785
13.0359
7.70896
12.0547
10.1311
12.7781
11.4096
9.30623
8.3516
11.7509
10.9776
5.30036
12.6726
10.5235
10.217
10.1373
10.3656
8.85012
15.274
8.52688
10.5589
8.14263
12.2
10.2446
10.0702
8.28166
8.47021
11.1665
9.8971
12.3914
9.32107
7.84108
10.689
12.7231
11.5747
9.5996
10.9469
6.43057
13.1542
10.9597
14.0309
8.84383
13.9984
9.40287
7.57535
9.48754
8.46727
8.79557
9.24722
9.02898
10.5492
10.5428
10.0291
9.70948
11.7294
9.27194
9.7694
10.5843
10.1416
11.3884
11.0488
8.67989
10.7164
9.99671
8.97341
8.94206
13.2146
8.24136
9.06565
9.25081
10.3078
9.11176
11.6456
8.15963
11.7456
9.56763
9.27664
10.4626
14.3426
9.89059
15.0652
7.55811
7.66796
8.32812
10.8639
10.4285
10.2575
10.3316
10.7014
9.1863
5.92294
8.1045
12.0301
12.2928
8.2865
10.1231
11.0957
13.0599
9.51354
10.4718
7.43748
11.9318
9.68141
9.26922
12.4995
10.3538
12.1382
4.45783
10.1144
12.1975
9.63407
9.90502
12.8603
8.36299
9.71081
11.2231
6.5588
12.7375
11.2645
7.67383
8.31231
10.2163
10.7718
9.52636
12.8845
11.4199
13.5099
9.7581
10.0129
7.19507
12.6561
11.8357
8.96228
10.6297
11.0521
9.50295
9.1901
11.0941
14.7776
11.6655
10.3336
11.294
12.214
10.1006
8.18895
10.7741
9.84958
8.46955
5.763
9.61589
10.4164
14.5974
8.84432
10.2061
8.25099
8.86294
10.1158
9.86647
9.29942
10.8894
12.2038
9.10356
9.96607
13.5298
10.7226
8.51293
10.5081
9.82314
13.0699
8.11832
8.36358
13.0998
10.9193
9.80641
7.34519
7.78847
11.9391
9.81773
14.7496
7.23649
6.02408
11.4587
9.55248
9.76706
7.50791
8.6486
9.33823
10.1946
12.8402
9.14161
12.8862
11.0576
10.5443
7.65265
11.2731
8.5372
10.0602
9.30912
10.3647
10.0929
9.50876
11.8786
10.6692
8.09394
7.90741
11.3531
10.7102
6.49044
8.12022
8.90669
13.9006
11.811
10.1453
9.44389
12.2822
12.5133
12.2518
9.67053
10.1798
12.4028
9.40187
8.8734
10.1288
13.0373
9.45479
10.0839
12.2854
8.85605
11.4161
11.896
9.33963
10.4877
10.9549
12.3114
9.86965
7.77743
8.21538
10.2731
10.1975
13.6555
7.43677
12.9343
9.45961
8.33231
10.065
12.1334
9.0355
12.2004
7.50474
9.72838
9.46128
9.69925
5.7765
11.6582
12.2892
8.30699
7.32739
10.6474
13.2058
11.5123
11.4098
10.7851
9.35275
9.21776
6.839
8.93783
10.0805
9.62191
8.32915
11.3697
12.9102
6.7786
8.96195
10.9218
7.57343
12.285
9.68176
10.2223
9.47631
11.1245
9.93424
9.15913
12.6313
10.6529
6.17529
6.95727
11.8367
9.09466
10.3158
11.1913
12.3685
6.15695
9.3512
11.5846
13.9052
7.81862
8.83465
11.403
7.7592
10.8513
9.54609
9.85394
7.58546
10.6279
9.25437
12.8512
9.75454
8.58789
8.76745
10.1404
10.8284
9.09731
12.2434
7.983
8.40855
11.8537
9.15079
12.1511
11.2828
12.4769
10.1624
12.2433
11.8691
5.98557
9.09109
15.4059
11.4545
10.1533
10.229
8.14932
10.5871
9.19237
6.2546
6.97911
12.4798
10.6539
12.8299
6.63385
9.70328
7.79628
9.22527
7.64173
8.33841
9.27817
9.68456
13.1465
8.95422
12.956
9.64736
8.09811
7.14181
11.0792
12.4726
7.76677
9.5157
12.1155
10.0763
9.91007
10.517
9.74153
10.425
11.3507
12.8257
10.7994
9.1582
10.578
12.3546
9.56129
11.7825
9.08209
9.25925
8.69042
8.39538
12.2531
9.0777
9.20269
9.61074
8.50233
11.42
11.7986
11.839
12.5068
8.71557
10.9198
7.72991
11.6239
9.11539
10.667
13.2059
9.80318
7.97907
14.2338
8.46645
11.8692
9.71099
12.0391
7.56423
10.0336
12.2895
11.7548
10.4316
10.7525
10.1899
11.9622
13.0436
9.0529
11.6341
8.08636
9.4383
10.7031
8.94834
12.267
12.514
12.0328
10.658
10.3626
10.0247
9.92438
12.8274
12.4818
10.4248
8.7816
9.83286
8.01992
11.7083
10.4657
6.9914
7.90293
6.34365
9.66027
14.025
8.1491
10.0728
10.3733
8.54086
7.99397
8.27753
12.9152
9.47834
10.2754
9.69345
8.38125
11.6464
9.59451
14.2629
10.3415
10.3847
12.7776
12.3818
7.0688
11.2362
7.96049
13.9189
10.6392
11.4316
11.9073
10.9873
15.752
9.12505
11.4486
13.7799
5.33945
7.84702
7.7545
8.27802
13.9252
9.44348
7.74827
10.9773
10.9686
10.6709
11.5419
9.51867
12.1522
11.5821
7.61436
6.7261
8.78951
10.1078
10.9014
9.06722
10.4342
8.92241
9.30619
11.8475
12.4874
10.3792
8.71618
9.36491
14.5687
10.1878
12.9538
9.55201
10.1213
13.1389
7.61368
9.70154
7.38456
12.0257
11.1437
8.26719
11.1397
12.0068
7.61827
8.9467
10.36
10.7672
11.5761
9.91611
11.5725
12.3606
10.2212
8.41108
12.7663
10.1278
11.9097
9.21912
9.78055
12.4635
8.9289
7.33086
9.79693
10.1602
11.0856
10.3553
9.62731
10.4065
10.702
7.90678
6.12819
7.28138
9.0511
11.0368
11.6154
11.8317
8.75517
10.5883
7.74724
8.66008
9.64867
11.9368
11.6955
11.4755
8.10783
7.51891
5.1897
8.51038
13.7056
10.9887
8.62982
8.92785
11.8403
7.27793
9.17703
9.00918
11.1356
10.4654
8.44098
6.72123
9.77779
9.98683
10.0804
11.0998
12.3943
9.20169
9.83177
12.6783
7.72821
7.63689
10.5485
12.8506
7.41829
12.4859
8.34692
11.1398
9.58151
8.99042
9.48572
8.28147
11.2606
11.8279
9.0208
10.5954
7.85688
6.19145
12.1481
12.758
9.59661
7.55646
7.20126
14.8974
8.97122
10.3902
7.10621
9.25248
12.6331
12.2588
11.0212
9.73113
9.64618
12.4021
12.5053
7.45549
8.08306
8.56375
11.5709
8.19152
8.0687
11.0681
7.17436
8.15722
13.8915
11.3346
10.619
10.8438
10.2683
7.35643
8.62128
9.47521
10.3781
15.3625
8.75009
10.4837
7.98599
11.2102
10.2997
9.75881
12.4364
8.08878
7.4871
13.3615
7.36711
9.56507
9.59486
12.2484
10.7749
11.8892
10.8508
12.0563
11.3423
10.4217
9.93073
8.43772
8.60752
8.98241
11.7195
12.2259
9.80019
9.14011
12.8811
14.2836
10.8841
7.47161
8.73821
9.19385
11.0878
15.4626
12.3174
8.69438
12.3899
9.09097
12.8733
6.96935
8.99956
9.56466
10.0071
12.977
10.2425
6.41609
9.38722
9.26545
7.24466
9.93894
8.70878
10.2543
6.78229
8.7975
8.61181
6.19246
10.7614
6.45252
11.0155
9.84175
10.4652
11.0417
9.64452
11.4534
8.42499
9.97673
10.7644
8.93363
10.725
6.22291
9.42119
9.47614
8.44152
9.58331
11.43
9.96274
14.907
12.4563
11.369
8.78644
8.8905
7.82983
10.1733
8.44936
9.34937
9.41764
11.7375
13.5305
5.65466
7.57844
13.8567
10.0812
8.37614
15.2261
14.3602
9.89552
7.20638
12.5533
9.21949
5.75525
8.36589
9.68349
10.7481
5.78143
9.60421
9.93648
6.79815
10.7999
9.38872
12.0816
9.29691
10.4845
10.0138
7.77561
6.22889
13.7104
10.9056
6.52415
9.0875
10.0932
14.3242
10.4989
9.99244
10.9414
7.36671
9.49272
11.1579
8.62132
14.1614
8.76503
8.86465
11.8478
12.0728
12.0586
10.5355
9.66995
10.5482
6.68753
11.3035
8.71239
12.4733
10.4591
7.19853
11.0283
7.69704
4.8985
9.48434
8.52567
5.64116
8.58476
13.9879
12.5493
10.5934
9.15423
10.9456
11.9923
12.2902
9.6481
12.3637
