3.49947
3.00396
2.27833
3.3837
2.80893
2.7729
3.01103
2.83381
1.99512
2.60604
2.88106
2.81575
2.84949
3.69526
2.62368
3.49323
3.1102
2.84446
3.017
3.22898
2.68679
1.89274
3.40478
2.81955
3.70512
2.12602
2.78253
3.40774
3.32146
2.83506
3.92575
4.0109
2.30902
1.89844
2.76688
2.57909
2.61906
3.26023
2.11353
3.16391
3.03161
3.1536
3.00898
3.11475
3.14834
2.92465
3.54538
4.08037
3.11886
2.49995
2.82015
2.80834
3.01927
3.42217
3.1557
3.01825
2.8748
2.43966
2.64824
2.50155
2.28265
2.80838
2.76399
2.97174
2.26716
4.05108
3.62252
3.33329
3.50969
3.00902
3.46085
3.0501
2.98138
2.15877
3.23493
2.76497
2.60814
2.68675
3.62584
2.84968
3.41597
2.87644
2.35429
2.8354
3.1837
2.78103
3.33951
2.73173
2.94293
3.19293
2.72039
3.31
2.70806
3.1971
3.37269
2.27859
2.65523
2.45915
1.84824
2.36463
3.46189
2.32026
3.77463
3.1058
3.05497
3.50369
3.43913
2.8401
2.94953
3.62778
2.9663
2.40692
3.21333
2.78764
3.42641
3.70838
4.15681
3.18508
2.81676
2.82528
2.59165
3.0363
2.97883
2.66289
3.04632
3.03461
3.01856
2.64083
2.42374
3.27972
3.25913
2.82332
2.64203
2.60101
3.72078
2.77867
2.91581
2.68782
3.13546
2.41625
3.56667
2.53788
3.37381
3.4645
3.23463
3.44644
3.88551
3.46575
3.20575
2.74283
2.94118
2.44379
2.91292
3.91818
3.82206
2.63397
3.70904
2.66967
3.19182
3.05625
2.56233
2.46814
2.41211
2.68472
3.13628
3.41502
3.22122
3.54708
2.70735
2.76486
2.10207
3.58417
3.73772
3.64171
2.55262
3.45179
3.59308
2.81693
3.19332
2.66125
2.99117
2.74668
2.73912
3.35552
2.2283
3.37956
4.79467
3.0922
2.79847
3.22025
3.54879
3.47711
3.0475
2.83269
3.42855
2.84117
2.96741
2.94019
1.95545
2.61712
3.16047
3.37156
3.4791
3.24623
3.0829
3.24058
3.44968
2.785
2.76434
2.91381
2.9144
3.03986
3.36487
2.81614
2.52181
2.02506
3.1267
2.51519
2.76527
3.52601
2.53422
2.36867
3.47758
2.77555
2.48426
3.44116
2.73004
3.38854
2.64251
3.54688
3.13651
2.49731
3.02993
3.65137
3.60899
3.40241
3.33848
3.02575
3.59632
2.87878
2.34505
2.52651
3.35736
3.61247
3.29251
4.23046
3.59668
2.8012
3.82373
2.49464
3.38428
3.34217
3.11122
2.88711
3.19628
2.3726
3.04614
2.97924
3.14547
3.10694
3.18586
3.02737
3.02695
3.71355
3.74471
2.91768
2.33942
3.99887
3.71258
3.09491
2.60892
3.207
3.03066
3.03288
3.0551
2.57838
3.64129
2.97381
3.11847
2.56444
3.56793
3.02131
3.05804
3.46489
3.11923
2.68288
1.80154
3.98475
2.95188
3.27356
3.39941
3.03536
3.44518
3.43833
3.01468
2.49962
3.20806
2.53219
2.783
3.19023
2.71157
3.14901
2.93771
3.55448
3.17839
2.30503
1.95276
2.3724
2.86467
2.92287
3.38617
2.42438
3.57978
3.1272
2.89772
2.97349
3.11605
2.28231
2.11401
3.07884
3.44239
3.08823
2.30612
2.82327
2.56695
2.96356
2.49093
3.42433
3.36384
3.26401
2.70201
3.83184
2.99389
2.76516
3.15005
2.75769
2.95365
2.28276
2.96755
3.68573
3.22716
2.71948
3.69362
2.12735
1.85444
3.09753
3.41014
3.20612
3.4868
2.95182
3.47189
2.57328
3.03848
3.18653
2.99382
3.51143
3.64318
3.36257
2.24731
1.82855
2.93654
2.88444
1.76713
2.69178
3.38
4.09791
3.42374
3.18283
3.96089
3.00481
3.039
2.57457
2.60075
3.78694
2.71838
3.01535
2.54998
2.592
2.46506
2.61607
2.13926
3.01965
2.3711
3.45551
3.53607
4.13988
3.00467
2.84053
2.90442
3.46362
3.27954
3.19892
3.06454
2.50954
3.62131
2.87521
3.50792
3.6231
3.70738
3.4105
2.58132
4.49223
2.12662
3.15626
2.71165
3.04398
2.60617
3.10324
2.5309
2.45347
2.85451
4.62591
3.86121
4.13743
3.29819
1.67277
3.27497
3.43722
3.05008
2.58873
3.22873
2.5142
2.62777
3.30041
2.84758
2.6459
3.56996
3.62077
2.69994
2.79417
2.97053
2.96252
2.31189
3.43119
3.09016
3.52661
2.79279
3.63817
3.2416
2.51654
3.10135
2.37364
1.84753
3.20152
3.00609
2.41518
2.22575
3.35599
3.49704
2.94257
2.91405
3.48982
2.22236
3.09953
3.10247
2.34499
3.08729
3.42069
3.09688
2.97315
3.26935
2.55657
3.17122
2.48637
2.46782
3.17586
3.19481
2.93471
2.76649
4.02211
2.77128
3.05068
2.10281
2.49812
2.46456
2.86986
3.34677
2.70623
2.34495
3.72294
2.91173
2.64878
2.6497
3.09234
2.86751
3.04344
3.33561
3.21042
2.49143
3.27972
2.74382
3.84868
2.90304
3.45428
3.58787
2.53401
2.99149
3.63366
3.06338
2.22754
2.32659
2.44881
2.00863
3.02007
3.37487
3.37958
1.89646
3.63563
3.00552
2.67094
3.04355
2.50362
2.97914
2.65474
3.50021
3.01123
3.50701
4
2.53663
2.88816
3.31528
3.36595
2.93141
4.08122
3.4406
3.42971
3.47345
2.25729
3.15286
2.83279
2.85942
3.49613
3.5718
3.65433
3.13859
2.57329
3.29078
3.19383
3.56889
2.80625
3.56372
3.33104
2.7443
3.06731
2.93207
2.59807
3.40108
2.9987
2.56899
3.23053
2.89243
2.82327
2.2868
3.66118
3.12553
4.35175
2.18085
3.3742
3.9168
3.05598
3.4542
2.80025
2.69677
3.05193
3.10493
2.56122
3.13327
2.96325
2.61996
2.57326
3.67878
2.45887
3.30868
3.44406
4.15561
3.47449
2.68041
2.98434
4.41417
2.22913
3.14825
3.53273
2.93589
3.49665
2.65007
3.5886
2.07648
3.31228
2.67775
3.46725
2.19799
4.82868
4.80043
3.09424
2.52282
3.51521
3.12504
1.98299
2.58786
3.00362
3.00855
2.73437
2.9875
3.20991
3.35728
3.67643
3.53389
3.54869
3.63209
2.88222
3.65913
2.80703
2.10788
3.06695
2.86745
3.22755
2.98207
3.01297
2.56177
3.29374
2.59462
2.98737
3.98209
3.29582
3.4634
3.24906
2.60597
4.30555
1.88653
2.82282
2.2504
2.90014
2.74397
2.89139
3.55245
3.4215
2.06832
3.25502
3.35937
3.21068
2.90673
2.57828
3.42209
3.41836
1.99795
3.19447
2.68559
3.77933
3.96556
3.32563
2.71462
2.84895
2.72864
3.68241
3.66945
2.90767
2.21734
2.98303
3.17625
3.11588
2.97354
2.93312
2.82258
3.41345
3.6351
3.00066
2.66284
3.23882
2.96278
2.73628
3.1249
3.45333
3.79372
3.2358
3.07453
2.37204
2.58098
4.11543
2.07564
3.32064
2.62492
2.75944
3.40789
2.96858
2.54101
3.28231
3.00754
3.59849
2.96258
2.66351
3.29536
2.78684
2.97786
3.85198
2.3831
3.46195
2.8056
3.12727
3.29266
3.61155
2.83915
2.76752
3.05841
2.19244
2.81
3.27525
4.27602
3.66883
2.61271
2.98998
4.01659
2.77899
2.78273
2.23533
2.5802
2.90531
2.91955
2.965
3.29311
3.41419
3.19395
1.61422
3.3922
3.09799
2.84017
2.93076
3.38817
3.03718
3.34107
2.43188
2.20407
3.34931
3.85504
3.05438
2.87012
3.12378
3.47819
3.0581
2.33341
2.91581
3.08846
3.05125
2.41854
2.20451
4.00082
3.69167
3.65528
2.90618
2.57452
2.7746
3.60057
3.46484
3.21552
3.45691
3.0063
2.78458
3.15742
3.49147
3.40859
3.15181
3.23239
3.2269
3.54804
3.17862
3.35217
2.30235
2.76797
2.63653
3.04444
2.62656
2.79574
3.80984
3.24607
2.39186
4.12207
2.7888
3.41946
3.73647
3.71267
2.73667
2.48293
3.49513
3.30265
3.21182
3.11873
3.26607
2.67696
2.67673
4.15697
3.17892
3.491
2.74045
2.18815
2.27993
3.66311
2.631
2.57704
2.79109
3.13103
3.16169
2.93095
2.42733
3.14719
3.3341
2.42901
2.96911
2.63634
2.83016
2.96389
3.4312
2.68999
2.91053
2.74514
3.0338
4.52791
2.49602
3.17227
3.30551
3.21593
2.2851
2.57577
2.3886
2.66408
3.45225
3.66141
2.74239
2.77785
2.83982
3.11655
3.21749
3.3622
2.8694
2.76907
3.14635
2.60446
4.16674
2.25356
2.64321
3.8015
2.85126
2.78911
3.28651
2.59167
3.8325
3.62396
3.44242
2.56741
2.79479
2.67642
2.00382
3.82709
3.41383
2.97652
2.82585
3.60107
3.22934
2.53462
2.36017
2.87883
2.08415
3.06192
3.05197
3.26129
2.83231
3.16435
2.11461
2.47792
2.58039
2.29158
3.20539
3.90681
3.43385
3.18355
3.18327
3.10224
3.29024
3.34205
3.28609
3.47334
2.34924
2.60993
3.15936
4.10402
3.85225
1.92115
2.69853
2.20753
3.89359
3.2327
2.88319
3.01262
3.54526
3.13073
2.87812
2.40478
2.63636
3.10328
2.13123
2.9153
3.54513
1.90348
3.25359
2.87519
3.73463
2.71589
2.21906
1.96226
2.33156
2.73181
3.37906
3.83522
3.0485
2.91503
2.81262
2.80505
3.53842
3.37212
3.66526
2.79282
2.03858
3.5838
2.86378
3.14727
3.49103
3.38616
2.6626
2.74948
3.19569
3.63118
2.77264
2.97979
2.32465
3.14124
2.88068
2.87077
1.95996
2.93321
2.30781
3.21885
3.58277
1.74925
2.53258
2.89249
2.61997
2.43518
2.23283
3.08763
3.45308
3.62967
2.97161
3.10954
3.37224
2.56905
3.40592
3.85813
3.15646
3.15022
2.91227
2.47875
3.92934
3.60476
2.71732
2.74706
3.40887
3.01648
2.50123
2.43061
2.88293
1.77983
2.153
2.92239
2.22355
2.26055
3.12078
2.70725
2.59415
3.28682
2.87128
2.91782
3.33794
3.0397
3.19392
2.82131
2.54691
2.69894
2.32985
2.23651
3.21637
3.54299
3.41448
3.12655
3.12317
3.25394
2.37302
2.84561
3.21601
2.9838
3.31077
3.24579
2.96504
2.7293
3.37117
2.64943
3.03803
3.48248
3.21675
3.05217
2.66046
2.78094
3.15416
2.23514
3.6043
1.9755
3.76145
2.85656
3.24724
2.90633
2.58967
2.81669
3.50931
3.39792
2.51312
2.84773
2.87394
2.15244
3.30468
2.65737
3.10318
2.71784
3.26681
2.5583
3.35148
3.2638
3.50393
3.15504
2.91671
3.47044
2.5383
2.70286
3.60972
2.82588
1.91325
3.91614
3.20365
2.97866
2.73188
3.22924
3.28428
2.69359
3.44481
2.69165
3.24177
3.98292
3.05139
3.61017
3.59005
2.58399
2.18794
2.52454
3.04788
2.90197
2.90262
3.78119
2.88124
2.94466
3.34438
3.72212
1.88366
3.36127
3.33481
3.72878
3.06558
3.21036
2.57909
2.67755
1.98889
3.51944
2.73638
2.84069
2.42324
2.62079
3.11325
2.52135
2.75618
2.66566
2.31124
3.48825
2.68867
3.15172
3.23596
3.73936
3.41193
4.43511
3.56159
2.77706
3.48613
2.61068
3.78955
2.86731
2.20191
3.17319
2.91366
3.74098
1.9785
3.32668
2.1815
3.25411
1.78075
2.97894
3.41238
2.68304
2.78434
2.30151
3.09753
2.42836
2.9293
2.60326
3.13588
3.39641
2.77193
2.90015
2.71114
2.80078
2.53958
2.58312
3.09498
2.83048
2.30384
2.87104
3.0996
3.31869
3.60237
3.61496
2.88067
3.00096
3.32882
1.63102
2.76549
3.28316
2.91372
3.53791
2.01609
3.16136
2.26831
4.26947
2.50875
2.36706
2.83996
1.89619
3.16611
2.61891
3.35818
2.83539
1.91389
2.70913
2.39925
3.30283
3.11483
3.0496
3.42635
2.30961
2.92918
3.16465
2.55177
4.15736
3.63675
3.27242
3.44459
2.39816
2.79877
2.1666
3.04801
2.81817
3.97159
3.41392
2.58127
2.92196
2.75431
2.36416
2.62596
3.42337
3.44753
2.57914
3.0796
2.98876
2.39912
2.97688
3.50182
2.91564
3.3565
3.22854
3.55062
2.98767
2.97554
2.80745
2.52695
2.48999
3.35455
3.58351
2.20955
3.44788
2.73871
2.45256
2.86576
2.68306
2.73736
2.0036
3.63555
2.12495
2.62017
3.56201
3.16775
2.65919
2.74782
3.04506
3.04478
2.99088
3.30934
1.99928
3.29684
3.32324
3.84882
2.76407
3.6134
1.94759
3.45222
3.04366
2.48749
2.45304
2.22601
2.74822
3.08864
2.63729
3.32209
3.8072
2.5178
2.92348
3.15351
2.67729
2.28317
3.10859
3.20448
2.2118
2.8629
3.09647
2.85984
3.43997
3.36265
3.69043
3.40497
2.80624
3.21905
4.22645
3.35651
2.87157
2.17256
2.89055
3.31027
2.9682
2.50327
3.15208
3.21181
3.53267
2.87962
3.26196
3.60334
2.624
2.71313
2.68334
2.99888
2.39227
2.09195
3.99987
3.13183
2.81954
2.44219
3.34334
3.26099
2.93145
2.60133
2.75463
2.28432
3.73606
3.21767
3.26921
2.94643
2.32661
2.91119
2.81921
3.43399
2.55632
3.24018
3.29007
2.94318
3.57145
3.65563
3.53483
3.34182
3.61975
3.12505
3.1312
2.64526
3.16913
2.07692
2.36911
2.75913
3.28308
2.97122
2.87864
2.26813
2.44273
3.45144
2.34591
2.81871
3.4949
2.71203
3.00234
2.95909
2.55462
2.93736
2.93546
2.98685
3.52939
2.47943
2.70477
2.49858
2.45761
2.77595
2.95852
2.9074
2.49713
2.76413
4.07988
2.78207
3.38995
2.26806
2.31875
2.11476
2.38838
2.82156
2.62225
2.33785
3.03091
3.30146
2.79854
2.82856
3.10896
2.7805
2.14955
3.42674
3.33648
2.49773
3.3161
4.06268
2.86373
2.68692
3.32908
3.28113
2.24944
2.83134
3.03728
2.70441
2.35017
3.3354
2.83719
2.1525
2.62121
2.60044
2.72631
2.64638
2.73105
3.25973
3.52275
2.86151
3.06717
2.65153
3.56906
2.55901
3.74125
2.21773
2.67957
2.45602
3.14894
3.33545
2.6788
3.10897
3.31613
3.67351
2.71743
2.68549
3.6769
2.25635
3.01822
3.50608
3.24811
2.96919
2.35593
3.1848
2.29549
2.5922
3.32991
3.93238
3.61678
2.54063
2.43223
2.44239
3.26138
3.92043
2.41914
2.89709
4.11039
3.10012
2.4765
2.4259
2.97087
3.39171
2.83002
2.7374
3.0294
2.88589
2.06817
2.96725
2.26532
2.23303
2.42557
3.373
1.77043
2.88704
2.5801
2.92388
3.42554
3.6089
2.62917
3.51783
3.62453
2.97227
2.10433
3.36184
3.58661
2.81882
2.7352
3.51551
3.4841
3.73001
3.3731
2.20512
3.52521
2.35012
3.01011
3.04999
2.1433
2.89084
3.15197
2.46071
3.8073
3.16743
3.25425
3.47511
3.53277
3.15844
2.90095
2.99247
2.9748
2.61352
3.12189
3.35792
2.7796
3.58873
2.7192
3.60734
2.59683
3.43277
2.79749
2.9589
3.2392
2.33122
2.88649
2.80435
3.35723
2.81457
3.29935
1.88194
2.63734
3.1523
3.47886
2.51013
3.09602
3.6087
3.94646
2.46634
2.11123
3.79628
2.54907
2.33138
3.02458
2.29562
3.58135
3.40351
3.30863
3.2991
2.82291
3.31591
3.0085
2.92935
2.93215
4.13584
1.65133
3.37375
3.27366
1.92218
2.93189
3.62279
4.00818
3.61029
3.19739
3.28855
2.48662
3.22453
3.56133
3.62424
2.34837
3.25828
2.55708
3.50519
3.16043
2.37794
2.40661
3.37121
3.63506
3.39718
4.04141
2.92998
2.22528
3.79086
2.54958
3.14905
2.5138
3.38006
2.59065
3.00519
2.85085
3.07061
2.6336
3.67686
2.43954
3.1134
2.73707
2.53623
2.59148
2.96376
3.12366
3.25215
3.38239
1.90194
3.85086
2.97529
2.61395
3.67681
3.71546
2.08017
3.20978
2.94314
3.6117
2.73949
1.92222
2.61033
3.14439
2.87935
3.16669
2.37516
2.12615
3.00378
3.45275
3.84917
2.38939
2.62923
2.94147
2.94576
3.76401
2.86903
2.36151
2.87676
3.23785
3.51021
3.15314
2.92156
3.05335
2.46788
3.21531
3.39694
2.88914
2.92347
3.092
2.66993
3.94294
2.18071
3.28979
2.35009
3.64309
1.96168
3.29504
2.18786
2.42037
2.92081
3.10617
2.47898
4.01236
3.33762
3.523
2.88524
2.88206
2.49002
3.2766
3.62917
2.69652
2.72198
2.89244
2.84504
3.26348
3.25207
4.3121
3.17241
3.00406
2.39631
3.72314
3.13369
2.65708
3.01312
3.95673
2.40954
3.56887
2.9518
4.04694
3.02337
2.81737
3.27135
2.50428
2.68755
3.13649
3.75593
3.62734
3.7153
3.31882
2.61995
2.77897
2.70746
3.00113
3.71469
3.08494
2.70069
2.1903
3.6385
2.84449
3.15538
2.70858
3.54229
3.63364
2.90485
3.12875
2.99205
2.43576
2.70313
3.18126
3.47405
2.89307
2.59956
2.79296
3.15666
2.37857
3.21013
3.284
3.26339
2.43076
2.23743
3.56222
3.2058
3.68444
3.03946
2.23987
3.20089
2.50345
3.69399
3.54057
3.35587
3.124
3.66264
2.99545
2.83335
2.90521
3.13805
2.69347
3.07158
2.47583
3.00212
3.65433
2.643
2.9659
2.81616
2.23764
3.11774
3.06374
3.85616
2.96241
3.45994
3.94621
3.16525
2.82254
3.25561
2.62517
4.14351
2.41286
2.5478
2.66835
2.78391
3.12601
3.2358
2.89954
3.5448
3.58368
2.75321
2.17199
3.54972
2.90798
3.72554
2.72268
3.27375
2.79843
3.15384
3.31416
2.44351
4.07989
3.04606
2.34882
3.4733
3.46952
3.74585
3.22852
3.35984
2.99588
2.54833
3.11136
3.6069
2.93961
2.9991
2.66973
3.40382
3.22379
3.05363
3.72598
3.32953
1.71561
3.00497
2.55741
2.93727
3.60967
3.19222
3.08206
2.56555
2.22106
2.89021
3.54675
2.27687
2.94843
3.15931
2.39338
3.41476
3.44838
2.94957
2.47714
1.94669
3.64375
3.28041
3.27681
2.96032
2.64011
3.0359
2.54488
4.01061
3.70502
2.83964
2.87399
3.18953
3.44209
3.625
2.37993
3.03334
2.81486
2.00109
2.79887
3.88468
3.70198
3.47192
3.31109
3.27694
3.92593
2.9531
2.59611
2.94215
2.67948
1.8336
2.79162
2.63128
2.02974
3.71504
3.06599
2.48555
3.39681
3.36616
2.33522
3.10705
2.20555
2.61981
3.64786
3.13107
3.08189
2.83148
2.86118
2.35955
3.59807
2.69775
3.04947
2.42812
2.36542
3.16569
2.5219
3.33065
1.84129
2.49714
3.57076
3.38836
2.8925
2.12469
3.35215
2.19097
3.22692
2.35038
3.84061
2.56506
2.80725
2.76969
2.95763
3.36826
3.57383
2.72424
2.92285
3.58194
3.21457
3.26395
3.09688
2.80366
3.55746
2.28004
2.54302
2.69105
2.93667
2.63026
2.74478
3.04818
2.71472
2.48203
3.3596
3.04149
3.30968
3.28411
2.88247
2.8296
2.95643
3.05625
2.70684
3.84548
2.39527
3.55869
2.41535
2.66879
2.55745
2.96422
2.75353
3.4732
3.19852
3.20933
3.03475
2.84876
2.40576
3.28773
2.57168
2.82391
3.30222
3.20126
3.1695
3.07346
2.06104
3.07375
3.21369
2.46981
2.54798
2.90202
2.72485
3.01429
3.39474
2.25306
1.56304
2.4776
3.34122
4.40167
3.09868
3.51406
2.65823
3.2352
2.62691
3.68608
2.979
3.02857
3.55094
2.42475
2.99604
2.89844
2.56925
2.89976
2.82129
2.9779
2.89916
1.8291
3.36378
3.19123
2.05919
3.0614
2.68094
2.86865
3.38784
3.64867
3.07814
3.5944
2.92724
3.27911
3.58506
2.81905
3.9368
3.15535
2.05843
3.22091
3.48565
3.02637
3.15806
3.33645
3.26374
2.78845
3.85857
3.09802
2.98007
1.84587
2.99997
2.88845
4.18318
2.9332
3.52207
2.77598
3.12798
2.54194
2.52469
2.84585
2.89109
2.94417
2.64435
3.12595
3.28608
2.40683
3.22576
2.17951
2.13607
3.0327
3.62453
3.25966
3.37527
2.84897
3.52905
3.18292
2.82746
3.42342
2.09274
2.81414
2.9342
2.82657
3.36993
3.29348
3.34749
3.29976
3.25188
2.56145
2.87599
3.096
2.61113
2.90496
2.42931
3.22674
2.48708
2.93319
3.11034
2.7542
3.48365
2.46907
3.26099
3.56925
3.52553
2.28994
2.19084
3.40807
2.97833
2.23199
3.0242
2.80883
3.27945
2.40299
3.81089
2.85706
3.14237
2.72513
2.82859
4.07978
2.88819
2.8636
3.40867
3.84758
2.96234
3.46612
3.66331
3.60474
2.77083
1.96926
2.97086
3.35151
2.67283
2.77933
2.92569
2.97336
2.51838
2.87986
3.43191
2.13387
3.44197
3.27039
2.5375
4.23675
3.21549
2.7754
3.7305
2.55973
2.34194
3.41594
3.13696
3.46489
2.67054
2.46519
2.25588
4.6223
3.19343
2.75152
3.5958
2.31617
3.54976
2.6436
2.99071
3.16304
1.95721
2.42989
3.10897
3.80055
3.86895
3.20822
3.24961
3.65504
2.7796
2.27224
2.84666
3.52713
3.61401
3.06807
2.72621
3.26711
3.18052
2.24315
2.82974
3.53024
3.46333
3.52857
3.3334
3.33999
2.71867
3.29884
2.82241
3.10581
2.52858
3.12731
3.3871
2.72801
2.9458
2.90531
3.3278
2.45697
3.71428
2.49148
3.30967
3.49695
3.03068
2.47627
2.94455
3.13826
2.78297
3.39761
3.09706
3.44414
3.15812
2.69767
3.65252
2.42536
3.29957
3.17356
3.54498
3.16278
3.51473
3.08469
2.85251
3.30098
3.25986
3.07116
3.5584
3.19872
3.41397
3.18166
2.75286
2.9129
2.91002
3.73497
2.63841
2.70849
3.58818
3.04425
2.78924
3.13185
2.42283
2.56352
3.70239
2.36342
2.16107
3.29309
3.0474
3.10994
2.511
3.11694
3.09635
3.40034
2.79283
3.08362
2.54871
3.39024
2.09948
2.87197
3.70454
2.74312
2.46431
2.89322
3.39456
2.89132
2.83435
3.30594
2.98747
2.72269
2.70606
2.6621
2.80275
3.25308
4.06108
2.37724
2.60279
2.01087
3.08683
2.32321
2.99676
3.39454
3.31907
3.11749
2.72683
2.84354
1.97429
2.78832
3.39514
2.83087
3.26019
2.99171
3.34504
2.57233
2.90355
2.76842
3.26055
2.57487
3.07533
3.57193
3.19087
3.45597
3.23233
2.94603
2.31374
3.233
3.18717
3.35617
3.31807
2.66513
2.84189
3.11938
2.64959
2.78802
2.61123
3.36907
3.46442
3.37728
2.48772
2.59719
2.81084
4.34611
3.00531
2.45498
2.26454
3.28618
2.46768
3.84291
3.29502
2.93181
3.51986
2.67814
2.07284
3.31474
2.78844
3.68362
2.62257
2.88449
3.60153
3.13258
2.91882
2.1678
2.82561
2.2819
2.60418
2.87377
3.57948
2.9397
2.61695
3.21861
2.67377
3.65657
2.85438
3.33646
2.9451
3.59904
2.51059
1.89054
2.39973
3.22738
1.89579
3.24404
3.91741
3.31891
2.68781
2.85274
3.67759
3.16385
2.29849
2.59815
2.94546
3.28751
2.92578
3.67138
3.21999
4.54124
3.27377
2.05214
3.24976
2.79568
3.08055
2.49836
3.51321
3.16581
2.90469
3.45412
2.96828
2.74543
3.31656
2.8947
3.88619
2.59414
3.32775
2.64123
2.94204
4.37501
2.62198
2.62468
3.44069
2.50534
3.36757
2.71919
2.8998
3.21559
2.52054
1.89095
3.1979
2.37251
2.99971
2.74121
3.50979
3.25212
3.59865
2.68846
3.02727
2.90041
3.14495
2.6908
2.37278
2.06535
3.18187
3.21522
2.30914
3.09151
3.81194
2.74005
3.16289
3.05483
3.04613
3.30649
2.72288
4.30857
2.71813
3.91051
1.74914
2.43949
3.11269
2.89295
2.86909
3.34677
3.54373
2.53735
2.62601
3.5572
3.18201
3.9756
3.20917
2.71437
2.47239
3.51625
2.44184
2.92091
2.88631
3.07509
3.46281
3.21905
3.11837
3.58986
3.59332
2.99338
2.44309
3.34684
2.21568
3.08941
3.16958
2.55323
4.14414
2.97602
3.54759
2.91666
2.87654
3.47367
2.14783
3.22903
2.97096
2.64011
3.23478
3.61901
3.93376
2.7654
3.45982
2.84306
2.45467
2.65838
3.18058
2.60125
2.8995
2.42255
3.03522
2.92387
2.02648
2.59253
3.14535
2.82796
2.24052
3.28206
2.52281
2.89644
3.65619
2.90337
3.0565
2.58049
3.74624
3.14197
3.53994
3.93816
2.30334
2.67037
2.67395
2.8771
2.80221
2.84267
3.38439
2.48119
3.03457
2.65417
3.06928
1.77318
3.28792
3.32817
3.42225
2.43649
2.70618
2.69368
2.48087
2.22342
2.91025
2.31803
3.61289
3.2229
2.95756
2.67882
2.392
3.02881
3.51582
2.7026
2.6114
2.98175
2.25536
4.0645
3.78164
3.3498
2.55732
2.84168
3.72935
3.37954
2.48493
2.24277
2.76494
2.60408
2.76755
3.00258
3.15995
2.40851
3.64792
2.59426
2.92838
3.05521
3.11075
3.2751
2.69291
3.54039
3.03261
2.48616
2.83108
2.35098
2.41597
1.87687
2.84013
3.70626
3.98171
2.98575
3.48658
3.30764
2.54931
2.32231
4.36063
2.71484
2.55111
2.798
2.19285
3.50146
3.36963
3.03821
3.18037
2.73083
3.32619
2.66598
3.13366
2.60223
3.66002
3.64798
2.52741
3.49947
3.0327
3.19302
2.53024
3.41352
3.37357
2.46078
3.28711
2.6442
3.47555
2.82664
2.99805
2.54688
3.03676
3.69189
2.1928
2.96775
3.46973
2.57803
2.86821
3.21712
2.96404
3.12285
2.98784
2.37313
2.1955
2.68836
2.65353
3.11243
2.66998
2.60133
2.21003
3.21817
2.20072
2.37155
3.72638
2.5764
3.27656
2.95343
2.72309
3.88649
3.17812
3.97008
2.38871
2.90668
2.83291
3.02891
3.30252
2.49688
3.39459
3.84545
2.60504
2.31214
2.89148
3.63128
2.9877
3.64655
2.07821
2.61834
3.41238
3.48006
3.21955
2.81019
3.03473
2.82783
2.97176
3.57568
2.97941
2.94794
3.41957
3.33124
3.11754
2.97554
2.80538
2.8688
2.126
2.90812
3.33559
2.90774
2.9527
2.61778
3.05739
2.81929
3.0974
3.2992
3.85536
2.4773
2.32735
3.67017
2.91469
3.68879
3.75088
2.46949
3.39961
3.15659
2.87461
2.80267
2.29244
2.04366
3.96876
2.17326
2.51891
3.33794
2.08515
3.59572
2.65739
3.7618
2.75013
3.21266
3.18191
2.1056
4.02881
2.88063
3.16652
3.3294
3.06031
2.42202
2.28933
3.27665
3.73546
3.09444
3.56877
1.76039
2.50614
2.41901
2.94752
3.62118
3.0014
2.74363
4.00648
4.49167
3.16638
2.87939
2.43594
3.03179
2.32584
3.89233
3.32045
3.56493
2.22764
3.22401
3.84129
3.9095
3.6902
2.97556
3.00854
3.1556
3.68285
3.77872
2.43506
2.8156
2.30153
2.13408
2.39999
2.89208
3.08338
1.99533
1.91954
3.21392
2.21256
3.25022
2.91752
2.6257
1.78791
2.15804
2.38477
3.24
3.93129
2.68392
3.47203
2.10945
2.62573
3.59661
3.42236
3.13636
2.63408
2.82425
3.70733
3.13199
2.58474
4.08791
3.02057
2.61564
4.03455
2.46102
3.53893
2.70619
2.99745
3.02255
2.72988
3.61791
3.043
2.35905
3.55826
2.61326
2.28748
3.16721
3.58804
3.1626
2.90087
2.84233
3.66945
2.84281
2.49155
3.0217
3.17952
2.54174
3.34005
2.83979
2.29199
2.66236
2.98977
2.76303
2.63441
3.66832
3.16832
2.5136
2.9518
3.34543
3.31769
2.9941
2.82806
2.89476
3.03332
2.5982
2.69736
2.86909
3.58596
3.06738
3.67838
3.22927
1.8297
3.51697
2.7623
3.91219
2.49863
3.25856
3.18023
3.2326
2.64102
3.00525
3.827
3.20314
2.38043
2.90968
3.10625
3.39345
3.12867
3.49964
2.97762
2.76346
3.49679
2.34819
4.1272
3.14094
3.70439
3.6793
2.59174
3.4912
3.4814
3.18807
2.99362
2.68671
2.61775
2.9364
2.21541
2.82852
2.82436
3.22852
2.45075
3.2201
3.49291
3.63005
3.6732
3.22182
2.87928
1.91871
3.36782
3.30524
2.6755
3.21924
2.66954
2.79891
2.93602
3.12922
2.71113
3.43671
2.19489
2.90338
3.27068
2.81824
2.95561
3.65872
3.27764
3.01659
3.31285
2.31816
2.9608
3.12244
3.14717
2.33595
3.48696
3.83276
3.57819
2.9452
3.59021
3.64207
2.19207
2.57155
3.45133
3.66209
3.38104
2.54396
3.57782
3.46454
3.58781
3.17333
3.77529
2.27605
2.81726
3.42845
3.26357
2.62962
2.28324
3.37369
3.32036
3.04553
3.23741
3.3063
2.5667
3.02559
3.46357
3.18616
3.71161
3.45207
2.32538
3.50526
3.1352
2.88039
3.04537
2.93034
3.83111
3.24262
3.282
3.59281
2.77262
3.22989
2.18098
2.77398
3.33726
3.39492
3.12247
3.92166
2.42836
3.16362
3.68914
2.90339
2.68742
2.22814
3.38701
3.64699
3.26213
3.62178
2.53116
2.55038
3.16878
1.95605
3.16509
3.7924
3.09613
3.65209
3.46256
1.99008
2.74137
3.25813
3.38186
2.97517
2.42665
2.71896
3.1286
3.46115
2.63274
4.45814
2.45662
2.4929
3.39493
2.90945
2.38303
2.71995
3.3933
2.47483
2.49364
3.48231
2.36782
3.87071
2.39964
3.3096
2.88534
2.91669
2.66158
3.31683
2.65472
3.65336
3.78903
2.2838
3.78198
2.34525
3.15043
2.40951
3.22116
3.14222
3.25489
2.97033
2.56322
1.96369
2.5712
2.8663
2.89184
2.35287
2.49304
2.69117
3.09517
2.35355
3.29157
2.36229
3.28137
3.35555
3.04655
2.74278
2.84448
2.75354
2.58707
3.29322
3.6096
3.2724
2.57184
2.60332
3.13635
3.1986
2.17116
2.26835
2.91571
3.65848
2.42213
3.15651
2.98023
3.91815
3.1238
2.62139
3.27133
1.662
1.99126
3.58253
2.95728
2.50216
3.8801
3.24352
2.36393
2.94878
3.12478
3.36012
2.58482
2.85017
3.42462
3.42623
3.13646
3.67154
2.50205
2.47709
2.20378
2.84897
3.01144
3.04048
2.94696
4.02088
3.06658
3.29912
2.41994
3.01281
3.34851
3.12136
3.06268
2.41657
4.21298
2.58977
2.16774
3.31506
4.35096
3.02334
2.23654
3.18717
2.77501
2.93922
3.47472
2.97301
2.62227
3.07997
3.20843
3.8281
2.87125
3.80075
2.46931
2.45697
2.82406
3.19119
2.53159
3.01494
2.68774
2.86326
2.61139
2.11531
3.36944
3.35643
2.9364
2.75693
3.26743
2.62812
3.41521
2.44109
3.14945
2.63868
3.12803
3.24632
2.91896
3.17551
4.09069
3.18797
3.74509
3.67538
3.16859
3.26279
2.68868
3.04391
2.85663
2.33513
2.3023
3.49497
2.85741
3.46505
3.37181
3.12892
3.6008
3.09039
1.79732
3.06561
3.2073
2.86876
2.77663
3.53267
3.70478
3.37622
3.18325
3.31643
3.25241
3.23938
3.64711
3.06372
2.81849
3.07384
3.53871
1.93189
3.51216
2.72172
2.5154
2.71207
3.15587
3.37632
3.51646
2.95984
3.09598
3.25355
3.24533
2.8029
1.95401
2.67146
2.96501
2.9884
3.87066
2.84703
2.8699
2.95022
1.69586
2.78816
3.33064
2.65438
3.18344
2.35521
2.77781
2.47691
2.83308
4.19344
3.82848
3.07534
3.18651
3.36668
2.53875
3.87685
3.04256
1.81126
3.52549
3.24478
2.5377
2.95134
3.12529
1.97835
3.12385
2.97072
2.90782
3.66429
3.23159
2.82252
2.68245
3.26317
3.2731
2.66381
3.64389
3.25426
2.79132
3.48423
3.48202
2.85614
2.37351
2.56127
2.70254
3.04643
2.71185
2.83605
3.15534
3.6265
4.10854
2.73118
3.71566
3.95297
3.34145
3.07602
3.35143
3.30207
3.05726
3.66035
3.07321
2.80197
3.44583
2.57172
2.88445
2.45791
1.84903
3.00229
3.28146
3.37974
4.02074
3.14802
2.90701
3.08863
3.11555
3.75646
3.53907
2.69497
3.05143
3.79234
2.38728
2.94421
3.47411
3.14026
2.41929
2.54905
3.69535
2.46474
3.45169
2.85545
3.46853
2.65778
2.29682
2.91991
3.11739
3.32562
3.69287
2.44241
3.2614
3.04914
2.93888
2.6075
3.85153
2.73488
2.64955
3.30519
2.93466
3.11472
2.93793
2.12455
3.20761
2.09514
2.85157
2.61678
3.62761
3.04194
3.76489
3.66836
3.31772
2.39708
2.93482
1.9271
2.9755
3.17754
2.49404
3.44335
2.70514
2.92469
2.76385
1.87796
3.19329
3.63403
3.33598
3.26119
2.22573
2.76208
2.61337
3.31701
2.58582
3.33802
2.66281
2.45247
2.62148
2.88368
2.80724
2.96207
2.86751
3.38081
2.88198
3.01785
3.58787
3.17134
3.75939
3.3925
2.50792
3.53001
2.76573
2.84499
2.80194
3.27287
2.64992
3.74341
2.90147
3.77294
2.55243
3.0922
2.99681
3.07841
2.97803
2.95621
3.16329
3.07979
3.48285
2.78909
2.82063
3.35242
2.35021
3.29071
3.17512
3.03293
3.50522
2.59033
2.27379
3.62422
1.94204
2.85163
3.26593
3.29313
3.26415
2.38203
2.96048
3.24123
3.28111
2.81657
2.6242
2.42964
2.8291
3.59748
3.15281
2.41866
3.07086
2.78732
2.24701
3.82448
3.12345
3.20119
2.32149
3.13879
2.01677
2.82492
2.72488
2.30766
2.27257
2.4373
2.94064
3.38463
2.8207
1.94549
2.86235
3.49438
2.47558
2.78476
2.9786
3.22752
2.72679
2.19224
2.58141
2.07786
3.11322
3.31151
3.34955
3.21225
3.31093
2.99071
3.33958
2.67638
2.29251
2.50577
4.03535
3.69991
3.25414
3.8168
3.65734
3.23211
2.66835
2.85168
3.51969
3.13468
2.98878
2.60611
3.68464
3.40474
3.26726
2.7306
2.75337
2.71283
2.60868
2.67031
4.00514
3.13843
2.46334
2.53763
2.86198
2.39724
2.81601
3.52917
2.5559
3.1741
3.08215
1.94799
2.90432
2.5963
3.6794
2.79939
3.34282
3.48941
3.08263
3.04461
2.76347
3.58999
2.7997
3.65374
3.45708
3.82163
3.3488
4.31665
3.27551
3.06965
2.70049
3.20113
4.2712
3.27145
3.11608
2.47375
3.51444
2.21555
2.57688
3.24527
2.30656
2.68727
3.37104
2.95662
3.84675
3.39947
2.38685
2.8994
3.0868
2.4828
3.03445
2.45104
2.74338
3.16223
3.07433
2.24207
2.82288
2.47615
3.34889
2.80734
3.06896
3.70647
3.08826
2.64968
2.67211
2.59441
3.88676
2.96712
3.1194
2.88183
3.05482
2.83344
3.504
3.14812
3.3778
2.92821
3.09875
3.64924
3.31119
3.6921
3.72987
2.60946
3.32557
2.33949
3.25913
3.22606
2.25939
3.92693
2.01683
3.40785
3.38614
3.69508
3.03468
3.26872
2.68239
3.43597
2.75732
3.5279
2.92463
3.46682
2.77975
2.51547
3.78381
2.86226
3.23615
2.55167
2.52594
2.56069
3.1345
3.56937
2.9827
2.30273
2.94752
2.36147
2.96519
3.10215
3.26996
3.66552
3.50463
2.99617
3.25046
2.60985
3.93923
3.96839
2.88656
2.80379
4.01743
3.77043
2.72071
2.81147
3.11519
2.2994
2.98241
3.1352
2.97744
3.50939
2.72031
3.37731
2.17624
2.82003
3.5517
3.18304
2.72151
2.88951
2.79102
3.65384
2.77471
3.75383
2.5887
3.65578
3.46059
3.01528
1.89322
3.22527
2.85577
3.16141
3.38292
3.75244
3.89022
3.12906
3.48403
3.61732
2.5438
2.92287
3.5245
3.35489
3.47867
3.05259
3.50934
3.10982
2.80171
3.12754
3.24077
3.41481
3.29141
2.86004
2.52991
3.42943
2.75891
2.43388
2.72076
3.29609
2.85208
3.25877
2.42421
3.28889
3.57832
2.90929
2.62649
2.52158
4.3111
2.70347
3.33673
2.02587
2.74459
3.66873
2.27345
2.53184
4.04091
3.63864
3.0394
2.85635
2.21346
2.84403
3.13716
3.59007
3.31914
3.10085
3.84833
3.05733
1.86989
2.72886
3.31314
3.70472
3.30468
3.1883
2.8211
3.51784
3.51198
3.15692
2.62511
2.98399
3.78151
2.43723
2.52776
2.52401
3.51786
2.89644
3.02984
2.61268
3.13491
2.78678
2.73701
2.93538
2.52862
3.6455
3.07361
3.82516
2.30126
2.98607
2.74103
2.69941
3.53231
2.82783
2.89695
2.50797
2.80341
2.78586
2.26433
2.38266
2.83772
3.41786
2.661
3.01743
2.90153
2.77915
3.30759
3.21649
3.63442
2.91463
2.52333
3.06201
3.52063
3.60375
2.96724
2.77198
2.25552
2.8061
3.11672
3.4516
2.42618
3.40452
3.2843
3.76259
3.1744
2.89933
3.06734
2.77793
3.80213
3.57299
2.95884
3.89654
3.08467
3.22072
2.64246
3.87076
3.43547
3.00055
3.39049
3.00577
2.55483
2.65571
3.34443
2.31523
2.61791
2.32479
3.03206
2.63507
3.27319
2.56946
3.13526
3.16867
2.6686
3.28534
2.4485
3.03561
2.8696
2.16309
3.03092
2.53759
3.76972
3.22706
3.11589
3.94108
3.82261
4.44438
3.45339
2.4513
2.70762
3.03003
2.00031
3.33426
2.97095
3.0573
2.85631
2.94895
3.53102
2.31863
2.8366
3.59268
2.71525
3.29135
2.98864
2.99028
2.67501
2.82734
2.72838
2.87988
4.07697
3.49736
2.91257
3.04436
2.83095
2.80457
1.53104
3.4743
4.013
3.59497
2.51434
3.4583
2.78339
2.26197
2.44832
2.99756
3.20045
3.05533
2.91248
2.76793
3.95401
3.7287
2.88122
3.54287
4.10551
2.49429
4.01174
2.93157
3.20975
3.23559
3.70694
2.84951
3.50507
3.11283
3.00302
2.23425
3.07382
3.33064
3.58583
2.87219
2.88848
3.50566
3.86229
2.32749
2.88162
2.69658
2.86469
3.64727
2.48158
2.74964
2.27883
3.14278
3.43668
3.61826
3.35474
2.9716
3.82304
2.52184
2.05672
3.0972
3.34627
2.06009
3.49722
3.75571
3.06775
2.6347
3.42057
1.86109
2.24796
2.59467
2.63747
3.19939
2.78041
2.61195
2.8257
2.78676
3.16223
2.57086
3.45603
3.47981
3.28205
2.38981
3.63639
2.23263
2.78193
2.56635
2.72586
3.02888
3.83551
3.67278
3.10615
2.15536
2.59299
2.85171
2.63274
2.79296
3.05476
2.87663
3.19467
2.3422
2.4363
2.86868
2.64371
3.53828
3.37311
2.63838
3.32557
2.80576
3.54905
3.35527
3.14803
2.94666
2.62374
3.55864
2.81194
3.55871
2.79106
2.47755
3.64819
2.99966
3.5429
3.69349
2.72269
2.65948
2.52024
3.19219
3.37368
2.65471
3.47286
2.22015
2.73428
3.11796
3.32625
3.49979
2.51296
3.98439
3.75923
2.97845
2.67359
3.09318
2.59135
3.36043
2.57936
2.66259
3.73816
2.95022
3.27936
3.17738
2.34131
2.44696
3.11816
2.88422
3.64821
2.99351
3.62107
3.29214
3.42713
3.09274
3.56944
3.76299
2.41718
2.48616
2.51016
3.35492
3.11477
3.11959
2.85796
1.87194
2.72435
2.3101
3.15371
2.87689
3.13924
2.51556
3.20137
3.58062
3.12269
2.48774
3.15928
3.25009
3.34412
2.52401
3.04165
3.04166
3.18849
3.25654
2.3855
3.06897
3.45505
2.37009
3.66264
3.83781
4.10491
3.95918
2.81242
2.99546
3.34638
3.10924
3.36482
2.2834
3.22096
3.05159
3.33588
2.81834
1.76
2.89963
3.37552
2.50804
3.19331
2.0463
3.05733
3.40346
2.02898
3.78021
3.56675
2.38354
2.81117
3.66488
3.10142
2.72105
3.41258
3.04911
2.85588
2.10099
2.59279
2.82584
2.67395
2.75431
2.99979
2.42225
3.27449
2.68434
3.1044
3.28777
3.80272
3.94572
2.8617
3.15515
3.06001
2.55269
2.38884
1.98345
3.29557
2.36225
2.77465
2.73407
3.39997
3.01807
3.21208
2.81185
3.21489
2.8498
2.87985
2.67462
3.28191
3.17
3.0955
1.95011
2.77448
2.55483
3.57896
2.92274
1.92534
3.67375
3.77095
2.59458
3.1318
3.0669
3.46206
3.16014
2.79921
2.92758
3.40181
1.97489
3.03595
3.73249
2.12482
3.47094
2.03647
3.33723
1.96922
3.30841
2.96447
3.64161
2.47086
3.31961
3.62061
2.97142
2.59457
2.72297
3.43462
3.4236
3.2059
2.91745
3.99458
2.85012
2.5539
2.94436
2.10578
3.66376
3.62293
3.26195
2.89149
3.48121
2.96774
2.71715
3.47297
2.69189
2.92787
2.96457
1.9664
2.62286
3.74792
2.40357
2.8994
3.20546
4.07965
4.25787
3.00482
3.01632
3.56582
2.49894
2.13897
3.08662
2.34933
2.49899
2.90332
2.6034
3.29333
3.33431
2.78125
2.55636
3.66038
2.86469
2.22924
3.57969
2.63007
3.81606
3.46538
2.77692
2.66149
3.11229
2.77431
2.428
3.70193
3.01722
2.42053
3.27998
2.94424
3.09632
2.85887
3.08177
2.84839
3.40286
3.12302
2.58183
3.06155
3.29598
3.73437
3.1834
2.91303
3.02863
3.22284
2.68917
2.70251
2.58261
2.56093
2.76116
2.62556
3.44309
2.9528
3.0865
3.21734
3.271
2.89348
2.13858
2.93641
1.75244
2.8646
3.02886
2.93418
3.1207
2.37854
2.43217
1.69953
2.79053
3.18588
2.97542
3.07702
2.15588
2.88658
3.0652
4.28534
3.46526
2.63412
3.27446
2.78727
3.1173
3.73212
3.27761
2.05722
2.70295
2.39916
3.33738
3.59207
2.26441
3.28351
3.08112
2.97954
3.86473
1.97308
2.27783
2.75316
3.61824
2.54161
2.72764
2.38252
3.33984
2.99889
3.11291
2.65402
2.64089
2.31038
2.84273
2.29577
3.46317
2.5427
2.57701
3.70133
2.55222
2.37596
3.09008
2.79636
3.28642
3.19426
3.46257
2.62794
2.97594
2.73978
2.96558
2.28523
3.45628
2.7174
2.92823
3.00086
2.77018
3.59723
3.40683
2.5391
3.81208
3.24767
3.40988
2.66737
3.14833
2.82073
3.26944
3.13878
3.63516
2.48348
3.54681
2.58212
2.77938
2.86005
2.38124
3.44898
3.20304
3.44577
2.73311
1.95783
2.65976
2.50552
2.52129
3.22687
3.51384
2.47798
1.79585
3.01349
2.76755
2.19739
1.72406
2.67609
3.16365
3.73325
3.23463
3.19075
2.85219
4.00514
3.28431
3.10795
1.89269
2.82609
2.90215
3.34114
3.23817
2.93346
2.25118
2.87331
3.56881
2.75585
3.11812
2.88343
3.52229
2.29861
2.55768
3.7053
3.06946
3.42923
3.45403
2.30149
2.62592
2.76993
2.44421
2.01926
2.76764
2.45569
2.5493
2.91967
2.86417
2.88932
2.4258
2.62941
3.18618
2.51618
3.41874
3.17569
3.4808
3.14806
2.65736
3.61196
1.77959
3.58969
2.8907
2.63775
3.2314
3.20756
2.40307
2.76598
4.11444
3.08257
3.01359
3.41592
3.29284
3.61773
2.65774
2.25318
3.65548
3.09648
3.18032
2.63323
2.82432
2.77721
3.65433
3.36729
3.78619
3.25596
4.43156
3.06227
2.62843
3.10434
2.97546
3.33027
2.32465
3.21685
3.32361
3.27755
3.31995
3.09517
2.82629
2.41013
3.35479
3.02621
3.42793
3.66642
2.80269
2.92962
2.71194
3.22214
3.67757
2.52892
3.00012
2.07922
2.86596
3.71667
3.53544
3.01709
2.76488
3.99024
3.3957
2.65605
2.95185
3.23775
2.77451
2.69541
1.95385
2.98528
3.00701
3.07872
2.97041
2.86381
3.07775
2.37989
2.78106
2.62972
3.05359
3.35947
3.252
2.93094
2.74215
3.01624
3.20319
2.81387
2.10643
3.74007
2.88592
2.94712
3.20881
2.67147
2.50096
3.86567
2.4711
2.72187
3.0846
2.52431
2.92672
3.22141
3.35463
3.69048
3.56265
3.02127
3.08111
2.80741
3.3726
2.84127
3.16774
4.54076
3.26611
2.16723
3.96434
3.88506
3.24047
3.63664
3.30594
3.576
2.27412
2.89383
2.90792
2.93449
3.13763
3.12086
3.62463
3.10938
3.26255
3.39667
3.26668
3.05291
3.23294
2.41614
3.80186
3.11524
3.64144
3.45233
3.17673
3.14606
2.32418
3.37096
2.25729
3.75259
2.5901
2.48767
2.99831
2.80721
2.8593
2.67631
3.20273
3.26338
3.45359
3.2299
3.44118
2.82911
3.04469
2.69825
3.0055
2.25444
2.48413
2.88439
2.7309
3.4314
3.81685
3.13026
2.68197
3.56994
2.43213
3.38146
3.49692
2.43941
1.97803
3.86907
3.26646
3.09451
3.53833
2.33021
3.0209
1.99903
2.82853
3.10258
3.77013
2.85888
3.35091
2.79015
2.65823
2.55004
2.83765
3.17569
3.187
3.09089
2.82432
4.23638
2.52609
3.02821
3.4234
2.56387
3.21678
3.4096
2.23036
3.00443
3.78569
2.83736
2.65785
2.66491
3.20081
3.6005
2.92045
4.22215
3.44492
3.56331
2.65824
4.02748
2.92016
2.28599
2.11851
3.02414
3.05208
2.86621
3.3479
3.34306
3.58618
2.75285
3.02433
3.37119
3.37856
2.19196
2.81196
2.58201
3.73579
3.37882
3.52968
3.34571
2.67863
2.44163
3.026
2.98876
3.36293
3.7807
2.55602
2.34294
3.10189
2.61334
2.35504
3.10861
3.2189
3.72571
2.19355
2.70876
3.32055
3.47758
3.05139
2.86047
3.18784
3.22553
2.63607
3.21865
3.2568
2.40403
2.22371
2.44978
1.68135
3.53902
2.93485
3.09119
2.17857
2.38364
4.0497
3.04069
3.04723
4.00584
2.62708
2.26658
3.0576
2.97401
2.05167
2.50653
3.3251
3.25839
3.09374
2.79978
2.77686
3.04004
2.11092
3.33276
3.45762
2.76714
2.63837
3.5479
3.30763
3.4479
3.59731
3.55726
3.083
2.74975
3.37084
1.74348
3.07197
3.25307
3.39749
2.60491
2.82359
3.44969
4.07455
2.58918
3.23373
2.90032
2.27198
4.16743
3.68666
3.5319
4.10258
3.13722
2.39613
2.89113
1.88388
3.48498
2.16924
3.43652
2.4135
2.05445
3.06782
3.1747
2.98827
2.29351
4.09993
3.21717
3.41783
3.05781
3.28894
3.07367
2.67946
3.16328
3.54394
3.05722
3.16131
3.35695
2.8324
2.61665
2.55304
2.61887
3.53089
3.14726
2.71976
3.2795
2.72834
2.71683
3.03537
2.99976
2.85519
2.81786
4.38731
2.99474
3.43519
3.05058
2.69929
2.99953
1.93261
2.0776
4.09295
2.25377
2.52925
3.11188
3.85718
3.63611
2.75472
2.80795
2.74848
3.02766
2.8827
2.4799
2.87173
2.40761
4.24769
3.01279
2.45438
2.87068
3.62443
3.04137
2.67188
3.42955
2.473
3.71241
3.17174
2.45955
3.26504
2.67224
2.99479
3.53123
2.26052
2.69019
2.65139
2.3089
2.77963
3.96515
3.1741
3.15038
2.97168
3.17234
2.34217
2.96438
3.17651
3.47018
2.90802
3.99399
2.75542
3.06802
2.4339
3.19672
2.71835
2.52727
3.00471
3.54333
3.99332
2.83345
3.09291
2.17131
3.71678
2.84887
3.54345
3.09633
3.02307
3.14397
3.00624
3.28597
2.88589
3.05146
2.95197
2.62862
2.73894
2.74589
2.71109
4.16035
3.27871
2.80166
2.95636
2.89981
3.09997
2.23329
3.11545
3.41156
4.08224
3.45274
3.23286
2.88239
3.10937
3.25906
2.97051
2.89989
2.96551
3.54723
3.40463
2.69214
3.74274
2.80794
2.63411
2.03607
3.21193
3.04107
2.02303
1.96079
3.35604
2.81151
3.20134
3.46034
3.11745
1.75484
3.40808
2.80623
3.34481
2.81345
3.55006
2.53199
3.48403
3.31765
2.65832
2.48741
2.45321
3.11329
3.25837
3.26969
3.33967
3.22774
2.48548
3.37589
3.48444
3.75924
3.38267
3.38434
2.96613
4.61334
3.07309
2.63898
1.83867
2.94489
2.65631
2.90367
3.4547
3.60462
3.07885
2.79354
2.46096
3.41989
3.28772
2.76243
2.82851
2.21174
2.96109
3.19806
3.22421
2.71167
2.9978
2.29845
3.44302
3.50023
3.32911
2.66146
3.44911
2.94109
3.00869
4.26064
2.53993
4.20909
2.32969
2.36919
2.5957
2.64069
2.7985
2.78673
2.53402
2.21376
3.62246
2.46222
2.65085
2.30703
3.72549
2.58585
2.84001
2.14655
2.97231
2.46942
3.31836
2.45147
2.47248
2.63402
2.5439
3.19936
1.85871
3.94725
2.73887
3.24148
3.0857
3.69924
2.18217
2.72671
3.41114
2.73566
2.62771
3.40793
2.37788
3.13129
2.99777
4.49535
3.09749
3.45309
3.37244
2.12103
2.17694
2.59575
2.91926
2.44687
3.32231
2.52881
3.33433
2.84202
2.05387
2.34806
3.20342
3.21223
3.8082
2.97764
2.00969
3.38058
2.33668
2.76528
3.06855
2.51711
2.63931
3.00954
2.98815
2.66708
3.51285
2.28488
2.84576
3.17533
2.39356
2.3922
3.45097
2.60438
3.10486
3.05151
2.89952
2.83845
2.04986
2.73337
3.08296
3.14141
2.89445
2.97194
3.4707
2.83278
3.44531
2.31217
3.19039
2.81975
3.01768
2.71286
2.79097
3.21799
2.79253
3.46915
2.71859
3.34904
3.68429
2.67454
3.33171
2.68861
2.88337
3.51872
3.14524
3.56407
4.2952
3.98168
3.24958
2.53628
2.83405
3.65278
2.95692
2.87888
4.37637
3.11335
3.04817
2.77387
3.03229
3.57978
2.59417
2.84604
2.14117
3.34036
3.25038
4.33286
2.73889
3.81363
2.77406
2.90643
2.78122
3.83014
3.36015
3.04639
3.04137
2.49632
2.66405
4.00081
3.44801
2.3104
3.10023
3.65783
3.25439
2.70399
2.87086
3.1512
2.88153
2.74186
3.10816
3.23782
3.30834
2.86827
3.71638
2.55183
2.49128
3.14664
3.20202
3.06353
2.35478
3.30841
3.68201
3.62346
3.61179
3.16886
3.33349
3.24493
2.36672
3.27275
3.21285
2.43809
3.00446
3.40441
3.44944
2.96444
3.39658
3.9973
3.78316
3.06384
2.71286
2.79715
3.42243
2.69719
3.50484
3.12902
2.75817
2.99805
3.9504
2.93617
2.79991
3.41622
2.66217
3.32345
2.66002
3.17526
2.59777
3.78277
3.38264
3.21393
2.17246
3.28758
3.49519
3.65589
2.86059
2.77998
2.47549
3.06123
3.59279
3.0484
3.92032
3.64853
3.55561
2.89114
2.72548
3.19719
3.63305
3.21296
2.48648
3.14885
3.43368
2.47868
2.32212
3.24761
3.19888
3.69198
2.83346
3.04363
2.95402
2.74899
2.77567
4.12691
2.45011
2.69065
2.57199
4.0151
2.89422
3.41872
3.59868
2.51201
3.67082
3.05071
3.87405
3.42745
3.42615
3.77275
3.07203
3.23119
2.51853
2.57356
2.13715
3.34837
2.47024
2.58953
2.99917
2.51105
2.3419
2.83084
2.98614
3.10398
3.06886
3.66474
3.56793
2.94607
2.82089
2.70778
2.70468
2.82674
2.70295
1.79651
2.64541
2.95572
2.33979
2.58956
3.10709
3.63927
3.18896
1.89101
3.28877
2.86367
2.86853
3.02992
3.46976
2.879
3.62159
3.60542
2.51093
3.14627
3.47888
3.30645
2.24607
3.64822
3.10741
2.59282
3.23328
2.45396
2.93461
3.13504
3.5549
3.18113
2.38349
2.5096
2.92661
3.97536
2.94276
2.72602
2.85289
2.46631
3.18666
2.52611
1.94695
2.83986
3.85866
3.35633
2.6819
2.77343
3.6459
2.54466
2.25713
3.87808
3.26836
3.05525
3.20721
3.18124
3.05698
2.55733
2.77643
2.49902
3.34007
3.35543
2.97473
3.52716
2.8766
2.67278
3.5824
3.20676
3.2112
3.11433
3.29019
1.92487
3.59211
3.50819
3.21771
3.36494
3.268
3.57403
3.01036
3.61042
2.56935
2.8564
2.90236
2.8541
3.18849
2.72922
2.58483
2.83264
2.75533
3.50645
3.28189
2.48336
3.38156
2.36886
3.83464
2.95448
2.65055
4.14422
3.56091
3.49385
2.26931
3.34269
3.49255
2.98681
2.70301
3.16736
2.1885
3.52367
3.36584
2.67282
1.87996
1.56909
3.47347
2.63876
3.15376
2.30298
1.83878
3.36042
2.88902
2.83179
2.95514
3.87988
3.33701
2.29714
3.56463
3.47202
2.63748
3.09166
2.74734
3.28886
1.91104
2.42841
3.72121
3.86316
2.39968
3.40789
2.12031
2.51615
2.86569
2.66686
3.57152
3.567
2.74011
2.63262
4.08728
2.90337
2.80826
2.94718
3.46142
3.3499
3.18638
3.63193
3.51359
3.28219
1.88541
3.30051
3.42915
3.25077
2.97899
2.99751
2.43924
2.06212
2.8263
3.02145
3.87247
2.95852
3.29874
3.37937
3.23405
3.08796
2.84703
3.44576
2.61264
2.82319
3.79851
4.02927
2.80133
2.53808
2.49562
2.85117
2.47805
2.33654
3.01723
2.42594
2.84208
3.32655
3.44181
4.05594
3.72155
3.16042
2.57682
4.75151
3.21811
3.30754
2.89012
3.06337
3.50385
2.95343
2.14365
3.15731
2.95346
3.18172
1.95748
3.50397
3.20163
2.51173
3.63585
2.86762
3.69541
2.95044
2.94402
1.96588
2.91267
2.76263
2.8802
3.44759
2.83206
2.87374
2.42424
3.38856
3.37187
3.35616
2.86115
2.79838
2.58257
2.62395
1.90998
2.80578
3.70107
3.51692
2.82869
3.2567
3.54579
2.67102
3.07927
2.64787
3.20723
2.0969
2.90352
3.58101
2.43692
1.87954
3.80203
3.61491
1.59835
3.59752
2.8191
3.21095
2.83989
3.25464
3.53226
2.90536
3.07699
3.08448
2.77915
2.80879
2.95274
2.6432
2.49263
2.6815
2.65874
3.00362
3.01407
3.05543
3.32103
2.89454
3.05994
2.24108
2.83831
3.0393
3.05983
2.88324
2.39733
2.72323
2.7778
2.90926
2.76284
3.10282
2.55691
3.00241
2.17694
3.55485
2.77432
2.34032
3.43013
2.56776
2.19547
2.82102
3.86115
3.40995
3.70172
3.6401
2.71214
3.54338
2.76851
3.2826
2.61704
2.83735
3.44455
2.69306
2.73909
3.05274
3.58285
2.36998
2.03524
2.01967
2.43931
3.2539
2.80239
2.79196
3.2493
3.45987
3.28794
3.24659
2.92855
2.08069
2.43801
2.79193
3.01253
2.73353
2.85401
3.08166
3.40179
3.40243
3.19548
2.87672
3.33421
2.80154
3.31654
2.5062
2.87223
3.12491
2.80479
3.24757
4.26762
2.20741
2.46133
2.6049
1.95663
2.7687
2.81775
2.46395
3.02875
3.58463
2.48452
3.19605
2.73217
2.81405
3.94313
3.00201
3.29648
2.41036
3.03652
2.17797
3.32865
3.61356
3.32577
3.00615
2.47107
3.10484
3.14221
3.48881
2.31785
2.63323
2.47671
2.36445
1.91554
2.85153
3.52307
1.95178
2.96991
2.99041
2.44313
3.11684
2.53774
3.05439
3.05258
3.01582
2.86554
3.10051
3.08636
3.4653
3.48653
3.15891
3.15895
3.17662
3.29746
3.64113
3.19415
2.39282
2.44765
1.92234
2.77922
2.9988
3.82366
3.56931
2.43712
3.24113
3.16883
2.97313
3.08738
2.96425
2.97264
3.55334
3.67179
3.49556
2.64064
3.51131
2.93566
3.22235
2.47736
3.36244
3.93403
3.28144
3.38388
2.81247
2.64075
2.61382
2.54323
3.31071
2.88151
2.99588
1.92133
2.67122
3.43859
2.97632
3.22518
3.52492
2.66647
2.40094
2.68584
3.3729
3.36817
2.30438
2.92513
3.69902
3.03501
3.28846
2.84625
3.46217
3.06996
2.72922
2.18118
3.72732
3.90673
3.35102
3.21292
2.54273
2.44517
2.00264
3.73511
2.53905
2.68779
3.41808
1.75878
2.69998
3.13741
3.13928
2.44581
3.12647
3.51245
2.62957
2.63562
2.87577
2.24679
2.8688
2.83492
3.04815
2.93132
2.88567
3.0888
4.00068
3.38693
2.83789
4.18299
3.03625
2.79993
3.85002
3.44553
2.7371
3.092
2.97291
3.12219
2.09196
2.6045
3.22357
3.03847
3.18998
2.43648
3.38205
2.92129
3.01542
3.10548
2.59582
2.90256
3.70376
3.51476
4.45633
2.88555
2.10571
2.83604
2.63128
3.39919
3.16754
2.93528
2.91142
3.22307
3.38271
3.0726
2.64154
3.26383
3.24643
2.17468
3.06589
4.27447
2.66454
3.2693
1.88436
3.03854
3.33747
2.51066
3.63126
3.12211
3.19294
4.26266
3.11834
2.79658
3.06717
2.97691
2.96625
2.7355
3.1255
2.86454
3.19226
3.72162
3.48954
3.12182
3.02133
3.05498
2.25829
2.76605
2.7408
2.81866
2.19776
2.78485
2.29126
3.52001
3.45457
3.02185
4.02397
2.86806
3.50847
2.68806
2.76804
2.31403
3.97795
3.5976
2.70986
2.54749
2.86403
2.82351
2.48086
2.67459
3.51971
3.13812
3.27084
3.61688
2.90525
3.0431
3.32953
2.28561
3.41744
3.5488
3.40548
2.90677
4.57287
2.59029
2.99329
2.14692
3.59916
3.51299
2.62285
3.40946
3.57576
2.34017
2.81852
3.35813
3.04515
1.99737
3.46445
3.19208
2.66423
2.91665
4.06942
3.34807
3.08178
1.7959
3.16562
3.04778
3.69198
3.0849
2.58297
3.10837
2.90462
2.52023
2.79944
4.00694
3.31495
3.69533
3.45276
2.42437
3.2598
1.88267
3.82751
2.68712
2.86848
3.27002
3.22172
2.86854
3.22235
3.70388
2.6747
3.77109
2.36977
3.35358
3.31267
3.38496
2.37009
2.86073
2.3723
3.2214
2.13482
3.86702
3.52803
2.35108
3.63439
2.69844
3.40769
3.11429
1.79326
2.53767
3.25423
3.13778
2.6082
3.36164
2.81989
3.57436
1.85266
3.00825
2.65177
3.57273
3.39612
2.63051
3.45281
3.47711
2.89726
2.82536
2.24589
2.59417
3.4449
2.51128
1.93789
2.98463
3.6738
2.79252
3.53743
3.33126
2.71054
3.54627
2.30876
3.27742
3.62594
3.34284
3.73509
2.64149
2.77003
2.73747
2.4965
3.21388
3.83067
3.25991
3.24142
2.63265
3.411
3.23202
2.48019
3.27157
3.08545
3.29131
2.93576
2.61959
3.08711
3.04644
2.66458
2.44412
3.83128
2.60205
3.76773
3.27695
2.80644
3.3715
2.57168
3.02525
3.87479
2.97303
2.616
3.40669
2.4505
2.91439
2.81569
3.27873
2.54774
3.73627
3.08811
2.67159
2.53329
3.18571
2.35014
3.11008
2.18339
2.26767
3.29903
2.70405
3.00843
2.58785
3.43839
2.87688
3.20974
3.22968
3.11952
3.01514
2.51141
2.95734
2.61183
4.23928
3.14266
3.73201
3.50901
2.88508
2.8953
2.768
3.39143
3.24164
2.90306
2.16361
3.30054
2.32956
2.88941
2.61109
3.02191
2.29912
4.12269
3.32147
2.88908
3.72288
2.39313
1.83364
2.44347
3.17376
3.48315
3.21804
3.04197
3.41602
2.80226
3.37397
3.56917
2.84109
3.41325
3.24441
3.1521
3.00542
2.9134
2.17987
2.95903
3.21214
3.30493
3.05157
3.95427
2.3536
2.24332
3.19721
2.75859
2.99602
2.56559
3.51885
2.93348
2.49883
3.14319
3.15163
2.15686
3.83494
3.16183
2.06525
2.76398
3.06607
3.11824
3.62478
2.91059
3.69114
2.36327
3.57262
2.62146
2.31658
3.12468
2.52183
3.22579
2.84893
1.98141
3.14661
2.34409
1.78767
2.65312
2.87629
2.61661
3.72068
3.25682
2.26456
3.35284
3.63017
3.66682
3.14411
3.66938
3.41234
3.43583
3.7452
3.07827
3.67171
2.96845
2.38176
2.09105
2.96304
2.71921
2.94353
2.40164
2.49733
3.33484
2.5535
1.88662
3.17572
3.26066
2.57612
3.19567
2.15485
2.50313
3.32182
3.06856
3.06445
3.03895
2.89933
2.48975
2.95053
2.98085
2.85735
3.49576
3.25692
3.09958
3.64143
3.00506
3.79556
2.79545
3.29145
2.15872
3.53017
2.89403
2.46347
3.56257
2.96314
3.42497
2.71213
3.17824
2.93806
2.91859
2.46624
2.9552
2.58323
3.21642
3.6605
2.83242
3.04865
1.6398
3.46067
2.41612
3.07905
2.72029
3.19919
4.02406
4.0158
2.90488
3.13837
3.34283
3.33894
2.80618
2.66983
2.30777
3.10782
3.09849
3.23939
3.76644
2.04154
2.61175
3.1814
2.89497
3.00787
2.27723
3.06726
2.87531
2.82106
3.62383
2.78787
2.5319
3.05792
2.34589
3.17958
3.16325
2.83375
3.09085
2.88863
3.63122
2.03159
3.05314
2.866
3.12714
3.2726
2.8116
3.18134
2.17349
3.01585
2.59522
3.00389
3.53416
2.32102
2.61153
2.35635
2.13666
3.066
3.03241
3.21519
2.62318
3.09977
3.50194
4.11272
3.2811
3.09788
2.5578
3.47004
2.58007
1.85898
2.59517
2.69707
3.10694
3.0197
2.11739
3.55562
3.01275
2.86532
4.00302
3.44231
4.13869
3.05283
3.70735
3.27506
2.26834
3.25908
3.39723
2.16104
2.27215
3.92346
2.75003
3.76753
4.08191
3.19618
3.31764
2.30611
3.06147
2.83965
2.90084
2.63521
2.22139
2.90776
3.0847
3.87675
3.09309
2.07471
3.68022
2.86957
2.93522
4.07244
1.93039
3.48293
3.6925
3.66959
3.29163
1.72246
3.01626
2.72528
4.12897
2.25146
3.30844
3.71602
3.32097
2.66992
3.35874
2.96487
2.34107
3.21211
3.3895
2.50603
3.06442
3.51033
2.89023
2.50032
3.23075
3.26349
3.76204
2.76717
2.86798
2.67479
3.53805
2.91402
2.61153
3.05467
2.58756
3.28241
3.09678
3.77083
2.40765
3.07413
2.57675
3.53826
2.46497
3.6751
2.71931
3.00622
3.84936
3.13908
3.53144
2.3805
2.49297
2.95485
3.09464
3.4846
3.51188
2.55491
3.19513
3.13401
2.9195
2.44241
3.03907
3.13792
2.43424
3.29202
2.61824
2.70936
3.09808
3.05572
2.97821
3.61644
2.91904
2.90916
2.72096
3.22172
2.87192
2.4652
3.36773
3.31931
2.97069
3.1496
3.102
2.88105
2.47358
2.97009
2.19529
2.73509
2.96336
1.8542
2.44722
3.18778
3.11055
2.27933
3.65801
2.38591
3.25413
2.44613
3.36347
3.1387
2.88087
2.76462
2.46048
3.36601
2.66563
2.1082
3.36064
3.13316
3.21382
2.64876
3.37157
3.51687
2.44539
3.34047
3.49529
1.96636
4.14782
2.18752
2.64381
2.49916
2.54138
2.8712
2.7151
3.26102
2.82956
2.93427
3.18811
2.9679
3.42811
3.68512
2.87218
2.74613
2.55248
3.21721
3.55771
3.40704
2.97009
3.00751
4.17323
3.95591
3.35873
2.82684
2.99889
3.17896
2.53815
2.89918
3.12921
2.54538
2.81513
2.72975
3.40551
3.39885
3.6165
2.89774
2.43147
2.35787
3.74816
3.33369
2.83379
2.87929
2.38175
3.53414
2.41823
2.30616
3.64157
3.07131
2.15369
2.38722
3.24098
2.93732
3.91191
2.56424
3.27433
2.49924
2.87742
3.38024
2.39475
4.01604
3.2016
3.23708
3.1777
3.38075
2.21247
3.08942
3.35365
2.8856
3.15224
2.93971
2.59728
2.30077
3.12245
3.00109
3.01666
3.07608
2.36519
3.0541
3.4634
2.43766
2.42336
2.11937
3.87193
3.79635
3.30235
3.8024
2.7147
3.34274
3.68758
2.61066
3.70738
2.98675
3.40371
3.1222
2.67799
2.71968
3.63279
1.92651
3.77182
3.18509
3.55688
3.28432
2.733
3.08986
2.13837
3.22865
2.85108
2.98036
3.48664
2.63367
3.88545
3.34478
3.6446
3.16294
3.0119
2.83273
4.06225
3.61423
2.76527
2.7663
2.70912
2.54207
3.03623
3.24213
2.69243
2.58809
2.3948
2.60699
2.53425
3.14989
2.20561
3.03652
2.57676
2.47346
3.36785
3.15324
3.17901
3.49683
3.47815
1.93525
2.46374
3.44756
3.11072
2.45815
3.31611
2.80861
2.88423
2.67453
2.42277
2.13835
3.02762
1.66516
3.02702
2.55279
2.41816
2.94185
2.91961
3.34652
2.80355
2.20177
2.55216
3.51808
2.71998
2.5053
1.56841
3.67123
3.64109
3.02095
2.86191
3.53359
2.88541
2.6899
3.29189
2.6999
3.41047
3.73723
3.17541
3.06732
2.70352
3.04602
3.01288
3.58542
2.05088
2.46821
2.93673
2.98697
2.87481
3.08148
3.12429
2.64863
2.8351
3.2574
3.02622
3.05202
2.17717
3.52729
3.03064
3.54294
1.7243
3.04356
3.18767
1.89713
2.66981
3.23601
2.85167
3.49322
2.63193
1.99852
2.57084
2.90331
3.5625
3.35597
2.04046
3.03363
3.45182
3.4993
2.9854
2.33967
3.18426
2.72114
2.52955
2.32331
1.99558
3.99187
2.79955
2.9288
2.91862
3.12057
2.72696
2.06259
3.51379
2.47634
3.67149
2.35911
4.06143
3.96545
4.22256
3.12504
1.97269
2.96119
2.55348
3.06798
3.04574
2.01912
2.38194
2.03132
3.5028
2.74554
3.14549
2.35901
2.66434
3.83964
2.81477
2.71087
3.04118
3.26585
2.72497
3.38981
2.87618
2.7646
2.47577
2.97012
3.37755
2.60096
3.63561
2.99757
3.28143
2.55135
2.49119
3.89033
2.45831
2.61307
3.3531
2.82633
3.44668
3.19653
3.12967
3.47331
3.46209
3.21473
2.96162
3.1492
4.11419
2.46736
3.59675
3.37309
3.28907
3.27639
3.82868
3.65803
3.87961
1.98559
2.97792
2.91601
3.49897
3.21959
2.628
3.10776
2.34481
3.16727
3.11138
3.5818
2.40075
2.58292
3.1385
3.04417
3.27803
2.23949
3.08718
3.61075
2.78773
3.14996
3.16635
3.68408
2.8271
2.86313
2.57353
3.28864
3.97081
3.00099
2.85321
3.37702
2.85726
3.24034
2.99358
2.84223
2.33125
2.47872
2.74351
4.01377
2.27981
2.52926
2.7324
2.49471
2.68976
3.42125
2.53453
3.36066
2.97787
2.91727
2.91958
2.75309
2.95651
3.61888
2.81316
2.67814
3.80668
2.60294
3.03096
2.54713
2.98771
2.18018
3.02169
2.34439
2.45303
3.18889
3.16006
3.65048
2.70078
2.63691
2.58349
3.13643
2.78763
2.42001
2.73923
2.84687
3.49738
3.72335
2.08622
2.88843
3.09376
2.49635
3.42651
2.84533
3.80325
3.37512
3.05522
3.50662
2.50982
2.99129
3.04451
3.69061
2.84226
2.74543
3.31584
3.75558
4.09467
3.85875
3.39756
2.93448
3.44183
3.62771
3.4171
2.86086
2.71435
2.39448
3.02062
3.67321
2.53435
2.38176
2.2918
2.22838
2.98153
3.47191
3.69023
2.87107
2.19767
2.8614
2.75839
2.79541
2.22447
3.01181
3.65146
2.48214
3.95931
2.88286
3.64002
3.71136
3.0929
2.51002
3.31197
2.90639
3.13856
3.1332
2.47665
3.02671
3.12781
2.36113
2.8944
3.57916
2.6603
2.49864
3.71905
3.09757
2.88481
3.21923
3.04594
3.76668
2.81371
2.88697
3.01217
2.82064
3.01254
3.05184
1.77071
3.04613
3.30168
2.53054
3.60241
2.65552
3.01705
3.06294
2.41642
1.69097
2.98479
2.73851
2.96046
3.46023
2.92734
2.91689
3.15393
1.89878
2.87555
3.73589
2.75868
2.1992
3.59093
3.45873
3.11667
3.1858
3.49563
2.94744
2.48703
2.90654
2.81116
3.13356
2.72433
2.73542
3.30578
3.34368
3.48213
2.35167
3.46556
2.53566
2.97773
2.79534
2.81724
2.63349
2.99659
3.09986
3.49454
2.76276
2.46635
2.66391
4.25627
2.25082
3.17807
3.51961
2.68746
2.87884
3.28977
2.32961
2.78355
3.83862
2.87421
2.98733
3.08415
3.42971
2.43348
2.81819
3.38239
3.29639
2.58163
2.59641
3.7767
3.17757
3.6043
3.27317
2.53211
3.56874
2.55511
2.3618
2.03439
3.54389
3.10903
3.11025
2.76502
2.6484
2.09845
3.6462
2.70719
3.0694
2.78709
2.31977
3.617
1.70691
3.66621
4.20621
3.6114
3.83327
2.954
2.554
3.58686
2.85739
2.40214
2.78425
2.83571
2.48857
3.50565
2.10628
2.29461
2.53025
2.61352
2.62008
2.91309
3.63402
3.16682
2.82872
3.27954
2.72492
2.78362
3.15323
2.82327
1.76626
2.61761
3.72064
3.42002
2.87098
3.04482
3.19623
2.60752
2.65941
2.65531
2.97722
3.97807
2.73402
3.13182
3.42508
3.44981
4.1964
2.54378
4.1043
4.03128
2.83345
3.30019
3.06545
2.49493
3.35913
3.29948
2.38106
3.601
3.51345
2.64868
3.19939
2.84429
3.4598
2.85813
2.7793
2.88802
2.59359
3.51327
2.99071
3.03568
3.1049
2.97406
2.72574
2.65108
3.47263
2.72997
2.98414
3.41901
4.1807
3.03494
2.82972
2.71159
2.85445
2.40022
2.94153
2.54554
3.18675
3.12405
2.88002
2.80677
3.02857
2.98681
2.40676
2.94421
3.29456
4.05873
3.02192
2.51029
2.05028
3.3348
2.14136
2.4445
2.7228
3.32473
2.96152
2.9322
3.09629
3.33497
3.44309
3.40324
2.90725
3.30979
2.50181
3.33511
3.66888
3.7935
2.22184
2.56371
2.26642
2.81889
3.27895
3.09673
4.06664
3.13566
3.52918
2.94582
3.23962
3.21766
2.81047
2.97608
3.59232
3.21779
2.95683
2.81117
3.53703
2.62334
2.54461
2.97143
2.92686
2.77785
2.34142
3.49152
3.0945
3.59436
2.80534
2.52121
3.16947
3.22942
3.03598
2.81105
3.41307
2.34714
2.90562
3.29886
3.31325
2.87553
2.63661
3.39984
3.01017
3.67762
2.58322
3.79065
2.79259
4.16657
3.30204
2.42325
3.26477
3.11872
1.99704
2.57444
2.17147
2.63647
2.15663
2.50897
3.05201
2.62549
2.44829
3.41097
4.00384
3.15389
3.22821
3.00001
4.68596
3.94424
2.84239
2.94799
2.37265
2.63509
3.40151
2.21083
3.33276
2.46277
3.5125
2.88119
3.4144
4.27023
3.34191
3.80731
2.72289
3.53059
3.94972
2.67901
2.55227
2.92743
3.51029
2.30663
2.49792
2.74213
3.16164
2.79642
3.26977
2.47969
2.79259
2.31598
3.39533
3.14536
3.15408
3.87174
2.80684
2.93135
3.65545
2.78742
2.52495
2.49108
3.26184
2.65423
2.46286
3.04277
3.09278
3.30161
3.60283
2.34351
2.50211
3.18029
3.45938
3.57047
3.07423
3.31075
3.01781
2.73667
2.83309
3.5302
3.23438
3.27307
2.42113
3.74184
2.66737
2.46157
2.68424
2.70712
3.62147
3.07809
2.99229
3.28255
4.37747
3.48084
3.39305
2.99166
3.28227
2.53428
3.2299
2.32337
3.36915
2.88599
3.52167
2.97792
3.18343
3.18728
2.87196
3.54638
2.59453
3.41129
2.62411
2.78635
2.94013
3.47071
2.7031
3.22957
3.35286
3.64661
3.14779
3.20431
2.80829
2.90565
2.75487
2.98412
2.75198
2.21601
3.0602
3.17667
2.67427
2.61625
3.33152
2.58797
2.56733
3.88937
2.59157
2.87208
2.97488
2.75911
2.54088
3.62009
3.45845
3.19848
2.90483
2.21013
3.14152
3.31159
3.43348
2.91062
4.21176
3.67535
3.74664
2.93369
2.92939
2.78241
3.73439
3.0354
2.72188
3.20889
3.2082
2.79258
2.27494
2.30434
3.11195
3.34199
3.70692
3.2407
2.52698
2.13682
2.62959
3.47896
2.96236
3.28954
3.40055
2.14966
3.44275
2.20883
2.46448
2.08375
3.30495
3.25091
3.17427
2.61383
1.83483
2.04004
2.82948
2.00596
3.17004
2.77261
2.9946
3.19688
2.11989
4.20532
2.54128
2.28156
1.67847
3.37763
2.68754
2.71811
2.89192
3.05012
3.54038
2.65925
3.39346
2.51846
3.34418
2.30748
2.39484
3.21732
3.32577
2.45961
3.39289
3.35851
2.54627
2.88646
3.75477
3.16402
3.18544
3.77784
2.43826
2.93872
3.21636
2.71899
1.51105
1.86329
2.58938
2.16925
2.80733
3.2214
1.99274
2.93362
2.61745
3.52626
2.97362
3.44822
3.39225
2.9959
2.96259
2.77863
3.0981
3.18837
2.13614
3.69122
3.20774
3.5282
3.91951
2.42499
3.1496
2.23944
3.09748
2.82553
2.71405
2.81997
3.3773
2.91477
2.27387
2.42598
2.83574
3.17314
2.79768
3.26416
2.75668
3.82365
3.35349
3.49276
3.39909
3.86439
2.39399
3.83625
3.00361
3.1887
2.82831
3.30566
3.50873
2.84925
3.161
3.7374
2.79429
2.54434
3.94334
2.80016
3.45474
2.85697
3.67321
3.28193
3.04778
3.28459
2.37297
2.8148
3.43148
3.59892
3.61353
2.34466
2.47431
3.51565
2.28789
2.74009
3.09758
2.49115
3.09456
2.51464
1.87463
2.86424
3.10942
2.63616
2.92476
2.28488
3.43357
3.28622
3.07763
3.95567
3.07326
2.80873
3.40087
3.30143
3.54121
3.04716
3.37479
2.92074
3.63899
3.03417
3.09597
2.71946
2.81355
2.94095
3.08915
3.31315
3.04963
2.75484
2.58626
2.91043
3.26936
3.42339
3.46918
3.5599
2.49135
3.40533
3.37313
3.43972
3.21568
2.61489
3.89086
2.12663
3.68458
3.38776
2.43617
2.76729
2.26376
2.37245
2.94487
3.56264
3.1565
2.81726
2.49143
3.25424
3.93091
3.84043
3.0857
2.36816
2.81285
2.76911
2.61587
3.07273
1.71532
2.69812
3.58287
2.84062
3.50428
2.79792
2.66666
3.56922
2.50199
3.64388
3.44487
3.34374
4.19567
2.53249
3.04635
2.49224
2.7041
3.04604
3.24202
3.44369
2.88197
3.63285
3.86871
2.17584
2.7024
3.15401
2.2451
3.40081
2.82158
2.26586
2.94224
2.10287
2.9461
2.06018
2.49615
3.47939
2.58813
3.23476
2.98875
3.23535
2.77985
2.43771
2.39557
2.55614
2.90251
2.9545
3.11016
3.28489
3.81849
2.532
3.07995
2.97262
3.26934
2.87957
3.87532
3.6629
2.01686
3.905
3.42857
3.00807
2.8511
2.99588
3.28169
2.93952
2.53858
4.46932
2.39342
2.77842
3.08073
3.36013
2.7723
4.25951
3.58808
2.44407
4.10289
3.18521
2.90159
3.66157
2.58654
2.58847
3.43693
3.00911
3.25858
2.08505
2.50558
4.06709
2.74067
3.15085
2.79263
2.62601
3.07667
2.77612
3.1902
3.01809
3.79196
2.60928
3.83031
3.28722
2.87108
3.32698
2.76829
3.13306
3.74161
3.91889
3.98322
2.67596
2.68861
3.25837
3.73364
3.04305
2.32854
2.60839
2.85281
3.11565
2.92967
3.13337
2.51931
2.37692
2.01323
2.92098
3.02462
2.98466
3.56037
3.2233
2.35006
3.37532
2.56035
3.51509
2.09848
2.45107
2.85514
3.10285
2.53536
3.18973
3.12314
2.82878
2.83856
3.45734
3.45824
2.86095
3.55035
2.61338
3.59282
2.88676
3.47157
1.83572
3.4708
3.43608
2.37227
2.72214
2.91814
3.55583
3.02503
2.77084
2.53822
3.00675
3.69421
1.57619
2.66913
2.79075
3.56877
2.27589
3.26769
2.90207
3.05662
2.63201
3.41294
3.46063
3.14596
3.49572
2.78397
2.96437
3.13128
2.68986
3.06838
3.10918
3.35429
3.19261
3.57039
2.32241
4.08824
2.83841
3.53594
3.48362
3.16551
3.08784
2.527
2.52586
3.64025
3.25947
2.68612
3.41014
3.01288
3.28517
3.06391
3.20302
3.56239
3.05638
3.8567
2.65832
3.75841
3.54783
2.3649
3.73073
3.10045
2.61316
2.77562
2.37663
3.6903
3.48404
3.3878
2.78092
2.3935
2.65523
2.38379
3.72277
2.61342
3.05559
2.95692
2.82391
3.33308
2.46344
3.16873
2.87519
3.49478
2.53086
3.14469
3.52469
3.61873
2.49027
2.4965
2.92098
2.89864
2.96018
3.28908
2.83739
2.46615
2.2611
3.50363
3.20117
3.26771
3.13534
2.05101
3.31469
2.51601
4.20614
3.53164
3.08846
2.00986
4.13189
2.59975
2.88145
2.89814
3.12552
2.71951
3.18151
4.47729
2.7345
2.11176
3.069
3.50277
2.55013
2.83701
3.14825
3.38945
2.88995
3.54155
3.28191
2.92897
3.81189
2.75327
2.82715
2.88194
2.03685
3.13656
2.36212
3.46333
2.1352
2.16828
3.67223
2.54745
2.29902
3.67819
2.99473
2.78757
2.68862
2.01584
2.89526
3.96392
3.3021
2.53895
3.15172
3.13009
3.63748
2.74568
2.82302
2.86105
2.51525
2.85549
3.14777
3.46369
2.59164
3.00372
2.74966
3.21857
3.76891
3.7572
3.48275
2.95684
2.58034
2.8922
3.43204
3.68784
2.69882
2.72998
3.02049
3.85128
2.76221
2.73179
3.05275
2.37704
2.91502
3.58688
3.3727
2.97252
3.14599
3.09442
2.46431
2.79906
3.11088
2.16353
2.44695
2.72293
3.59375
3.33195
2.78513
3.254
2.98249
2.47833
2.87115
2.94854
3.75533
3.19636
3.09283
3.66219
3.16397
3.14663
2.11401
2.54795
3.28883
3.21636
2.92685
2.75089
3.156
3.18366
2.73616
2.64326
3.51994
2.25144
3.52273
2.99525
2.65387
3.05717
3.95734
3.40097
2.64762
2.06829
3.14507
3.52123
3.10582
2.69805
3.23122
3.85854
2.92242
3.41838
3.89719
2.67986
3.24009
2.76496
3.90281
3.7079
3.06776
3.11713
2.71803
3.55134
1.76214
3.0821
3.94521
3.3728
3.44875
2.71419
2.54645
3.55656
3.25619
3.18549
3.57237
2.79066
2.93146
4.15605
3.64463
2.1197
2.86349
3.4648
2.34524
3.22901
2.58471
3.16809
2.65821
1.93125
3.66787
2.89859
2.16081
2.6761
3.24525
2.25185
3.0775
3.18992
4.49852
2.0255
2.00308
3.03645
3.43334
3.53912
4.42449
2.86961
3.51578
2.60983
2.84821
3.42625
2.98831
2.97647
3.01549
3.50926
3.36356
3.13293
3.03449
3.45941
3.41235
4.54488
3.79592
3.22157
3.9686
2.07728
3.05592
3.44631
2.38034
3.28367
3.15976
2.86148
2.79516
3.46077
2.10937
2.35542
3.57897
3.8138
3.59783
2.75477
2.59504
3.83213
2.17829
2.81405
2.95465
3.53474
2.62043
3.88291
3.51881
2.47054
3.65634
2.43515
3.08247
3.33047
3.29942
3.42772
3.04368
4.00253
2.78019
3.11419
3.0261
2.83323
3.75888
3.4504
2.9014
3.27492
2.80509
3.27003
2.85139
3.06281
3.59978
2.98599
2.99393
3.14675
2.85381
3.46978
2.92941
3.12448
2.23344
3.6505
2.96939
4.37365
2.94578
2.86576
3.74119
2.11689
2.77463
3.49135
3.16073
2.73907
3.11337
3.25203
2.76341
3.74122
2.2373
2.08348
2.47228
2.80104
1.78369
2.69085
2.83125
3.42133
4.00901
3.27253
3.36745
3.92092
3.25483
3.06033
3.93249
3.45073
2.78772
4.03052
3.81842
2.5032
3.18228
2.19198
2.68635
1.63203
2.73654
3.11611
2.43562
3.20874
2.88044
3.30344
2.46912
2.59094
2.87529
3.6453
2.41071
3.4694
3.87855
3.13138
3.39936
3.09732
2.70096
2.3878
2.29124
2.20034
3.43583
2.89164
2.58368
2.90021
2.94147
3.46877
2.77694
3.12433
2.0944
3.11256
2.25379
2.87956
3.37204
2.33037
2.99127
3.28192
2.74409
2.9185
2.64199
2.96026
2.80846
3.44608
3.20398
3.15191
3.16722
2.33176
3.13941
2.30246
3.22788
3.4813
3.78102
2.97362
2.75718
2.82366
3.58235
3.34019
2.20572
3.33282
2.13036
2.7749
2.69607
3.05199
3.1365
3.53304
3.55061
3.38162
2.96787
3.44534
3.16699
2.63934
4.35399
3.12266
3.37725
3.08722
2.65434
3.27565
2.68307
2.42413
2.25693
2.38861
2.51069
2.49652
2.99726
1.88582
3.18845
2.52317
3.46437
2.93702
3.19651
3.25723
3.02031
2.70703
2.83493
1.72435
2.91944
1.89132
3.12767
2.72121
3.08316
3.49915
3.25569
3.08824
2.95431
3.09979
2.51754
3.11834
2.14007
3.1939
2.2843
3.71722
3.1126
2.10717
3.17009
2.70829
3.13943
2.7969
3.3574
2.87867
3.41195
2.62909
3.02597
2.76832
2.9685
3.1301
2.67622
2.92359
3.04156
3.01235
3.28689
3.24205
3.09985
2.48967
3.48353
3.26517
3.22393
2.28084
3.94035
2.98277
3.27253
1.76727
3.52232
3.80797
2.84701
2.44471
3.01102
3.11361
2.36174
2.50601
3.12546
3.65446
2.93965
3.05824
1.92988
2.77444
2.49882
3.27397
2.79082
2.86893
3.54729
2.51434
3.9964
3.5377
2.81292
2.74909
2.98337
2.48586
3.55881
2.91393
2.62631
3.12576
2.7705
3.38457
3.32765
1.93407
3.63153
3.00609
4.0134
2.55512
2.56638
3.10673
2.62374
2.6391
3.54947
2.18294
2.10355
3.17252
2.65413
2.8897
2.90634
2.37008
3.22861
2.41845
2.92576
3.20282
2.14085
3.44322
2.6471
3.17753
3.67661
1.90709
3.10773
3.04411
3.23866
2.91714
2.17831
2.80242
2.63268
4.35148
2.53503
2.66747
3.14473
3.40942
3.29816
2.61513
2.69549
2.63344
3.14829
3.32222
3.44127
2.27224
1.51256
2.5957
3.0532
3.11725
3.32943
3.89832
2.55379
3.50615
2.7115
3.56684
3.06284
2.79005
3.07833
3.14471
3.05542
1.99592
2.78369
3.29372
2.83622
3.29716
2.64014
3.17779
3.37479
2.53554
2.7545
2.62856
2.63347
3.09276
3.05927
3.43535
2.17434
3.29226
3.14635
2.21604
2.70847
3.74765
2.50297
3.20477
3.03628
2.33042
3.57499
3.20734
2.93787
2.92334
2.30915
2.17582
2.56548
3.45077
2.53206
2.17175
3.42874
3.13858
4.02556
2.86225
2.52039
3.22835
2.31679
4.18326
3.3172
3.64175
3.66612
2.91041
3.47105
4.00034
3.18576
3.40206
3.25742
3.54138
4.08466
3.62182
3.34022
3.28904
3.65091
2.24506
4.29256
2.93535
4.0328
3.22314
2.49348
3.56289
2.75429
3.63448
2.97379
2.45116
2.58145
3.18255
3.7423
2.78296
2.22913
3.53085
2.17562
3.03579
2.66994
2.82375
2.77618
3.30393
3.40988
2.70707
3.45117
3.13377
2.51307
2.74627
2.81446
3.17023
2.64946
2.80276
2.87099
3.23108
1.90437
2.8384
2.90218
3.4101
3.95864
2.96801
2.93633
3.30198
2.71379
2.88689
2.06944
2.7341
3.09505
3.3738
3.81819
3.70147
2.81977
3.35636
2.60784
3.20893
3.04618
3.72895
3.83157
2.90706
2.76656
3.24301
2.76322
3.75601
3.18197
2.75551
2.76517
3.11974
4.12026
2.94311
3.12997
3.07358
3.48506
4.04826
3.89342
3.40552
3.10756
3.2903
3.73669
3.23326
3.61494
3.57279
2.87142
3.09585
2.25031
3.45737
3.19847
2.67635
3.19795
2.17981
2.07657
2.59342
2.97612
3.16332
3.34296
3.64796
2.11274
3.7547
2.89552
2.83808
3.83551
3.27625
2.59082
3.15118
2.82652
2.94075
3.08659
3.79069
1.9677
2.297
3.49652
2.40212
3.49704
2.87636
3.44015
2.68149
3.23012
3.04745
3.09617
2.82789
3.0498
2.88074
2.71476
2.10847
2.78238
3.2421
2.42142
2.90755
4.15905
3.15113
2.8957
4.10543
2.44608
3.12851
2.15194
2.36285
2.46485
2.38347
3.17179
2.7114
3.52264
3.20503
3.09784
3.25401
3.15384
3.07158
3.31396
2.24714
2.75514
3.15833
2.20708
3.34718
3.01788
3.43179
2.96122
2.79246
3.3127
3.61288
3.6233
2.93436
3.19829
2.5916
2.88561
2.34631
2.49331
2.63816
3.11647
2.64158
3.00386
3.28628
3.07207
4.24638
3.12606
3.14392
2.31286
3.22153
3.29462
3.29436
3.67837
2.86758
3.33823
3.70918
2.9746
3.37786
3.53524
3.1195
3.37929
2.87855
3.12614
2.98697
2.97438
3.45342
3.19353
4.64437
2.60807
3.04941
2.95251
3.60614
2.68687
3.57497
3.3255
2.17546
2.96182
2.03018
3.70506
3.65305
2.71929
3.34441
2.88763
3.12371
2.53548
3.03845
2.80888
3.85147
2.51918
2.62284
2.88547
3.12275
2.77416
4.26161
3.19468
3.16195
3.95449
2.86007
3.03361
2.45857
3.1761
3.09924
2.97698
2.8829
3.02267
2.71481
2.48293
3.81613
2.98266
3.69722
3.4349
3.16424
3.32466
2.67454
3.30567
3.31076
2.96523
3.43953
2.29259
2.54105
2.90275
2.5956
2.42285
3.52545
3.81348
2.86547
2.85884
3.42625
1.73304
2.93306
3.47567
2.83879
2.36116
2.64119
2.53508
3.05295
3.32566
3.43457
3.42099
2.72604
2.85124
1.86082
2.81629
3.10593
2.82541
3.68961
2.7191
3.22738
4.01978
2.91687
2.9161
3.65381
3.32548
3.01798
3.07607
2.63998
3.73993
3.41877
3.37922
2.41552
2.55399
3.1941
3.2818
3.10253
2.06495
3.00359
2.90624
3.28642
2.63945
2.38188
2.22087
2.74673
3.48325
3.13951
2.23299
3.82328
2.70665
2.64277
2.5108
3.8882
3.1281
2.15903
1.95735
2.76273
2.56667
1.84229
3.46423
3.37538
2.3895
2.82226
3.23999
3.02017
2.37069
3.20818
2.6014
3.19971
3.72536
3.113
3.86225
2.87041
3.38027
3.45548
3.74817
1.86389
2.80003
3.08211
3.68495
2.93528
3.79888
2.84941
2.96848
3.48168
3.1798
3.6968
3.66312
2.53219
2.07977
2.49782
3.25362
2.51983
3.23457
3.87114
2.67509
2.64887
3.51389
2.51527
2.63559
3.30939
3.36681
3.67775
2.17239
3.04953
3.10203
3.18842
2.70049
3.74763
3.03919
3.12329
3.26871
3.29743
3.11717
2.48112
2.44556
2.86304
3.40037
2.60865
3.33686
3.56125
3.05887
2.79911
2.81087
2.6108
2.08545
2.73402
2.94554
3.48069
2.6235
3.03858
3.19914
2.4797
2.82243
3.24064
4.13266
3.43186
2.53299
2.69482
2.33379
2.61209
2.39402
3.5582
2.9187
3.96877
3.16227
2.28028
3.93473
2.96797
2.50326
2.40506
3.12621
2.54116
3.01216
2.37995
3.46234
2.91518
3.47005
3.53984
2.94417
2.51279
2.88011
2.34489
2.56163
3.20303
3.35102
3.08172
2.85992
3.22655
2.87796
2.06547
2.60735
3.25578
3.09894
3.12153
3.98656
3.37228
3.23361
3.19871
2.99897
3.4519
3.36895
2.21787
2.58166
3.44237
2.13642
3.30222
3.32066
3.46349
2.9108
2.74533
3.39241
2.37762
3.87697
2.19567
3.09453
2.49408
2.27877
2.61998
2.8112
3.42027
2.74952
2.89937
3.33035
2.51384
3.21466
2.39957
3.69206
2.06773
2.45866
2.6323
3.68046
3.01578
3.94166
3.98289
2.27747
2.73666
3.53939
3.48567
2.42494
2.99299
3.31368
2.07176
3.04443
3.59293
2.40191
3.20197
3.20164
3.1212
2.82449
3.59886
3.6235
3.34895
2.14034
2.38034
2.07626
3.46346
3.78814
2.40224
2.25659
3.1507
3.20506
2.87096
3.01529
2.9264
3.19528
2.72045
3.17239
2.86361
3.47302
3.22224
2.07275
3.18027
2.71261
3.68469
3.00995
2.0173
2.80488
2.95658
2.77087
3.43169
4.01005
2.34197
3.07687
3.28467
3.4542
3.91152
3.36513
3.65971
3.2697
2.58236
2.68822
2.14697
3.73754
2.51586
2.17786
3.26251
2.65706
2.76813
2.21536
3.33868
2.3169
2.55485
3.24193
2.78534
2.91283
2.85882
3.3099
3.00467
2.52043
2.02547
3.2222
3.33801
3.3013
3.77271
4.39969
2.70649
1.90021
2.28531
2.64855
3.65335
3.66074
3.11569
1.90236
2.9818
2.86267
2.46363
2.77292
3.18691
2.90171
2.97078
3.72304
3.23252
2.82714
2.49111
3.0054
3.08803
2.43508
1.51392
3.17875
2.75908
2.64417
2.57795
3.1713
3.04623
2.65135
2.80714
2.24584
2.53916
2.83394
2.50763
2.77321
3.6562
3.32041
2.91341
3.47194
2.55013
2.27495
2.57805
3.41127
2.70215
2.63317
2.53123
2.71923
2.83626
2.7748
2.91717
3.39339
4.47142
2.37957
2.30846
2.94027
3.22206
2.87301
3.40561
2.93981
3.01996
2.8365
2.47001
2.6227
3.50945
3.28597
2.71144
1.80408
2.71246
2.81459
4.04868
2.78541
2.50947
2.7063
2.67696
3.11872
3.24353
3.14229
3.81524
2.43259
2.35163
2.81788
3.24632
3.56459
2.81653
2.06264
3.17112
3.31094
3.09426
3.67432
2.83308
2.7332
3.62987
3.68007
2.56256
3.89173
2.72338
3.03351
2.66483
3.30192
2.99619
2.86447
2.75239
2.81581
2.40672
2.07417
2.82078
3.63144
2.67082
2.86877
2.81356
2.57535
2.94514
3.33382
2.66899
3.88164
3.16411
2.62391
2.74423
2.70938
2.70347
2.73652
3.29026
3.1422
2.9809
3.42398
3.49523
2.76027
3.15218
2.4368
3.7168
3.2294
3.19884
3.6357
3.07271
3.77906
2.74694
3.13319
3.35983
2.409
3.01389
3.85856
2.9312
2.61976
2.86062
2.54638
2.60729
4.08198
2.08617
3.16613
3.55789
2.65146
3.48886
3.80356
3.16456
3.007
3.39638
3.02013
2.81138
3.15863
2.61232
3.1164
2.83989
2.63571
3.65257
2.5628
3.48975
3.2618
3.41171
3.3701
2.83275
3.03019
3.24775
3.15659
2.57263
3.19968
3.13104
2.35753
3.35769
2.61291
3.92351
3.19498
2.75854
4.30826
2.77619
2.69924
3.51225
2.44058
2.83368
4.1129
2.46833
1.85457
3.25797
3.007
3.46358
3.04984
2.8917
2.65381
3.75544
1.85779
2.53333
2.91237
3.76196
3.80678
1.58032
3.33743
3.2187
3.51393
3.22488
1.71977
2.45131
3.52738
3.24559
2.76547
3.09053
2.22026
2.8905
3.07254
3.72236
2.72038
3.32865
2.28255
3.25563
2.93053
2.94536
2.79056
2.65914
2.81595
2.52484
3.14809
3.06
3.10293
1.99176
3.30187
2.53487
3.55357
3.56301
2.8789
2.8338
3.59777
2.81507
2.66522
2.98234
3.44781
3.21033
2.41892
3.83473
2.61907
2.61123
3.24834
3.16808
4.18074
2.60903
3.22265
3.1785
3.40322
2.76956
3.2759
3.01256
2.81291
2.30432
3.00351
2.28609
3.30167
2.87566
2.68207
2.52951
3.57322
3.27387
2.65993
2.83447
3.01189
2.70166
2.21888
3.40126
3.21871
3.72582
2.61514
3.38117
3.75052
2.93148
2.4062
2.81114
3.33027
3.28622
2.39366
2.92064
3.03804
3.23821
2.25704
2.53467
3.1715
3.85535
3.19644
3.34674
3.50239
3.11975
3.33071
3.18521
3.41103
4.09362
2.80993
3.43812
3.06155
2.57378
3.06273
3.10044
3.10356
2.82267
3.02773
2.42275
3.60953
2.64668
2.40446
3.16412
3.47101
3.75845
2.82774
2.55478
3.51683
2.09517
2.88775
2.13068
3.15957
3.60409
2.7919
3.40326
2.82044
2.83305
3.04309
3.20894
2.68353
3.08907
2.67257
2.66063
3.25354
2.98054
3.04577
2.46091
3.27111
3.16335
3.45226
2.43629
2.6159
2.15539
3.014
3.77463
2.53296
2.73189
2.71475
1.79922
2.86318
2.58273
2.13678
2.49529
2.63515
2.85965
3.07371
3.74437
2.63446
3.01302
3.84467
2.55757
2.67944
3.63225
3.2687
3.62195
3.54945
2.93031
2.6235
2.78713
3.26413
2.78748
3.66163
2.28807
2.386
2.71724
3.27814
3.2406
3.05508
2.90337
3.46113
3.12156
3.57792
2.07588
3.03328
3.11814
2.83733
3.16681
2.76429
3.36123
3.59918
3.35189
3.78085
3.25748
2.77743
2.95234
2.44644
3.1816
2.75115
2.86131
1.81833
2.94291
2.5776
2.56125
2.3797
2.81011
3.88396
3.58444
3.2962
2.88992
3.41852
3.17828
3.46198
3.30328
4.05906
3.14749
2.97392
3.59169
2.93702
2.1021
2.76471
3.00097
1.84496
3.61024
2.14043
2.82114
3.4874
2.81491
2.66794
3.37392
2.3261
2.90532
3.04258
3.51282
3.01042
3.93526
3.01001
2.44722
2.42323
3.09874
2.19183
2.9539
4.04345
2.63945
2.34537
2.2611
2.35698
2.48386
3.43913
3.38643
3.0581
3.03904
3.80179
3.2688
3.44022
3.34363
3.39819
2.78362
3.7641
2.66122
3.07591
3.05752
2.91405
2.63738
2.47614
2.74302
3.49375
2.82866
3.15353
2.87864
3.19818
2.89738
2.80703
3.69688
2.94165
3.81398
3.13439
3.73474
3.54006
2.82719
3.18758
4.24531
3.25367
2.96395
2.44512
3.60091
3.43445
3.74296
2.17315
2.76376
2.96589
2.08073
2.53605
2.8938
4.64639
2.2433
3.24727
3.05861
2.33683
2.79592
3.87871
2.83007
3.45309
3.28696
2.26143
3.51215
3.27175
3.40973
3.19271
3.89776
2.68905
2.51668
3.31814
3.55277
3.01243
3.0146
2.64191
2.59998
2.41807
2.90382
3.51175
2.32076
3.02855
3.01751
3.30115
3.37273
2.91813
2.78696
2.69738
2.89912
1.88722
3.43769
2.94138
2.92122
2.57194
2.77675
2.8141
2.94249
3.16792
3.18115
3.65373
3.08168
3.63088
2.89249
3.00689
3.37087
3.22384
3.71162
2.25052
3.28915
3.15584
3.21153
3.27077
2.56292
3.30147
3.20223
2.71851
2.06687
2.67836
3.32743
2.26023
2.52855
2.58835
3.85228
2.65242
3.11826
3.25718
2.68508
2.92274
2.92726
3.11443
3.92311
2.71713
2.84265
3.66749
2.71865
3.49612
2.5253
2.8559
2.70466
2.07486
3.18974
2.40283
3.23363
2.13856
2.80933
2.18013
3.60491
3.0097
2.20641
2.38537
3.52788
2.74366
2.99707
2.72675
1.85946
2.88684
2.43048
3.16692
3.27433
2.83348
3.03579
2.88906
3.51116
3.07445
2.87519
2.39258
3.45761
2.60427
2.61563
4.11758
1.73797
2.58107
3.0298
2.1346
3.59585
2.79438
2.3328
3.55835
3.14599
2.69107
3.46526
2.3176
2.8189
2.58015
2.26386
3.31388
2.77277
3.22569
2.53034
3.06545
2.90097
2.56317
2.93068
3.40157
3.32359
2.04064
2.61245
1.73901
2.38261
3.8999
3.13107
3.38097
2.55697
2.36544
2.75279
2.77994
3.92146
2.89274
2.15052
2.61265
3.14609
3.3168
3.51272
1.97684
3.5302
3.26641
4.07946
3.00222
2.58361
3.41936
3.14681
2.86545
2.03912
3.48847
3.77937
3.03167
2.28321
3.47178
3.26905
3.2762
3.13904
3.07106
3.60189
3.42696
3.20604
3.00613
3.20729
2.03014
3.17449
3.36238
3.41859
2.9473
3.83423
3.19445
2.8584
2.36036
3.36346
3.28932
3.0561
2.91194
2.81651
2.97406
2.63424
2.65865
2.78453
3.43704
2.65815
3.0761
2.08536
3.12211
3.24412
3.05488
2.343
3.24742
2.40657
2.64776
3.48097
3.39358
3.65489
3.19711
2.74906
2.54092
2.74374
4.10573
3.07485
2.55401
2.69562
3.74862
3.53102
2.75608
2.45591
2.82241
3.3972
2.52015
2.81126
2.32523
2.8203
2.97217
3.29299
3.18234
3.424
3.4378
2.80092
2.05772
1.64724
3.14485
3.04503
2.91147
2.91685
2.97947
2.79419
2.80608
3.48726
3.62724
3.55369
2.82093
3.0661
2.97817
2.63107
2.62015
2.86927
3.47828
3.33015
3.68916
2.93936
3.5936
3.23441
2.72665
3.14885
2.95969
3.54872
2.60256
2.81087
2.65789
2.70449
3.21193
2.28934
4.03484
3.24433
2.65913
2.64779
3.73183
2.84733
3.00405
3.31926
2.45049
2.73609
2.81607
2.32076
3.66793
3.09991
2.95488
3.08273
2.41374
3.48024
2.11686
2.31637
3.14901
3.14946
3.08261
2.77292
3.33222
2.48366
3.47956
3.25902
2.58841
3.71647
2.72232
3.49852
3.76354
3.22253
2.96569
4.07118
2.97305
3.45216
3.22608
2.89585
3.43467
2.88796
3.6617
3.83423
3.07727
3.07721
3.46033
3.34476
2.3733
2.93399
3.17272
2.74328
2.47592
3.36144
2.01866
2.53196
2.91612
3.34536
2.42103
2.55805
3.3379
2.73199
2.12347
2.71025
3.15275
2.72497
3.31167
3.48473
2.91175
3.21844
3.45749
3.34942
2.08
2.94869
2.69697
3.2746
3.32254
2.73355
3.53179
3.34506
2.82441
2.94297
3.30919
3.15512
3.52593
2.5689
2.63092
1.96993
3.40974
2.42374
2.79734
2.77595
2.9743
3.71605
3.71645
4.04808
2.87576
2.21135
2.75364
3.42337
2.08978
3.68224
2.74951
3.27245
2.9882
4.09385
3.93733
2.67779
2.91235
2.28316
2.53387
3.11259
3.67352
2.71053
3.21627
2.78521
2.82898
3.04348
2.57104
2.69393
3.05511
2.63283
2.74063
3.01121
3.14609
4.19864
4.26662
3.31302
3.03672
2.83616
4.01202
2.89204
2.70945
3.13897
2.52383
3.0272
4.272
2.95743
2.18921
2.83219
2.83659
3.04927
3.51839
2.89284
2.73592
3.15513
2.37719
3.28554
3.38241
3.01283
3.09418
3.03404
3.503
2.4047
2.13418
3.22284
3.53088
3.91989
3.25221
3.05747
3.2341
3.05465
2.77423
2.63025
3.35623
3.92219
2.84679
3.59188
2.40889
3.09263
3.53748
2.28153
2.71234
2.88986
2.21077
3.54118
2.67451
3.02888
4.06166
2.91931
2.61699
3.0242
3.52432
3.82927
1.65499
4.41241
2.43974
2.974
4.14502
2.81801
3.22752
3.70746
3.04099
1.60239
3.18081
3.08946
2.57617
3.24511
3.1177
3.77428
2.91711
2.71279
2.59495
3.38947
2.70899
3.56045
3.78059
2.51058
2.54149
3.25663
2.23441
3.57746
2.92842
3.16828
2.5341
2.22292
2.90608
3.00367
2.08978
2.60621
3.81459
2.85161
3.4899
2.46415
3.25364
2.92198
2.39897
2.71418
2.5038
3.10909
3.35962
2.64166
3.02527
2.56768
2.90408
4.1932
3.47071
2.96837
3.2106
3.74775
2.2928
3.44879
3.46789
3.5235
3.28904
3.40231
4.10503
3.68197
3.0182
3.70314
2.84395
3.00283
3.12557
3.10266
2.92656
3.53109
2.61314
3.00135
2.72642
2.2508
3.64956
2.55474
2.99843
2.85454
2.38452
2.62558
3.472
3.25846
2.93135
3.28658
3.00644
2.67943
3.24618
3.2212
3.68425
3.69098
3.24332
3.54562
3.05289
2.63304
3.19005
2.40841
3.3597
2.6249
1.87257
3.04911
3.69084
3.29864
2.54064
2.37457
3.40766
3.84302
2.71685
2.64581
3.00039
2.25254
3.01103
3.57365
3.44875
3.4429
3.48793
2.48759
3.47788
3.06205
3.16612
2.42321
3.32892
2.58068
2.61685
2.67552
2.55158
2.96446
2.55072
3.1713
3.08538
3.28895
2.92065
2.87079
3.09052
2.5385
2.98661
2.94006
2.39817
3.71781
2.58095
3.31536
3.86041
2.79163
2.79535
3.44613
2.4042
2.81133
3.13258
3.4464
3.62986
3.41761
3.09497
2.91812
4.20843
3.33175
1.68868
3.35045
2.39725
2.12185
3.45243
3.44849
3.03719
2.334
3.04741
3.27146
3.36274
4.41302
2.51808
2.84194
2.89702
2.48982
2.39054
2.78467
2.8429
3.71345
2.43815
3.01768
2.76234
3.54602
2.87273
1.98112
3.048
2.32157
3.43192
1.75185
3.02428
3.13405
3.05784
2.2114
2.32505
3.33514
3.28434
1.79037
3.03184
2.15153
2.74805
2.88992
2.12437
2.32292
3.48121
2.89468
2.9171
3.32516
2.77105
2.48607
2.37869
2.9696
3.11433
3.40555
2.98378
3.47044
2.9655
2.36573
2.41564
2.55669
3.08982
3.14321
2.1539
3.25194
2.45058
3.25089
2.58083
2.30691
2.54768
3.32615
3.46183
2.06148
3.23371
3.08111
2.05898
2.68355
3.20916
3.77235
4.15944
3.0988
2.7452
3.75587
2.54988
2.77484
3.46006
2.75062
2.97287
3.29506
3.00076
3.62593
2.8298
3.60202
3.51916
1.97205
3.71018
2.71124
3.43488
3.16198
3.51441
2.47316
2.8215
3.18527
1.98114
3.56545
2.07585
2.79505
3.04752
2.34092
2.60821
3.18182
3.48271
2.76157
2.26555
3.08035
3.81704
2.72033
3.48891
2.16216
2.45403
3.16608
2.33739
3.14382
2.4553
2.95685
2.78425
2.89196
3.07586
2.20901
3.12319
3.28979
3.151
2.9687
3.0093
2.58328
3.02793
2.84111
2.2474
1.93254
3.11565
1.90799
2.99883
3.58481
2.41285
2.59872
3.18114
2.95387
3.80603
2.72121
2.76072
3.19972
3.78624
2.42794
2.90144
3.17929
3.56848
3.06359
2.72094
3.25503
3.27519
3.12213
2.53163
2.8632
2.58202
2.66321
2.09416
2.93813
2.69978
3.04264
2.52847
3.00423
3.47942
3.75583
3.55763
3.80028
2.37317
2.23965
3.33606
2.5614
2.43404
2.44528
3.36085
3.0231
3.90125
2.60904
3.86689
3.00465
3.70386
2.40886
3.20355
2.89772
2.79987
1.98571
3.48818
2.44987
3.28172
2.60842
3.71793
3.57159
3.10735
2.83024
2.45188
3.11363
2.9606
3.70929
3.51047
2.14847
2.76363
3.64014
2.97026
2.76035
2.81127
3.18524
2.59315
3.76585
2.14167
4.01706
3.38427
3.35633
3.43241
2.88989
3.5733
2.92787
2.52655
3.76147
1.60107
3.14485
3.03014
2.79988
2.77676
3.56343
2.91222
2.04055
2.87018
3.6564
2.32819
3.50167
2.87125
2.78938
4.04845
2.93846
2.45468
3.26505
3.50747
2.65466
2.92038
2.97884
3.44855
2.76946
2.92849
2.7471
3.31076
2.31072
3.55437
2.29621
2.80015
2.62824
2.64334
3.03102
3.14728
3.25129
2.53898
2.81174
3.05451
2.7273
3.40595
2.69983
2.78707
3.44335
3.03949
3.68727
2.05814
3.58938
2.43789
2.72187
2.5443
3.30802
3.57017
3.27557
2.63376
3.04087
3.65544
2.51906
3.35607
2.94514
3.12431
2.51801
1.79541
2.76443
2.21061
3.33392
2.77015
1.82043
2.88473
3.16732
3.80457
2.638
2.76614
3.37266
3.71858
2.99355
2.69387
2.42697
2.74485
3.33453
2.30964
3.17423
3.09375
3.59056
3.26271
3.30579
2.90168
3.43374
3.05782
2.94842
3.1399
2.50204
2.08165
3.13222
3.15203
3.34251
3.04657
2.73052
2.87712
3.65085
2.28622
3.44682
2.41892
2.74766
2.53391
2.22827
3.62227
3.33778
3.26955
3.18465
2.72519
2.30045
2.2037
2.92348
2.23144
3.42498
2.88882
2.74482
3.78272
2.44791
3.27502
3.53789
2.8994
2.03363
3.27688
3.90311
2.10992
3.39715
3.97992
2.6444
2.81032
3.08407
2.50827
2.79432
2.37579
3.06988
3.24589
2.68191
2.30955
3.50644
2.97687
2.76875
3.0677
3.57754
3.14742
3.62231
3.45978
2.12045
3.47376
2.67816
2.87929
3.59178
