0.710843
0.602293
0.55996
0.91379
0.465099
0.0205482
0.226061
0.491518
0.16834
0.429441
0.422241
0.291907
0.829466
0.226122
0.501221
0.691623
0.584835
0.819022
0.58641
0.0664339
0.430121
0.528968
0.0480178
0.538794
0.590705
0.740753
0.298273
0.828817
0.124247
0.506752
0.559991
0.918642
0.22674
0.598245
0.924451
0.13877
0.786824
0.53144
0.436115
0.470105
0.806446
0.611964
0.078392
0.307543
0.284183
0.616661
0.815777
0.0770324
0.0940889
0.771962
0.198004
0.0866113
0.597967
0.88079
0.283997
0.587554
0.245929
0.610852
0.903748
0.888453
0.487099
0.474616
0.514724
0.811606
0.422118
0.272503
0.7829
0.915335
0.70766
0.102617
0.110898
0.411025
0.530915
0.353645
0.522201
0.985601
0.739332
0.0751166
0.793313
0.550196
0.380805
0.786423
0.468374
0.534777
0.960047
0.727374
0.197695
0.0380991
0.981553
0.103822
0.300096
0.115039
0.0610883
0.59086
0.765009
0.10648
0.717301
0.616198
0.743009
0.652412
0.428638
0.29611
0.489232
0.80935
0.0679789
0.672682
0.611037
0.932855
0.458301
0.95328
0.664957
0.398233
0.52251
0.034113
0.355746
0.852084
0.777215
0.0227111
0.565646
0.806415
0.607113
0.316751
0.729846
0.585792
0.96941
0.197293
0.975033
0.0802151
0.593764
0.221024
0.700769
0.0207954
0.26487
0.584649
0.789914
0.0165621
0.600253
0.23978
0.645459
0.337113
0.926799
0.507462
0.671569
0.436393
0.513766
0.661218
0.811235
0.363903
0.132806
0.850539
0.534654
0.940642
0.680808
0.886908
0.244539
0.392547
0.629886
0.892099
0.0595433
0.348299
0.68294
0.221642
0.797794
0.253623
0.818805
0.552452
0.734944
0.386244
0.640237
0.517257
0.209406
0.876711
0.643636
0.0508915
0.989958
0.423354
0.466551
0.248555
0.0232055
0.643265
0.992677
0.850261
0.490993
0.0858697
0.481538
0.601397
0.419275
0.82619
0.711893
0.767234
0.455767
0.55548
0.210364
0.0270988
0.254519
0.959491
0.640052
0.48815
0.639558
0.410531
0.453295
0.167383
0.279053
0.811359
0.383308
0.179372
0.161326
0.328214
0.529648
0.154745
0.294905
0.300034
0.105336
0.537806
0.435466
0.368229
0.811977
0.480332
0.412199
0.715261
0.296017
0.474678
0.524426
0.334889
0.577511
0.669283
0.0774032
0.152304
0.911658
0.130365
0.467293
0.364985
0.302599
0.507988
0.75404
0.384297
0.334611
0.53385
0.81451
0.878132
0.866792
0.086395
0.564008
0.5493
0.24012
0.698823
0.715169
0.281463
0.189754
0.791336
0.239718
0.635757
0.813831
0.771406
0.110682
0.377066
0.199425
0.309767
0.63347
0.45484
0.409943
0.361122
0.696196
0.302815
0.541946
0.0855298
0.428174
0.223341
0.0646108
0.143899
0.592127
0.963909
0.333776
0.402867
0.250193
0.28032
0.0102586
0.610605
0.864938
0.795322
0.865525
0.887495
0.336712
0.863733
0.606124
0.161512
0.357322
0.0994963
0.620925
0.485245
0.183543
0.816241
0.149801
0.51871
0.437413
0.673856
0.795384
0.875228
0.410778
0.492105
0.260514
0.900627
0.39848
0.56132
0.127244
0.97732
0.439205
0.955227
0.970584
0.38164
0.917406
0.0326917
0.13259
0.816581
0.203164
0.896765
0.792077
0.356147
0.91515
0.678553
0.532769
0.644718
0.220684
0.647406
0.64274
0.910206
0.902358
0.670148
0.213237
0.478262
0.0871674
0.685289
0.590335
0.682539
0.158576
0.896456
0.743565
0.739734
0.138182
0.694651
0.060254
0.459877
0.200692
0.508667
0.860767
0.140407
0.0439391
0.898433
0.0540432
0.484782
0.110775
0.39162
0.484349
0.0428576
0.728641
0.396595
0.265396
0.66712
0.737818
0.837407
0.472886
0.243055
0.159689
0.0710997
0.162655
0.536817
0.280227
0.995705
0.325681
0.131848
0.700151
0.923771
0.0320428
0.0307141
0.822112
0.0715323
0.230572
0.199796
0.367982
0.773167
0.387201
0.790625
0.12814
0.118005
0.526805
0.708432
0.223898
0.151933
0.853444
0.990668
0.534932
0.984303
0.535581
0.0861787
0.53005
0.21781
0.196243
0.810092
0.184408
0.952075
0.475759
0.694219
0.992337
0.796898
0.112938
0.731205
0.799246
0.48163
0.61595
0.704199
0.559281
0.807064
0.708989
0.31122
0.861478
0.251985
0.561691
0.185459
0.117016
0.371566
0.335908
0.737602
0.803448
0.141396
0.199178
0.270958
0.540339
0.833266
0.822822
0.18311
0.748324
0.486821
0.430955
0.659951
0.612335
0.136607
0.447239
0.216544
0.997343
0.582795
0.498841
0.318079
0.938448
0.336372
0.81037
0.228069
0.806847
0.67503
0.97973
0.8176
0.363254
0.0309304
0.85607
0.403022
0.274449
0.088527
0.898742
0.102555
0.101196
0.887742
0.375521
0.956864
0.227698
0.748633
0.535334
0.0473689
0.436919
0.596236
0.609122
0.63208
0.236536
0.136081
0.364768
0.26864
0.176498
0.710163
0.495566
0.80385
0.204462
0.100516
0.781015
0.619411
0.247536
0.863115
0.5091
0.928684
0.803387
0.131694
0.675895
0.115564
0.143559
0.538763
0.585854
0.979112
0.720576
0.130427
0.476995
0.888267
0.457992
0.904768
0.0485431
0.621265
0.538609
0.561598
0.170905
0.832092
0.638476
0.240738
0.795847
0.947996
0.835398
0.157556
0.736366
0.6094
0.675741
0.091308
0.335352
0.65028
0.0939035
0.742854
0.628156
0.620431
0.407626
0.997281
0.573093
0.975559
0.162686
0.541668
0.0418688
0.573402
0.0240707
0.7791
0.318635
0.0257702
0.0459166
0.208911
0.799092
0.457374
0.807743
0.815715
0.06733
0.570806
0.616568
0.801224
0.792108
0.360999
0.676791
0.256249
0.231159
0.291969
0.839168
0.749405
0.656614
0.0884034
0.879338
0.0559899
0.790409
0.0941816
0.786515
0.482928
0.819702
0.693137
0.822544
0.139449
0.893551
0.287551
0.145444
0.834688
0.0459784
0.218614
0.322374
0.612768
0.204524
0.110218
0.304298
0.774805
0.644316
0.157618
0.746068
0.132682
0.831134
0.488088
0.629855
0.887248
0.297902
0.770602
0.98455
0.574391
0.17931
0.151624
0.804932
0.374255
0.757964
0.000401693
0.0630658
0.901338
0.510058
0.0790718
0.414269
0.0402929
0.32599
0.18036
0.316565
0.700738
0.0159441
0.503229
0.00695238
0.0915243
0.369311
0.981769
0.137781
0.631585
0.158916
0.949819
0.12162
0.0943979
0.820474
0.814418
0.863579
0.581868
0.353305
0.468838
0.607546
0.384668
0.392825
0.673547
0.746871
0.258814
0.63381
0.508204
0.787999
0.715787
0.378488
0.422581
0.345271
0.207521
0.580787
0.183512
0.81139
0.388159
0.941013
0.739023
0.0266045
0.1769
0.773229
0.396904
0.313908
0.283534
0.514785
0.821308
0.945401
0.427896
0.17968
0.209838
0.944628
0.306616
0.138646
0.76742
0.484875
0.125328
0.676544
0.21744
0.138028
0.670395
0.252047
0.571393
0.708741
0.27241
0.768347
0.630411
0.97457
0.00744678
0.169144
0.555573
0.224917
0.312023
0.987609
0.0546612
0.581806
0.343602
0.945555
0.452152
0.987887
0.0983222
0.436579
0.542873
0.231066
0.277416
0.554244
0.0163149
0.561444
0.146649
0.0238853
0.749992
0.748787
0.55959
0.855576
0.325402
0.0881871
0.845379
0.7245
0.746532
0.205451
0.255755
0.15354
0.105707
0.59602
0.575163
0.30059
0.192658
0.24735
0.834008
0.939252
0.462503
0.613046
0.248185
0.964991
0.503569
0.0603158
0.469579
0.723975
0.664061
0.257547
0.43491
0.280907
0.102432
0.0817909
0.841177
0.0647344
0.163304
0.638692
0.274696
0.127337
0.991873
0.724129
0.688317
0.0657541
0.323394
0.772858
0.338689
0.174211
0.351173
0.134104
0.0542904
0.523592
0.203906
0.0131941
0.0714705
0.22087
0.676513
0.212588
0.376387
0.0926985
0.553657
0.924142
0.0902574
0.170411
0.754473
0.452214
0.99759
0.621605
0.591972
0.939653
0.525569
0.514384
0.758242
0.0440627
0.917838
0.100609
0.795569
0.904335
0.980626
0.958286
0.450854
0.784136
0.109384
0.173315
0.210487
0.0465037
0.301085
0.270278
0.433612
0.077156
0.113494
0.818527
0.508791
0.880172
0.186973
0.354726
0.691994
0.643049
0.958718
0.518771
0.447116
0.197139
0.950777
0.272008
0.705281
0.729073
0.464512
0.928375
0.754874
0.51528
0.898928
0.131663
0.671044
0.353923
0.565862
0.840373
0.938603
0.360628
0.618577
0.116553
0.298798
0.911288
0.0721503
0.327596
0.432624
0.921917
0.74097
0.332231
0.160307
0.168124
0.395482
0.0907518
0.24803
0.940735
0.695362
0.171832
0.977629
0.487717
0.57164
0.747551
0.365541
0.389921
0.217532
0.152582
0.955319
0.985137
0.666564
0.650496
0.127862
0.0743442
0.672033
0.509162
0.938386
0.326669
0.287087
0.0726756
0.410067
0.380527
0.742762
0.613602
0.335507
0.674536
0.90211
0.631338
0.120106
0.856688
0.500046
0.507277
0.642462
0.866545
0.0475852
0.470877
0.927726
0.652999
0.520811
0.767296
0.46547
0.0787628
0.365757
0.423879
0.549022
0.196459
0.84405
0.515898
0.995952
0.36449
0.224979
0.321725
0.510892
0.210055
0.978587
0.638105
0.182523
0.656151
0.0156351
0.454717
0.390539
0.314557
0.385409
0.509254
0.95294
0.611593
0.0201774
0.167846
0.351822
0.235979
0.0487594
0.655224
0.870099
0.605475
0.059636
0.362853
0.967865
0.954732
0.892964
0.195377
0.674258
0.858449
0.776566
0.920836
0.571177
0.674783
0.94092
0.724469
0.74168
0.443809
0.678058
0.455149
0.458456
0.977536
0.473164
0.286716
0.014461
0.27037
0.448166
0.36208
0.846584
0.913698
0.450545
0.735624
0.49297
0.396348
0.226586
0.573989
0.116244
0.250286
0.294874
0.295183
0.343695
0.960109
0.737076
0.720978
0.193493
0.378333
0.398325
0.537064
0.319037
0.088836
0.947255
0.718969
0.878163
0.871644
0.848036
0.141705
0.24769
0.887371
0.317307
0.817168
0.295337
0.367951
0.768316
0.62556
0.212928
0.42975
0.470754
0.908321
0.606433
0.210024
0.973735
0.876464
0.604826
0.95776
0.368384
0.836233
0.288539
0.300683
0.207212
0.532275
0.567098
0.034422
0.404258
0.468498
0.554182
0.00661249
0.0381609
0.991255
0.627105
0.455489
0.511819
0.355591
0.827828
0.969008
0.134227
0.0736953
0.570157
0.514693
0.806755
0.660476
0.694806
0.0845101
0.268084
0.0891759
0.00061799
0.0970244
0.232828
0.553935
0.967803
0.94503
0.369681
0.0399839
0.277477
0.563946
0.539598
0.716837
0.543429
0.318388
0.98696
0.952786
0.587337
0.21197
0.279362
0.859871
0.999722
0.956339
0.145228
0.800729
0.714489
0.174737
0.433643
0.0820072
0.875135
0.396224
0.207181
0.527423
0.805457
0.456725
0.705868
0.821246
0.935698
0.904613
0.024287
0.813058
0.650125
0.0696474
0.934648
0.739672
0.12848
0.171369
0.90486
0.0630967
0.906189
0.271699
0.656769
0.11266
0.687544
0.944474
0.282359
0.330439
0.878936
0.992924
0.889071
0.584124
0.707444
0.0686587
0.779409
0.367148
0.642184
0.822884
0.192813
0.271606
0.642215
0.827735
0.954454
0.849303
0.340605
0.474987
0.572938
0.951302
0.354479
0.653184
0.549918
0.337144
0.93165
0.269104
0.249266
0.134784
0.161017
0.279702
0.913234
0.377777
0.311003
0.827519
0.920496
0.517814
0.296728
0.586256
0.0421778
0.621914
0.640485
0.556067
0.302537
0.498285
0.230757
0.228903
0.93783
0.239347
0.577542
0.674134
0.839045
0.73
0.610049
0.777616
0.085777
0.466984
0.316473
0.686185
0.73102
0.770139
0.911782
0.14977
0.513858
0.675772
0.0961592
0.0969935
0.227976
0.792294
0.390106
0.24664
0.72243
0.4215
0.175478
0.550073
0.3614
0.739857
0.157587
0.741217
0.371041
0.253438
0.789698
0.982604
0.268764
0.195903
0.756728
0.806353
0.597411
0.793468
0.574452
0.189012
0.674907
0.960325
0.771035
0.0524673
0.23737
0.267064
0.929086
0.866452
0.0330315
0.185953
0.194636
0.557828
0.579056
0.911844
0.159472
0.0371412
0.831165
0.492939
0.391496
0.464945
0.996292
0.417854
0.603034
0.67639
0.193184
0.329821
0.781911
0.760096
0.335136
0.616321
0.762414
0.698977
0.739425
0.0896703
0.0782375
0.283286
0.475976
0.728177
0.323827
0.840775
0.00166857
0.261966
0.128635
0.195625
0.713067
0.951581
0.39814
0.507957
0.749189
0.622656
0.756914
0.83546
0.167259
0.259648
0.764793
0.0725211
0.385811
0.57232
0.854278
0.121651
0.0992491
0.582115
0.392114
0.561969
0.22912
0.971789
0.570837
0.62142
0.562865
0.369805
0.0593888
0.324043
0.874733
0.333158
0.305843
0.0173655
0.726385
0.0424559
0.665575
0.495257
0.755338
0.588048
0.323548
0.797114
0.146896
0.0626951
0.843123
0.370361
0.146711
0.0335877
0.273275
0.904181
0.95637
0.150079
0.562371
0.292186
0.873127
0.0808948
0.700491
0.977134
0.410098
0.385378
0.504403
0.191299
0.0338967
0.321787
0.520595
0.733337
0.13398
0.0348855
0.477026
0.893119
0.219634
0.482465
0.746933
0.268517
0.157093
0.663597
0.184779
0.0102895
0.615456
0.62658
0.373019
0.563916
0.534746
0.955196
0.965732
0.619998
0.339709
0.334302
0.485338
0.198097
0.101165
0.882891
0.61388
0.379168
0.529308
0.101381
0.916849
0.94537
0.423045
0.418039
0.632142
0.246238
0.659364
0.520162
0.66542
0.471001
0.947131
0.699564
0.831598
0.560857
0.0544758
0.552699
0.773754
0.479375
0.261811
0.104378
0.387418
0.824584
0.45963
0.161882
0.415536
0.239193
0.553286
0.865927
0.950561
0.23805
0.373791
0.685196
0.575781
0.397615
0.425486
0.801285
0.801811
0.884281
0.832185
0.65303
0.525662
0.528937
0.0431666
0.777153
0.0130087
0.0423632
0.651021
0.210333
0.0222476
0.492878
0.381794
0.941662
0.840899
0.0210734
0.308531
0.439422
0.989185
0.302073
0.425517
0.806137
0.563452
0.461978
0.530575
0.300281
0.144146
0.630937
0.0570404
0.95535
0.989989
0.428205
0.228193
0.826252
0.721596
0.290517
0.611161
0.95226
0.504867
0.264067
0.458517
0.987239
0.996447
0.44211
0.411241
0.564873
0.685134
0.566079
0.874332
0.270092
0.404505
0.507308
0.647313
0.628187
0.625282
0.169267
0.574978
0.271483
0.62281
0.78117
0.643667
0.0557427
0.751599
0.00105058
0.164941
0.895807
0.64169
0.745265
0.00655069
0.0284584
0.467973
0.471712
0.058709
0.217316
0.118623
0.62383
0.94126
0.777833
0.119736
0.798474
0.36035
0.574916
0.26178
0.0995272
0.625776
0.246887
0.76124
0.514631
0.797052
0.137194
0.539412
0.68773
0.973581
0.852208
0.79662
0.0692766
0.876433
0.599975
0.196119
0.790687
0.137843
0.641288
0.682199
0.105213
0.518401
0.388901
0.0574421
0.0184161
0.891327
0.938263
0.307264
0.240522
0.761889
0.616507
0.791521
0.268826
0.205605
0.280011
0.961746
0.994191
0.0879708
0.81142
0.393011
0.702654
0.31672
0.724995
0.824151
0.391713
0.498903
0.327782
0.461731
0.491765
0.20715
0.522572
0.0438155
0.879029
0.00747768
0.173995
0.317214
0.802614
0.0104131
0.634861
0.673145
0.683806
0.357476
0.123752
0.429132
0.373729
0.675494
0.0524982
0.242221
0.0287056
0.506782
0.564843
0.680283
0.804437
0.296635
0.571702
0.757254
0.888824
0.545314
0.614313
0.447085
0.192287
0.189136
0.694311
0.00689058
0.0818218
0.846028
0.826376
0.741001
0.337082
0.921948
0.745821
0.0938726
0.738003
0.866514
0.042734
0.709236
0.350029
0.954609
0.873559
0.148812
0.363471
0.0648889
0.18756
0.446899
0.16318
0.619287
0.228131
0.81655
0.198313
0.135123
0.214381
0.657757
0.267899
0.0600686
0.43077
0.630844
0.0424868
0.670426
0.256898
0.333035
0.286438
0.9708
0.415598
0.248895
0.0765689
0.0213206
0.347341
0.532553
0.610759
0.889194
0.603529
0.754009
0.379446
0.572969
0.956154
0.11612
0.230881
0.248308
0.984396
0.550134
0.371103
0.26314
0.312981
0.137997
0.665544
0.490406
0.993697
0.0103513
0.625158
0.149862
0.528412
0.960696
0.829249
0.192164
0.169731
0.647746
0.696104
0.288261
0.257022
0.35244
0.333004
0.281587
0.209159
0.837901
0.550505
0.429317
0.402837
0.245342
0.518679
0.432562
0.912215
0.217687
0.176838
0.763526
0.873621
0.158514
0.886753
0.220282
0.58434
0.741402
0.400148
0.823286
0.255879
0.172944
0.152273
0.906807
0.368724
0.889596
0.666595
0.655347
0.889503
0.652041
0.370423
0.156413
0.556871
0.428669
0.300961
0.250873
0.387047
0.766369
0.319933
0.229521
0.0348546
0.472175
0.131477
0.641937
0.784074
0.0996817
0.650032
0.0550938
0.649723
0.00658159
0.0333096
0.229614
0.0494083
0.757099
0.864568
0.737107
0.725829
0.955134
0.95603
0.0967154
0.184315
0.937521
0.190835
0.961128
0.897167
0.855143
0.257485
0.425208
0.757624
0.947038
0.685011
0.546674
0.827766
0.959305
0.610945
0.918302
0.173377
0.22019
0.569786
0.456478
0.667058
0.728115
0.314124
0.317492
0.846275
0.865186
0.834132
0.958656
0.509069
0.923833
0.0417452
0.553997
0.977505
0.468313
0.525075
0.436764
0.57198
0.800915
0.743596
0.744585
0.899824
0.272348
0.758644
0.107129
0.819176
0.610667
0.874641
0.318605
0.020919
0.284275
0.631215
0.100701
0.810123
0.189259
0.713716
0.0534561
0.392609
0.639588
0.415382
0.214937
0.745079
0.977443
0.45861
0.00179217
0.281371
0.1752
0.506412
0.506628
0.540586
0.872076
0.915953
0.804684
0.335445
0.664833
0.378828
0.475945
0.723326
0.562185
0.263078
0.303278
0.614714
0.51015
0.0936254
0.699194
0.773383
0.42116
0.122115
0.172017
0.00673609
0.0575657
0.037821
0.937892
0.24905
0.100825
0.829528
0.235825
0.0245033
0.847017
0.981615
0.113525
0.823379
0.270432
0.457869
0.885363
0.00197757
0.310478
0.745048
0.972592
0.696969
0.424095
0.582981
0.527949
0.887928
0.404629
0.526713
0.693879
0.938974
0.418843
0.758273
0.0489139
0.67948
0.678305
0.493959
0.551587
0.59911
0.0602849
0.464728
0.962334
0.0863641
0.559157
0.787659
0.662423
0.000432593
0.0679171
0.662979
0.0877545
0.777462
0.0615209
0.658777
0.427989
0.194234
0.494763
0.677718
0.401786
0.0804005
0.622872
0.790872
0.16695
0.211136
0.148379
0.295554
0.40191
0.0998053
0.669437
0.101659
0.96051
0.800142
0.622316
0.70355
0.457405
0.812595
0.577357
0.645027
0.269196
0.26382
0.419708
0.894107
0.374873
0.854989
0.233229
0.617001
0.869141
0.455088
0.448753
0.454253
0.31777
0.889936
0.719958
0.0334023
0.244168
0.334332
0.490189
0.959738
0.678862
0.581281
0.261132
0.997652
0.631307
0.115255
0.0950468
0.92235
0.808887
0.995211
0.248061
0.945586
0.457003
0.749529
0.676019
0.134969
0.190125
0.84955
0.379415
0.568118
0.194512
0.538424
0.532491
0.601057
0.365912
0.448135
0.357229
0.0849427
0.336001
0.752155
0.0883725
0.874486
0.294348
0.212712
0.395791
0.139264
0.864444
0.717702
0.679263
0.644347
0.162469
0.507709
0.710379
0.529524
0.13534
0.248339
0.989247
0.311776
0.9488
0.96153
0.960232
0.756481
0.767543
0.50428
0.171894
0.987331
0.0110002
0.727034
0.144331
0.660044
0.626889
0.421531
0.180329
0.311714
0.939097
0.438247
0.804839
0.359701
0.47304
0.267311
0.967895
0.959583
0.654606
0.773074
0.372648
0.505701
0.39505
0.0228347
0.585051
0.85298
0.9179
0.110311
0.318852
0.0597287
0.377406
0.252789
0.687823
0.988135
0.137132
0.52971
0.164447
0.818187
0.455427
0.502117
0.832309
0.672435
0.572228
0.839724
0.836727
0.366159
0.486945
0.45036
0.706517
0.923122
0.930167
0.0362451
0.69048
0.405339
0.638291
0.211631
0.225999
0.481816
0.645058
0.274048
0.0254612
0.997404
0.592498
0.022124
0.473473
0.335229
0.630875
0.047338
0.432067
0.834595
0.0314248
0.93369
0.589284
0.517597
0.262769
0.254766
0.998301
0.733183
0.109724
0.226679
0.588542
0.401168
0.983376
0.390044
0.236937
0.199147
0.266106
0.778698
0.25557
0.124432
0.535859
0.12984
0.384822
0.417081
0.481754
0.635355
0.750765
0.870068
0.600624
0.297995
0.785156
0.269474
0.307481
0.27448
0.0933782
0.660384
0.680252
0.799586
0.534994
0.994006
0.0588635
0.241572
0.92683
0.512313
0.433211
0.0140902
0.212156
0.30847
0.429719
0.465902
0.14668
0.0287365
0.511634
0.326484
0.25798
0.502827
0.943887
0.190186
0.859253
0.902698
0.723511
0.591293
0.832926
0.769459
0.805055
0.393659
0.80453
0.311189
0.856626
0.490344
0.983994
0.487069
0.469765
0.753082
0.233909
0.723728
0.625251
0.164416
0.813336
0.693786
0.92442
0.133918
0.0251831
0.953743
0.737725
0.822853
0.187962
0.509965
0.0645181
0.129345
0.307203
0.230819
0.238606
0.461113
0.394741
0.974323
0.968637
0.0760127
0.933999
0.637796
0.134011
0.0397367
0.238668
0.470815
0.918024
0.129716
0.365417
0.370516
0.170967
0.841795
0.161759
0.396131
0.192627
0.242499
0.0723666
0.361555
0.764113
0.965794
0.629701
0.862992
0.489695
0.882118
0.4926
0.338133
0.0868893
0.641628
0.735562
0.483268
0.873065
0.0711924
0.177209
0.821741
0.0133177
0.0908754
0.267435
0.9873
0.006149
0.965393
0.566635
0.961654
0.979637
0.803047
0.0783302
0.29784
0.7609
0.461267
0.418997
0.782529
0.857121
0.567963
0.170256
0.730217
0.644007
0.109106
0.129654
0.355715
0.847233
0.0155733
0.445014
0.867256
0.159163
0.988629
0.214751
0.715972
0.407595
0.99243
0.811451
0.397862
0.464296
0.894416
0.423385
0.471403
0.0101968
0.600902
0.341656
0.639928
0.468745
0.592992
0.0997435
0.659735
0.578377
0.805117
0.403362
0.327813
0.466582
0.253407
0.784847
0.220962
0.691067
0.497513
0.109477
0.187869
0.495411
0.779594
0.396255
0.212032
0.289065
0.383154
0.155115
0.353119
0.439731
0.0376974
0.918487
0.202484
0.790038
0.035967
0.646819
0.550567
0.43902
0.926119
0.400735
0.915459
0.727065
0.149183
0.421685
0.204585
0.119921
0.827581
0.930198
0.0410963
0.452121
0.983036
0.336681
0.858882
0.844483
0.583815
0.658931
0.452245
0.00244106
0.383246
0.169669
0.638043
0.172821
0.132868
0.860242
0.0579365
0.0960356
0.0775886
0.181411
0.481507
0.596545
0.657634
0.248494
0.0135031
0.119983
0.837283
0.453481
0.19649
0.848902
0.277539
0.573649
0.0628804
0.872231
0.940209
0.612891
0.223929
0.156784
0.615085
0.568365
0.233322
0.631555
0.154065
0.188178
0.543924
0.396008
0.173223
0.195934
0.76158
0.567994
0.175107
0.491858
0.221704
0.807496
0.776906
0.974199
0.949232
0.0294472
0.623212
0.844236
0.545005
0.5658
0.830671
0.41532
0.205234
0.221796
0.82205
0.0618299
0.707289
0.0444026
0.971202
0.478664
0.150233
0.586627
0.100392
0.76161
0.572846
0.936749
0.0695547
0.920094
0.454748
0.39539
0.0761981
0.963106
0.207645
0.600192
0.230078
0.122177
0.18172
0.530019
0.212959
0.434601
0.232395
0.486018
0.304823
0.857275
0.59222
0.978463
0.6187
0.135958
0.345364
0.222075
0.865711
0.916602
0.90656
0.329914
0.796465
0.0450205
0.0682261
0.711492
0.704168
0.554429
0.0454222
0.131292
0.612829
0.214226
0.633501
0.459692
0.171585
0.938819
0.394586
0.950066
0.16043
0.187529
0.442048
0.401539
0.0415907
0.529741
0.169298
0.579829
0.0331242
0.200507
0.47956
0.290919
0.674227
0.853598
0.0149245
0.343139
0.872787
0.0275314
0.322436
0.62247
0.727806
0.265612
0.701078
0.0693075
0.881284
0.361617
0.773816
0.489077
0.785094
0.259772
0.784198
0.119087
0.696598
0.365881
0.443284
0.595588
0.507246
0.637611
0.104904
0.469888
0.772487
0.280475
0.0345147
0.418812
0.753422
0.287273
0.101783
0.979915
0.846708
0.933103
0.497111
0.046411
0.286531
0.985354
0.700522
0.981986
0.171739
0.963075
0.202793
0.83855
0.652381
0.423786
0.534468
0.911535
0.11096
0.420727
0.0541977
0.509038
0.918982
0.280104
0.9763
0.279115
0.821061
0.906591
0.334765
0.558106
0.622717
0.766616
0.358743
0.322652
0.656429
0.0592961
0.309489
0.589809
0.600068
0.210673
0.075611
0.870933
0.736458
0.623953
0.960665
0.824398
0.430523
0.592034
0.949356
0.0488521
0.669777
0.155023
0.338566
0.154806
0.304607
0.823317
0.26073
0.934586
0.729969
0.605197
0.015975
0.50808
0.768594
0.669221
0.0677008
0.629021
0.756265
0.733585
0.17279
0.128017
0.0986003
0.48024
0.397645
0.430337
0.562927
0.379507
0.582672
0.479436
0.271514
0.627661
0.542811
0.221364
0.754133
0.398851
0.619535
0.266941
0.909681
0.819887
0.722245
0.392393
0.60563
0.0838921
0.17106
0.856348
0.446683
0.129222
0.287798
0.184254
0.927819
0.667552
0.805735
0.500386
0.56064
0.0205173
0.221209
0.729877
0.590644
0.731051
0.77499
0.673423
0.727467
0.212249
0.323023
0.714643
0.198993
0.24185
0.970491
0.367086
0.632482
0.299601
0.0374193
0.874826
0.347712
0.590767
0.750456
0.821555
0.98421
0.521027
0.801255
0.796959
0.12264
0.254488
0.95464
0.878411
0.910453
0.941167
0.763279
0.834811
0.0653833
0.265179
0.633161
0.406328
0.79353
0.584155
0.712295
0.8303
0.357105
0.0655378
0.289435
0.441368
0.294812
0.28548
0.820412
0.804715
0.340296
0.426475
0.956524
0.174335
0.370578
0.180669
0.365077
0.317152
0.792912
0.48713
0.479467
0.276365
0.389303
0.120508
0.919754
0.401384
0.0173346
0.721534
0.280815
0.0878781
0.796867
0.108086
0.969564
0.221549
0.78324
0.968699
0.0857152
0.457281
0.79319
0.530791
0.33424
0.475636
0.674814
0.945771
0.486111
0.319377
0.142199
0.32531
0.0736335
0.560455
0.99141
0.651361
0.263696
0.400303
0.847542
0.0640855
0.0614282
0.644223
0.143065
0.461144
0.399592
0.735964
0.546334
0.774403
0.58125
0.25628
0.23601
0.0536106
0.416865
0.447795
0.303866
0.706887
0.981337
0.0698637
0.968606
0.0711615
0.172357
0.0600995
0.435621
0.392485
0.620184
0.368816
0.90415
0.951519
0.388437
0.984674
0.593795
0.225875
0.462411
0.598492
0.963261
0.231901
0.408398
0.118561
0.614127
0.417977
0.622439
0.722955
0.503971
0.123382
0.370917
0.234033
0.743133
0.671817
0.475203
0.606897
0.282792
0.398356
0.541915
0.0806786
0.666533
0.645645
0.366221
0.496647
0.973643
0.86191
0.319902
0.22467
0.273213
0.894478
0.433087
0.994685
0.16559
0.997683
0.636159
0.876896
0.672744
0.62074
0.456138
0.613695
0.35006
0.95946
0.635201
0.726509
0.0618608
0.71214
0.806044
0.548898
0.177054
0.797485
0.205111
0.202392
0.775484
0.751043
0.913729
0.455397
0.497265
0.0706671
0.0947378
0.873837
0.192473
0.218243
0.26416
0.473071
0.272163
0.729537
0.53728
0.352996
0.420326
0.991132
0.6077
0.408924
0.201032
0.562031
0.238822
0.495072
0.726231
0.0181998
0.857368
0.606773
0.263387
0.351791
0.231128
0.287118
0.0775268
0.171708
0.958224
0.441152
0.260853
0.953991
0.776535
0.915984
0.809536
0.0970862
0.24253
0.0772178
0.123196
0.34181
0.664184
0.276952
0.481476
0.591694
0.895992
0.670797
0.315113
0.472731
0.218799
0.351482
0.182616
0.670704
0.300559
0.187807
0.485709
0.256311
0.240861
0.815252
0.994562
0.146185
0.951117
0.325372
0.0833359
0.0837376
0.146803
0.0481414
0.558199
0.637271
0.0515403
0.0918333
0.417823
0.598183
0.914748
0.615487
0.631431
0.13466
0.141612
0.233137
0.602447
0.584217
0.721997
0.353583
0.512499
0.462318
0.583938
0.678336
0.49881
0.313228
0.176807
0.758675
0.11198
0.580818
0.188363
0.573031
0.965856
0.639403
0.386274
0.645089
0.278899
0.787103
0.575101
0.290888
0.669376
0.0919569
0.437228
0.644749
0.225535
0.409047
0.220437
0.608596
0.549609
0.288632
0.315237
0.492136
0.265365
0.662269
0.976176
0.25971
0.774496
0.595804
0.541204
0.969101
0.148781
0.358619
0.303248
0.609863
0.748509
0.515929
0.000803387
0.126132
0.802676
0.0201156
0.158144
0.828539
0.0805859
0.651979
0.360721
0.63313
0.401477
0.0318883
0.00645799
0.0139048
0.183049
0.738621
0.963539
0.275562
0.263171
0.317832
0.899638
0.243241
0.188796
0.640948
0.628835
0.727158
0.163736
0.706609
0.937676
0.215091
0.769335
0.78565
0.347094
0.493743
0.517628
0.26762
0.0164076
0.575997
0.431573
0.756976
0.845163
0.690542
0.415042
0.161573
0.367024
0.622779
0.776319
0.882026
0.478046
0.0532089
0.353799
0.546457
0.793808
0.627816
0.567067
0.0295708
0.642617
0.890801
0.855792
0.359361
0.419677
0.889256
0.613231
0.277292
0.534839
0.969749
0.250657
0.353088
0.434879
0.276056
0.34079
0.504094
0.142787
0.417483
0.54482
0.536693
0.260823
0.949139
0.0148936
0.338288
0.111145
0.449835
0.624046
0.975219
0.109322
0.163613
0.687205
0.89111
0.904304
0.975775
0.196644
0.873158
0.0857461
0.462133
0.554831
0.108488
0.0326299
0.122887
0.293298
0.0477706
0.499985
0.497574
0.119179
0.711152
0.650805
0.176374
0.690758
0.449
0.493063
0.410901
0.51151
0.307079
0.211414
0.19204
0.150326
0.60118
0.385317
0.494701
0.668016
0.878503
0.925007
0.226092
0.496369
0.929982
0.00713778
0.120632
0.939159
0.44795
0.328122
0.515094
0.86982
0.561814
0.204864
0.163582
0.682353
0.129469
0.326608
0.277385
0.549393
0.254674
0.983747
0.448259
0.376634
0.131508
0.646788
0.545716
0.677378
0.348423
0.702345
0.268208
0.108581
0.0471835
0.407811
0.0263882
0.142941
0.441739
0.353027
0.425177
0.752773
0.185397
0.107314
0.848284
0.180515
0.340821
0.508945
0.904428
0.99518
0.24321
0.183945
0.879307
0.0511386
0.0287674
0.516485
0.0881253
0.835677
0.201217
0.591138
0.80867
0.961252
0.916571
0.901709
0.568272
0.218768
0.34663
0.420975
0.0930074
0.602169
0.540556
0.867225
0.154312
0.226988
0.637055
0.0175818
0.760344
0.373946
0.709452
0.383988
0.286098
0.917437
0.0375429
0.894231
0.394277
0.901554
0.544016
0.410561
0.458147
0.929024
0.85675
0.509749
0.0305596
0.797856
0.263325
0.342088
0.707845
0.131725
0.680747
0.877205
0.721256
0.237154
0.233106
0.597596
0.822575
0.144301
0.655193
0.865247
0.843834
0.481939
0.664463
0.320613
0.336248
0.790965
0.181504
0.49606
0.88147
0.390724
0.343664
0.955258
0.975435
0.143281
0.495102
0.731082
0.779841
0.435065
0.305163
0.910639
0.970275
0.333127
0.300992
0.255724
0.148688
0.344066
0.0183234
0.876773
0.653339
0.574174
0.145351
0.820134
0.761054
0.485524
0.227204
0.671013
0.349071
0.804221
0.262677
0.240213
0.713376
9.26985e-05
0.0145537
0.284924
0.73309
0.0951704
0.941754
0.855452
0.305998
0.0416216
0.534592
0.93094
0.157526
0.731514
0.847758
0.0980441
0.392918
0.688101
0.0317956
0.991904
0.728981
0.449958
0.643451
0.0217841
0.420109
0.957173
0.27621
0.365047
0.312301
0.0312703
0.909434
0.781077
0.629113
0.770819
0.0185088
0.90588
0.223187
0.0403547
0.335692
0.703643
0.471959
0.0975188
0.310447
0.740197
0.210951
0.119272
0.725705
0.935729
0.909465
0.785928
0.390755
0.348515
0.716899
0.553132
0.841671
0.142354
0.349566
0.88184
0.448939
0.483361
0.887619
0.356117
0.910299
0.916911
0.955072
0.946328
0.573433
0.0289219
0.540741
0.896332
0.72416
0.693168
0.827395
0.901091
0.471248
0.985941
0.792695
0.453172
0.147978
0.232488
0.500572
0.589748
0.590366
0.68739
0.920218
0.474153
0.441955
0.386985
0.756667
0.79665
0.0741279
0.638074
0.177672
0.894509
0.437938
0.756327
0.743287
0.696073
0.28341
0.495381
0.774743
0.634614
0.634336
0.590675
0.735902
0.536631
0.25112
0.425857
0.8595
0.941507
0.816642
0.212867
0.420048
0.947471
0.752928
0.209653
0.915521
0.736767
0.672465
0.577079
0.601366
0.414424
0.064549
0.134196
0.0688441
0.808516
0.936996
0.108364
0.013225
0.0763217
0.982511
0.25421
0.910979
0.0236381
0.711183
0.655656
0.938016
0.268455
0.147391
0.140315
0.0293854
0.613509
0.320953
0.389612
0.16902
0.536168
0.178352
0.00123598
0.194049
0.465655
0.10787
0.935605
0.89006
0.739363
0.0799679
0.554955
0.127893
0.0791954
0.433674
0.0868584
0.636777
0.973921
0.905571
0.174675
0.423941
0.558724
0.719742
0.999444
0.912678
0.290455
0.601458
0.428978
0.349473
0.867287
0.164014
0.75027
0.792448
0.414362
0.0548466
0.610914
0.913451
0.411736
0.642493
0.871396
0.809227
0.048574
0.626116
0.30025
0.139295
0.869295
0.479344
0.25696
0.342737
0.809721
0.126193
0.812378
0.543398
0.313537
0.225319
0.375089
0.888947
0.564719
0.660878
0.757872
0.985848
0.778142
0.168248
0.414887
0.137317
0.558817
0.734295
0.284368
0.645768
0.385626
0.543213
0.28443
0.655471
0.908908
0.698606
0.68121
0.949974
0.145876
0.902605
0.708958
0.306368
0.0998362
0.674289
0.863301
0.538207
0.498532
0.269567
0.322034
0.559404
0.826468
0.755554
0.622007
0.655038
0.840991
0.0356271
0.593455
0.172512
0.0843556
0.243828
0.280969
0.112134
0.605074
0.99657
0.461515
0.457807
0.87566
0.478695
0.155085
0.348268
0.678089
0.460001
0.220097
0.555233
0.171554
0.933968
0.632945
0.37237
0.46204
0.540277
0.823564
0.29954
0.0277168
0.351543
0.192318
0.193987
0.455953
0.584587
0.780212
0.493279
0.44486
0.843
0.350956
0.100145
0.722801
0.479714
0.315175
0.482434
0.742082
0.506875
0.579396
0.965207
0.537527
0.391805
0.513457
0.612706
0.194821
0.586936
0.148905
0.378024
0.349813
0.92065
0.54207
0.104935
0.47474
0.534128
0.858171
0.732905
0.0660631
0.371906
0.389272
0.115657
0.158113
0.823688
0.318944
0.0742824
0.66233
0.985879
0.782993
0.929889
0.992584
0.835707
0.206069
0.352779
0.386367
0.659642
0.563823
0.520193
0.670272
0.232642
0.524828
0.397954
0.478849
0.179341
0.156475
0.566573
0.951951
0.456354
0.647653
0.68155
0.00333714
0.523932
0.257269
0.391249
0.426135
0.903161
0.79628
0.0159132
0.498378
0.245311
0.513828
0.67092
0.334518
0.519297
0.529586
0.145042
0.771622
0.14464
0.708556
0.243303
0.198498
0.164231
0.784229
0.123938
0.458239
0.943578
0.141674
0.242839
0.12573
0.73961
0.118778
0.648086
0.749467
0.666316
0.611686
0.034731
0.45277
0.0849118
0.33115
0.990514
0.510676
0.176096
0.647097
0.594228
0.293792
0.12539
0.686247
0.740722
0.293421
0.0671755
0.54655
0.808361
0.91274
0.300158
0.124741
0.584371
0.746253
0.16179
0.400983
0.954269
0.820196
0.770757
0.00880635
0.382597
0.0677935
0.643574
0.041189
0.466675
0.26796
0.069771
0.954052
0.786237
0.439267
0.964929
0.493866
0.537033
0.314186
0.327195
0.369558
0.0205791
0.230912
0.253159
0.746037
0.127831
0.0694929
0.910391
0.931465
0.239996
0.679418
0.668603
0.970676
0.396193
0.20233
0.765782
0.22776
0.758335
0.0586163
0.202762
0.833699
0.890739
0.84609
0.836078
0.264283
0.492476
0.318728
0.0403238
0.330841
0.942002
0.894262
0.399129
0.663196
0.121713
0.108952
0.105398
0.547508
0.958749
0.523623
0.208757
0.774835
0.649167
0.91926
0.323765
0.831073
0.478386
0.106572
0.731854
0.901122
0.476099
0.747582
0.370392
0.151562
0.795229
0.850972
0.602571
0.603621
0.768563
0.66437
0.306059
0.051324
0.0578747
0.0863332
0.554306
0.0260174
0.0847264
0.302042
0.420666
0.0444953
0.985755
0.763588
0.883324
0.681797
0.0421469
0.617063
0.878843
0.97837
0.604147
0.851034
0.612273
0.126904
0.923956
0.0611501
0.600562
0.288292
0.261873
0.114081
0.9107
0.979977
0.85641
0.456385
0.652504
0.443191
0.581034
0.222322
0.904521
0.00973334
0.528134
0.917035
0.974477
0.992893
0.88422
0.822482
0.129747
0.370269
0.132157
0.748664
0.540185
0.80901
0.0146155
0.294627
0.256373
0.250564
0.338535
0.149955
0.542966
0.24562
0.56234
0.287334
0.111485
0.503198
0.00210116
0.329883
0.791614
0.283379
0.490529
0.0131014
0.0569168
0.935945
0.943423
0.117418
0.434632
0.237246
0.247659
0.88252
0.555665
0.239471
0.596947
0.7207
0.149832
0.523561
0.199054
0.251553
0.493774
0.522479
0.0292618
0.594104
0.274387
0.0788246
0.37546
0.947162
0.704416
0.593239
0.138553
0.752866
0.199951
0.392238
0.581374
0.275685
0.282576
0.364398
0.210425
0.0368013
0.777802
0.114884
0.0368322
0.782653
0.876526
0.614529
0.481043
0.523777
0.233013
0.583042
0.537651
0.41121
0.560022
0.923493
0.988382
0.175942
0.622841
0.786021
0.405309
0.633439
0.449989
0.648302
0.783426
0.997806
0.655563
0.923462
0.983531
0.4143
0.0451441
0.0876309
0.758057
0.0149554
0.34799
0.634428
0.605228
0.0208263
0.269722
0.346291
0.367611
0.714952
0.247505
0.858264
0.747459
0.350987
0.104996
0.484442
0.0574112
0.0135649
0.129685
0.360566
0.608874
0.59327
0.143405
0.514507
0.777647
0.0906282
0.228625
0.894169
0.384575
0.378271
0.388623
0.0137812
0.163644
0.692056
0.652752
0.482001
0.674165
0.843896
0.491642
0.187745
0.476007
0.733028
0.085468
0.418472
0.700059
0.909217
0.747119
0.297624
0.726941
0.129778
0.37512
0.893798
0.32636
0.238575
0.456262
0.6331
0.396626
0.270247
0.428761
0.315515
0.535797
0.120137
0.861539
0.261688
0.0849736
0.340852
0.513797
0.666069
0.572876
0.9416
0.831196
0.497791
0.153138
0.0426413
0.694682
0.0651052
0.221518
0.778389
0.207057
0.508018
0.758891
0.145938
0.912307
0.232241
0.461762
0.496617
0.968792
0.100269
0.742206
0.52628
0.625962
0.275994
0.331088
0.980811
0.987393
0.0207027
0.250317
0.299725
0.0568242
0.921392
0.658499
0.384328
0.339462
0.295492
0.392207
0.576523
0.514044
0.704879
0.666007
0.563174
0.418317
0.675803
0.10101
0.858635
0.805673
0.490684
0.0373575
0.865124
0.824429
0.435374
0.353675
0.527052
0.747242
0.317029
0.773507
0.440565
0.16868
0.482804
0.800297
0.646572
0.511757
0.345889
0.304545
0.813614
0.737447
0.779192
0.333189
0.310694
0.779007
0.304082
0.740846
0.312826
0.113741
0.857337
0.601922
0.501746
0.774094
0.532738
0.639867
0.459043
0.0697092
0.94435
0.262955
0.283874
0.568149
0.199363
0.300065
0.110188
0.299447
0.0131632
0.0666193
0.459228
0.0988165
0.514198
0.729135
0.474214
0.451658
0.910268
0.91206
0.193431
0.368631
0.875042
0.38167
0.922257
0.794333
0.710286
0.514971
0.850416
0.515249
0.894077
0.370021
0.0933473
0.655533
0.918611
0.221889
0.836604
0.346754
0.440379
0.139573
0.912956
0.334116
0.456231
0.628248
0.634984
0.69255
0.730371
0.668263
0.917313
0.018138
0.847666
0.0834904
0.107994
0.95501
0.936625
0.0501499
0.873528
0.143961
0.601829
0.487192
0.48917
0.799648
0.544696
0.517288
0.214257
0.638352
0.221333
0.749282
0.637209
0.0418379
0.568551
0.262429
0.201403
0.620245
0.378519
0.427433
0.106912
0.785218
0.279177
0.830764
0.429874
0.490159
0.954887
0.91722
0.00358434
0.562741
0.3504
0.0128233
0.0132559
0.0811729
0.744152
0.831907
0.609369
0.67089
0.329667
0.757655
0.95189
0.446652
0.12437
0.526156
0.606557
0.229429
0.020301
0.187251
0.398387
0.546766
0.84232
0.24423
0.344035
0.0134722
0.115131
0.0756419
0.875784
0.4981
0.20165
0.659055
0.47165
0.0490066
0.694033
0.96323
0.227049
0.646757
0.540865
0.915737
0.770726
0.00395513
0.620956
0.490097
0.945184
0.393938
0.848191
0.165961
0.0558972
0.775855
0.809257
0.0534252
0.387758
0.877947
0.837685
0.516547
0.0978278
0.358959
0.356611
0.987918
0.103173
0.19822
0.12057
0.929456
0.924667
0.172728
0.118314
0.575317
0.324846
0.000865186
0.135834
0.325959
0.175509
0.554924
0.123042
0.317554
0.855978
0.388468
0.989525
0.355437
0.803572
0.160801
0.245744
0.581745
0.3339
0.422272
0.296759
0.591107
0.803819
0.199611
0.338875
0.203319
0.921021
0.600284
0.244631
0.407101
0.91481
0.625189
0.154714
0.290053
0.538393
0.52764
0.839415
0.788215
0.749745
0.709977
0.466459
0.234002
0.738281
0.910175
0.897506
0.908507
0.635541
0.779872
0.439916
0.0668047
0.488335
0.668665
0.980379
0.919476
0.357723
0.162562
0.522263
0.995303
0.262615
0.23051
0.190094
0.844699
0.617773
0.990421
0.496122
0.891172
0.914007
0.499058
0.352038
0.269938
0.380249
0.699101
0.75883
0.136236
0.389025
0.076847
0.0649816
0.202114
0.731823
0.89627
0.714458
0.169885
0.672002
0.50431
0.176745
0.748973
0.588697
0.425424
0.791583
0.278528
0.728888
0.435405
0.358527
0.288694
0.324939
0.0154188
0.420758
0.0590489
0.270679
0.496678
0.978494
0.623552
0.897599
0.92306
0.920465
0.512962
0.535086
0.00855916
0.343788
0.974662
0.0220004
0.454068
0.288663
0.320088
0.253777
0.843062
0.360659
0.623428
0.878194
0.876495
0.609678
0.719402
0.94608
0.534623
0.935791
0.919167
0.309211
0.546148
0.745296
0.0114019
0.7901
0.0456694
0.170102
0.705961
0.8358
0.220622
0.637704
0.119457
0.754813
0.505577
0.375645
0.976269
0.274264
0.0594197
0.328894
0.636375
0.910855
0.00423323
0.664617
0.344869
0.144455
0.679449
0.673454
0.732318
0.97389
0.90072
0.413033
0.846244
0.860334
0.0724902
0.38096
0.810679
0.276581
0.423261
0.451998
0.963631
0.290115
0.548095
0.0509223
0.994809
0.184995
0.0442481
0.946946
0.670457
0.26175
0.094676
0.864135
0.66919
0.0628496
0.867379
0.178568
0.0351945
0.525538
0.509532
0.996601
0.466366
0.219448
0.453357
0.177085
0.802336
0.966752
0.780088
0.473874
0.398294
0.532213
0.557396
0.511139
0.248864
0.0717177
0.259679
0.769644
0.834162
0.963508
0.27071
0.50153
0.740135
0.201248
0.595989
0.570312
0.538949
0.614962
0.54896
0.186756
0.320768
0.360504
0.599172
0.0699873
0.988011
0.117727
0.483144
0.85366
0.0246269
0.866422
0.0281803
0.424312
0.616939
0.859438
0.931805
0.29336
0.057473
0.0232673
0.652968
0.51596
0.00565461
0.887773
0.380373
0.718506
0.805395
0.447023
0.182585
0.665853
0.538918
0.61011
0.787319
0.60906
0.622377
0.713253
0.980688
0.967988
0.974137
0.93953
0.506164
0.467818
0.447455
0.250502
0.328832
0.626672
0.387572
0.84884
0.267837
0.0503662
0.907487
0.47545
0.645707
0.375923
0.0199302
0.129036
0.25869
0.614405
0.461638
0.477212
0.922226
0.789482
0.948645
0.937274
0.152025
0.867997
0.275592
0.268022
0.0794735
0.477335
0.941631
0.836047
0.259432
0.730835
0.741031
0.341934
0.683589
0.323518
0.792263
0.385255
0.484998
0.144733
0.72311
0.528227
0.931589
0.259401
0.725983
0.97939
0.764237
0.985199
0.676266
0.173779
0.283256
0.471124
0.966536
0.74613
0.142385
0.354417
0.643482
0.0266354
0.181751
0.53487
0.974601
0.012298
0.930785
0.133269
0.923307
0.959274
0.606093
0.15666
0.59568
0.5218
0.922535
0.837994
0.565059
0.714242
0.135927
0.340512
0.460433
0.288014
0.218212
0.259308
0.71143
0.694466
0.0311467
0.890029
0.734512
0.318326
0.977258
0.429503
0.431944
0.81519
0.984859
0.622903
0.795724
0.928591
0.788833
0.846769
0.942805
0.0203937
0.201805
0.683311
0.279857
0.93749
0.185984
0.199487
0.31947
0.156753
0.610234
0.806724
0.655625
0.933164
0.506813
0.569694
0.441924
0.382134
0.995025
0.218954
0.375738
0.990823
0.559188
0.79251
0.424065
0.578129
0.766307
0.310231
0.706239
0.879461
0.0753947
0.836974
0.404969
0.580076
0.071934
0.293638
0.101134
0.87804
0.852239
0.801471
0.830918
0.45413
0.298365
0.843371
0.409171
0.239842
0.655162
0.860396
0.0821926
0.904242
0.966072
0.673362
0.717764
0.688966
0.16763
0.317863
0.90449
0.00488212
0.766493
0.339338
0.276087
0.345642
0.265736
0.720483
0.115873
0.192071
0.155177
0.362822
0.963013
0.193091
0.315267
0.496987
0.0270061
0.239965
0.674567
0.906962
0.39298
0.697803
0.555078
0.147298
0.125761
0.744461
0.880419
0.225783
0.447857
0.313568
0.23017
0.13673
0.466644
0.263109
0.30813
0.376356
0.0878472
0.792016
0.346445
0.391867
0.523159
0.135989
0.350215
0.983716
0.443408
0.614992
0.553811
0.948398
0.898464
0.0588944
0.246423
0.688471
0.0900102
0.131601
0.661342
0.83064
0.410469
0.443593
0.6441
0.12366
0.414578
0.0888051
0.942403
0.957328
0.300467
0.173253
0.200785
0.523221
0.145691
0.873498
0.139109
0.840188
0.909495
0.79078
0.152396
0.926212
0.415289
0.200383
0.460155
0.244353
0.36344
0.0600377
0.425918
0.869202
0.46479
0.972036
0.609647
0.714551
0.184439
0.956926
0.237401
0.271915
0.690727
0.444149
0.731422
0.833205
0.81312
0.659828
0.59293
0.0900411
0.136452
0.422983
0.408337
0.108859
0.0908445
0.262584
0.225659
0.428452
0.267002
0.919383
0.34317
0.877638
0.789173
0.900133
0.32086
0.375058
0.884096
0.803078
0.0831814
0.0594815
0.338597
0.159658
0.0662485
0.401014
0.95912
0.581837
0.348453
0.707196
0.0298489
0.686278
0.745574
0.0550629
0.644872
0.24494
0.455613
0.531224
0.402157
0.138615
0.762568
0.723233
0.547632
0.978154
0.570188
0.519544
0.568396
0.238173
0.393196
0.731762
0.886568
0.191175
0.0144919
0.275222
0.209807
0.939777
0.544974
0.560949
0.0690294
0.837623
0.506844
0.574545
0.203566
0.959831
0.693415
0.866205
0.994222
0.092822
0.573062
0.970707
0.401044
0.963971
0.343479
0.92615
0.405587
0.6771
0.304762
0.847573
0.0689367
0.82307
0.22192
0.841455
0.108395
0.0180762
0.837963
0.560208
0.9526
0.55823
0.642122
0.813182
0.66953
0.116213
0.245435
0.533232
0.717486
0.645305
0.312857
0.118592
0.618978
0.179619
0.200136
0.421345
0.151222
0.741866
0.472917
0.247907
0.92133
0.648796
0.861045
0.184068
0.898711
0.0977042
0.339554
0.310045
0.677131
0.309613
0.609214
0.646634
0.52146
0.869172
0.459939
0.210395
0.0319501
0.0161604
0.537188
0.338442
0.135402
0.258042
0.51253
0.467169
0.34558
0.256033
0.197201
0.96048
0.795291
0.860674
0.125854
0.759015
0.165343
0.958873
0.543028
0.255322
0.0856225
0.442728
0.508266
0.797701
0.239069
0.533881
0.819362
0.639774
0.444489
0.784785
0.21126
0.167784
0.342119
0.712697
0.893366
0.258443
0.575596
0.368507
0.855638
0.335105
0.61147
0.000772487
0.12128
0.0410345
0.442419
0.459753
0.181287
0.462102
0.54998
0.346847
0.454933
0.424497
0.646046
0.429287
0.397985
0.483701
0.940982
0.734172
0.264963
0.599203
0.0748386
0.749652
0.695424
0.181534
0.500912
0.643111
0.968421
0.0420542
0.602509
0.593919
0.24528
0.508976
0.909279
0.756821
0.820907
0.882335
0.526558
0.669623
0.130767
0.530359
0.266323
0.812656
0.587059
0.168309
0.42459
0.6606
0.714211
0.131076
0.578871
0.882736
0.589624
0.570961
0.640824
0.609431
0.680592
0.852949
0.913049
0.34867
0.741155
0.361339
0.730155
0.634305
0.585823
0.974261
0.958935
0.55273
0.778605
0.241016
0.839508
0.802769
0.0346692
0.443068
0.561629
0.175756
0.593734
0.216173
0.939128
0.443099
0.56648
0.937398
0.17143
0.914563
0.58638
0.0615827
0.668479
0.951272
0.349628
0.891543
0.972221
0.638754
0.284399
0.65062
0.147267
0.12091
0.98282
0.302722
0.527392
0.800606
0.695084
0.128171
0.122856
0.288447
0.286129
0.922288
0.799184
0.471928
0.0926676
0.548806
0.1625
0.512561
0.472021
0.107221
0.83373
0.895591
0.607731
0.413775
0.962673
0.139727
0.937212
0.142323
0.344715
0.120199
0.871242
0.78497
0.240367
0.737632
0.8083
0.903037
0.776875
0.969348
0.187591
0.45175
0.924822
0.196984
0.926521
0.463801
0.816797
0.237123
0.228254
0.835955
0.244878
0.44591
0.00794117
0.246763
0.741835
0.468065
0.486265
0.343633
0.950406
0.213794
0.565584
0.796712
0.0838303
0.161357
0.333066
0.291289
0.732441
0.993295
0.947285
0.72382
0.639805
0.44934
0.546426
0.788957
0.866174
0.989371
0.331181
0.995365
0.272317
0.753793
0.345487
0.241479
0.912276
0.227389
0.700121
0.91892
0.270401
0.453017
0.123722
0.424281
0.612088
0.0977969
0.354108
0.59497
0.410222
0.404783
0.550969
0.502086
0.827457
0.910793
0.994531
0.141334
0.189476
0.747675
0.384946
0.436486
0.528319
0.946142
0.544325
0.459074
0.0745605
0.705991
0.840651
0.982264
0.2154
0.817848
0.402064
0.124061
0.477644
0.990143
0.452461
0.0363996
0.714736
0.213546
0.526774
0.703581
0.462256
0.574236
0.155054
0.343417
0.916448
0.882304
0.521707
0.907981
0.55307
0.831969
0.619071
0.194172
0.48506
0.154436
0.246392
0.68362
0.328369
0.553904
0.962952
0.183388
0.791985
0.341594
0.630226
0.945462
0.437598
0.702963
0.365232
0.341408
0.601119
0.375614
0.971418
0.512622
0.481723
0.630504
0.989123
0.292371
0.902234
0.650743
0.166672
0.167475
0.293607
0.0962828
0.116398
0.274542
0.103081
0.183667
0.835646
0.196366
0.829497
0.230974
0.262862
0.26932
0.283225
0.466273
0.204894
0.168433
0.443995
0.707166
0.0249977
0.924636
0.167877
0.356673
0.997621
0.626456
0.353614
0.51735
0.223959
0.161635
0.376727
0.146062
0.931712
0.278806
0.772549
0.290177
0.557797
0.574205
0.150202
0.581775
0.338751
0.183914
0.874455
0.289497
0.451071
0.818095
0.440874
0.217192
0.0992182
0.577264
0.630473
0.984272
0.53073
0.324537
0.952353
0.51942
0.548991
0.191608
0.0824089
0.938201
0.297562
0.717239
0.606495
0.219726
0.497018
0.0318574
0.00160677
0.252263
0.605352
0.0402311
0.316287
0.657078
0.161172
0.303958
0.721441
0.266261
0.802954
0.0637765
0.012916
0.0278095
0.366097
0.477243
0.927077
0.551123
0.526342
0.635664
0.799277
0.486481
0.377592
0.281896
0.257671
0.454315
0.327473
0.413219
0.875351
0.430183
0.538671
0.571301
0.694188
0.987486
0.0352563
0.535241
0.0328153
0.151995
0.863146
0.513951
0.690325
0.381083
0.830084
0.323147
0.734048
0.245558
0.552637
0.764052
0.956092
0.106418
0.707598
0.0929147
0.587615
0.255631
0.134135
0.0591416
0.285233
0.781602
0.711584
0.718722
0.839354
0.778512
0.226462
0.554584
0.0696783
0.939499
0.501313
0.706177
0.869759
0.552112
0.681581
0.00818836
0.285573
0.834966
0.0896394
0.0733863
0.521645
0.898279
0.0297871
0.676575
0.222291
0.899669
0.248092
0.950437
0.218645
0.327226
0.374409
0.78222
0.808609
0.95155
0.393289
0.746315
0.171492
0.924265
0.109662
0.216976
0.0652597
0.245774
0.586596
0.0955412
0.999969
0.995149
0.238359
0.422303
0.30161
0.352749
0.381516
0.898001
0.986126
0.821803
0.0230201
0.614158
0.422829
0.384081
0.300652
0.202361
0.770633
0.989401
0.336032
0.757006
0.850014
0.452183
0.992739
0.859964
0.0142756
0.241263
0.878318
0.8959
0.656243
0.0301888
0.739641
0.123629
0.409727
0.327164
0.364707
0.258938
0.653215
0.554769
0.0987857
0.509347
0.967494
0.896518
0.753268
0.263016
0.293576
0.0914316
0.354757
0.696845
0.404691
0.536415
0.217162
0.094367
0.815623
0.0527763
0.285882
0.883478
0.706053
0.850354
0.505546
0.370794
0.214628
0.696567
0.36103
0.681643
0.0178908
0.808856
0.990359
0.48642
0.367889
0.758613
0.102277
0.0575348
0.0329697
0.176251
0.671353
0.402435
0.182276
0.617341
0.922504
0.833143
0.803417
0.136545
0.437537
0.693261
0.841949
0.186015
0.204338
0.0811111
0.73445
0.308624
0.453975
0.274109
0.0351636
0.520687
0.747891
0.418904
0.767976
0.572197
0.834873
0.0750857
0.788462
0.788555
0.803108
0.0880326
0.821123
0.916293
0.858048
0.7135
0.0194976
0.0611192
0.595711
0.526651
0.684176
0.415691
0.263449
0.361493
0.754411
0.442512
0.474307
0.466211
0.195192
0.64515
0.288601
0.310385
0.730495
0.687668
0.963879
0.328925
0.641226
0.672496
0.58193
0.363007
0.992121
0.762939
0.781448
0.687328
0.910515
0.95087
0.286562
0.990205
0.462164
0.559682
0.870129
0.610327
0.821277
0.940549
0.666255
0.601984
0.511448
0.297377
0.688132
0.0366468
0.753546
0.306677
0.148348
0.290702
0.640268
0.522109
0.971047
0.454408
0.342026
0.698143
0.608442
0.525353
0.480425
0.426753
0.000185397
0.0291073
0.569848
0.466181
0.190341
0.883509
0.710904
0.611995
0.0832432
0.0691839
0.861879
0.315051
0.463029
0.695516
0.196088
0.785836
0.376201
0.0635911
0.983809
0.457961
0.899917
0.286902
0.0435683
0.840219
0.914347
0.552421
0.730093
0.624602
0.0625406
0.818867
0.562154
0.258227
0.541637
0.0370176
0.81176
0.446374
0.0807095
0.671384
0.407286
0.943917
0.195038
0.620894
0.480394
0.421902
0.238544
0.451411
0.871458
0.818929
0.571857
0.78151
0.697031
0.433798
0.106263
0.683342
0.284708
0.699132
0.763681
0.897877
0.966721
0.775237
0.712233
0.820598
0.833823
0.910144
0.892655
0.146865
0.0578438
0.0814819
0.792664
0.448321
0.386336
0.654791
0.802182
0.942496
0.971881
0.585391
0.906344
0.295955
0.464975
0.00114328
0.179495
0.180731
0.37478
0.840435
0.948305
0.883911
0.77397
0.513333
0.593301
0.148256
0.276149
0.355344
0.789018
0.875877
0.512653
0.486574
0.392145
0.56682
0.990761
0.549486
0.269227
0.268671
0.181349
0.471804
0.0732627
0.50224
0.851713
0.719
0.883015
0.633285
0.425733
0.840095
0.894942
0.505855
0.419306
0.831042
0.473535
0.344931
0.154158
0.202732
0.828848
0.129098
0.268393
0.137688
0.617032
0.873992
0.216729
0.02645
0.152643
0.965022
0.50842
0.821957
0.0472762
0.422365
0.311312
0.876031
0.536909
0.294781
0.280629
0.0587708
0.227019
0.641906
0.779223
0.33804
0.0723357
0.356704
0.00247196
0.388098
0.93131
0.21574
0.871211
0.780119
0.478726
0.159936
0.109909
0.255786
0.158391
0.867349
0.173717
0.273553
0.947842
0.811142
0.34935
0.847882
0.117449
0.439483
0.998888
0.825356
0.58091
0.202917
0.857955
0.698946
0.734573
0.328029
0.500541
0.584896
0.828724
0.109693
0.221827
0.826901
0.823471
0.284986
0.742793
0.618453
0.097148
0.252232
0.600501
0.27859
0.73859
0.958687
0.51392
0.685474
0.619442
0.252387
0.624757
0.0867967
0.627074
0.450638
0.750178
0.777895
0.129438
0.321756
0.515743
0.971696
0.556283
0.336495
0.829775
0.274635
0.117634
0.468591
0.568736
0.291537
0.771251
0.0864259
0.56886
0.310942
0.817817
0.397213
0.36242
0.899947
0.291753
0.80521
0.417916
0.612737
0.199672
0.348577
0.726601
0.0764144
0.997065
0.539134
0.644069
0.118809
0.652937
0.511108
0.244013
0.310076
0.681983
0.0712542
0.186911
0.345024
0.168711
0.487656
0.561938
0.224268
0.210147
0.99314
0.923029
0.915614
0.751321
0.95739
0.310169
0.696536
0.356178
0.920001
0.440194
0.110466
0.343108
0.867936
0.26589
0.744739
0.92408
0.080555
0.647128
0.599079
0.0554337
0.703087
0.384637
0.387974
0.911906
0.169175
0.560424
0.986559
0.88972
0.685999
0.701913
0.20029
0.445601
0.959429
0.630349
0.964867
0.484164
0.0137503
0.158792
0.930414
0.0750548
0.783611
0.0269135
0.225412
0.389642
0.173871
0.297809
0.756049
0.699626
0.8413
0.0841393
0.209869
0.949479
0.068257
0.716343
0.46581
0.132126
0.743812
0.778543
0.231314
0.316225
0.647375
0.637889
0.148565
0.324661
0.971758
0.565986
0.859778
0.985168
0.671415
0.412137
0.705559
0.772734
0.319284
0.127646
0.0403856
0.340543
0.465284
0.0496555
0.795909
0.957699
0.358681
0.31295
0.133146
0.903903
0.912709
0.295306
0.3631
0.00667429
0.0478633
0.514538
0.782499
0.85227
0.806322
0.592559
0.0318265
0.996756
0.490622
0.027655
0.341841
0.669036
0.0385935
0.0591725
0.290084
0.543244
0.289281
0.417112
0.486605
0.396997
0.328462
0.568458
0.247876
0.916479
0.887155
0.283348
0.485678
0.25146
0.47922
0.237555
0.296172
0.498934
0.332633
0.223372
0.069462
0.90554
0.169824
0.6623
0.981028
0.0213515
0.352192
0.294194
0.188456
0.587585
0.25078
0.372493
0.481445
0.586843
0.134351
0.0931001
0.616723
0.82548
0.600315
0.249482
0.168742
0.492507
0.323579
0.801965
0.908538
0.640392
0.541513
0.0176127
0.765195
0.135587
0.287149
0.082378
0.93335
0.535921
0.139542
0.908105
0.572475
0.878534
0.929858
0.987733
0.0740661
0.628372
0.654389
0.739116
0.0411581
0.461824
0.506319
0.492074
0.255662
0.138986
0.820783
0.86293
0.479993
0.358836
0.337206
0.941353
0.792386
0.40466
0.531564
0.45552
0.51667
0.117233
0.405525
0.667398
0.781479
0.692179
0.672156
0.528567
0.984952
0.637456
0.0806477
0.661682
0.884003
0.788524
0.798257
0.326391
0.243426
0.217903
0.210796
0.0950159
0.917498
0.0472453
0.417514
0.549671
0.298335
0.838519
0.64753
0.662145
0.956772
0.213145
0.463709
0.802243
0.952198
0.495164
0.740784
0.303124
0.590458
0.701944
0.205142
0.207243
0.537126
0.32874
0.612119
0.102648
0.115749
0.172666
0.108612
0.0520347
0.169453
0.604085
0.841331
0.0889905
0.971511
0.527176
0.766647
0.363594
0.0842938
0.234125
0.757686
0.956741
0.208293
0.702067
0.224547
0.253808
0.847913
0.1223
0.201125
0.576584
0.523746
0.228162
0.821401
0.959954
0.71282
0.912771
0.305009
0.886383
0.162068
0.444644
0.809041
0.0194667
0.056268
0.83407
0.948954
0.985786
0.768439
0.644965
0.259494
0.740537
0.264314
0.497327
0.0803696
0.618021
0.0292309
0.589253
0.512746
0.501128
0.677069
0.29991
0.0859315
0.49124
0.124679
0.574669
0.222971
0.00639619
0.00420233
0.659766
0.583228
0.566758
0.981059
0.0262028
0.113834
0.871891
0.886846
0.234836
0.869264
0.474492
0.495319
0.76504
0.111331
0.478942
0.193894
0.441399
0.299663
0.0471217
0.398109
0.503105
0.987548
0.0449587
0.0585236
0.188209
0.548775
0.157649
0.750919
0.894324
0.408831
0.186478
0.277107
0.505732
0.399901
0.784476
0.162748
0.55137
0.565152
0.728795
0.420851
0.0736026
0.555604
0.229769
0.0736644
0.565306
0.753051
0.229058
0.962086
0.0475543
0.466026
0.166085
0.075302
0.822421
0.120044
0.846986
0.976764
0.351883
0.245682
0.572042
0.810617
0.266879
0.899978
0.296604
0.566851
0.995612
0.311127
0.846924
0.967061
0.828601
0.0902883
0.175262
0.516114
0.0299107
0.69598
0.268856
0.210456
0.0416525
0.539443
0.692581
0.735222
0.429905
0.49501
0.716528
0.494917
0.701974
0.209993
0.968884
0.114822
0.0271297
0.25937
0.721132
0.217749
0.18654
0.286809
0.0290146
0.555295
0.181256
0.457251
0.788339
0.76915
0.756543
0.777246
0.0275623
0.327287
0.384111
0.305503
0.964002
0.34833
0.687792
0.983283
0.375491
0.952013
0.466057
0.170936
0.836943
0.400117
0.818435
0.494237
0.595248
0.453883
0.259556
0.750239
0.787597
0.652721
0.47715
0.912524
0.266199
0.793252
0.540494
0.857522
0.631029
0.0715941
0.240274
0.723079
0.523375
0.169947
0.681704
0.0275932
0.332139
0.145753
0.8832
0.662392
0.995581
0.306276
0.0852826
0.389364
0.13021
0.443037
0.556778
0.414115
0.0160368
0.517783
0.291877
0.824615
0.464481
0.923524
0.993233
0.937583
0.200538
0.484411
0.05256
0.251923
0.551988
0.662176
0.961623
0.974786
0.0414053
0.500633
0.59945
0.113648
0.842783
0.316998
0.768656
0.678923
0.590984
0.784414
0.153045
0.0280876
0.409758
0.332015
0.126348
0.836634
0.351605
0.202021
0.71727
0.611346
0.981368
0.074715
0.730248
0.648858
0.870747
0.707351
0.054105
0.494484
0.634057
0.547014
0.88113
0.337361
0.965609
0.600593
0.293143
0.0235145
0.691778
0.609091
0.627229
0.474894
0.558385
0.666378
0.621389
0.558014
0.608164
0.481692
0.625653
0.227482
0.714674
0.203844
0.00349164
0.548188
0.065476
0.279733
0.918085
0.139418
0.8887
0.525909
0.567747
0.136298
0.398727
0.60013
0.220375
0.598894
0.0263264
0.133239
0.918456
0.197633
0.0283966
0.45827
0.948429
0.903316
0.820536
0.82412
0.386862
0.737262
0.750085
0.763341
0.844514
0.588666
0.420573
0.0299416
0.700831
0.0304978
0.788153
0.740043
0.186695
0.311065
0.837222
0.443778
0.673207
0.693508
0.880759
0.279146
0.825912
0.668232
0.912462
0.256497
0.269969
0.3851
0.460742
0.336526
0.834626
0.036276
0.695331
0.166981
0.215987
0.910021
0.87325
0.1003
0.747057
0.287921
0.203658
0.974384
0.978339
0.599295
0.0893922
0.0345765
0.428514
0.276705
0.442666
0.498563
0.274418
0.0836758
0.137101
0.524859
0.402806
0.240491
0.757037
0.854865
0.213824
0.570435
0.558354
0.661527
0.859747
0.980317
0.909774
0.834441
0.00716868
0.125483
0.7008
0.0256466
0.0265118
0.162346
0.488305
0.663814
0.218737
0.341779
0.659333
0.515311
0.903779
0.893304
0.248741
0.0523128
0.213114
0.458857
0.0406019
0.374502
0.796774
0.0935327
0.68464
0.488459
0.68807
0.0269444
0.230263
0.151284
0.751568
0.996199
0.4033
0.31811
0.943299
0.0980132
0.388067
0.926459
0.454099
0.293514
0.0817291
0.831474
0.541452
0.00791027
0.241912
0.980193
0.890369
0.787875
0.696382
0.331922
0.111794
0.55171
0.618515
0.10685
0.775515
0.755894
0.67537
0.0330933
0.195656
0.717919
0.713222
0.975837
0.206347
0.39644
0.24114
0.858913
0.849334
0.345456
0.236628
0.150635
0.649693
0.00173037
0.271668
0.651917
0.351018
0.109848
0.246083
0.635108
0.711955
0.776937
0.97905
0.710874
0.607144
0.321602
0.491487
0.163489
0.6678
0.844545
0.593517
0.182214
0.607638
0.399221
0.677749
0.406637
0.842042
0.200569
0.489262
0.814201
0.82962
0.250379
0.309427
0.580107
0.0767852
0.0552792
0.678831
0.57643
0.49949
0.419955
0.932917
0.468004
0.476563
0.82035
0.795013
0.817013
0.271081
0.559744
0.879832
0.133609
0.976671
0.33733
0.960758
0.838952
0.715447
0.325124
0.0445262
0.990607
0.525229
0.46102
0.380187
0.689398
0.235547
0.980842
0.992244
0.782344
0.828013
0.998115
0.704076
0.539876
0.760498
0.398202
0.517659
0.272472
0.778049
0.153694
0.129963
0.404227
0.463647
0.792541
0.428916
0.339771
0.344004
0.00862096
0.35349
0.497945
0.177394
0.850848
0.583166
0.557056
0.457776
0.870809
0.717053
0.577388
0.649878
0.0308377
0.841517
0.118098
0.541359
0.993357
0.956988
0.247103
0.795198
0.846121
0.840929
0.0259247
0.0701727
0.0171183
0.687575
0.949325
0.0440009
0.908136
0.577326
0.640176
0.507555
0.686123
0.721318
0.246856
0.756388
0.75299
0.219355
0.438804
0.892161
0.0692457
0.871582
0.838334
0.618422
0.0922968
0.490591
0.0228038
0.5802
0.0913389
0.340203
0.411921
0.6716
0.441245
0.275407
0.238915
0.509625
0.0111547
0.75129
0.952538
0.548528
0.118839
0.657788
0.27275
0.82171
0.00846646
0.329234
0.689738
0.28891
0.358898
0.346909
0.464636
0.94778
0.80144
0.826067
0.692488
0.720669
0.14498
0.761919
0.621358
0.553163
0.846522
0.903995
0.927263
0.580231
0.0961901
0.101845
0.989618
0.36999
0.0884961
0.893891
0.340914
0.523499
0.189352
0.72827
0.33838
0.125699
0.734759
0.357136
0.070389
0.0510768
0.019065
0.993202
0.932732
0.438896
0.906714
0.35417
0.604672
0.933504
0.560177
0.947749
0.796589
0.0644254
0.114792
0.0222785
0.497729
0.143435
0.519359
0.539289
0.668325
0.927015
0.541421
0.00305905
0.480271
0.402497
0.191978
0.140624
0.0778976
0.229923
0.0979205
0.373513
0.641535
0.721009
0.198344
0.139975
0.976022
0.235454
0.966289
0.70732
0.0492538
0.732843
0.0563607
0.848623
0.233878
0.718876
0.86361
0.586719
0.114946
0.0465346
0.305936
0.0319192
0.0113092
0.775546
0.760745
0.437011
0.61079
0.894046
0.36517
0.331706
0.0778358
0.220221
0.574638
0.218119
0.244755
0.426506
0.961376
0.935976
0.948274
0.879059
0.0123289
0.935636
0.894911
0.501004
0.657665
0.253345
0.775144
0.697679
0.535673
0.100732
0.814974
0.950901
0.291413
0.751846
0.0398603
0.258072
0.517381
0.228811
0.923277
0.954423
0.844452
0.578964
0.89729
0.874548
0.304051
0.735995
0.551185
0.536044
0.158947
0.95467
0.883262
0.672095
0.518864
0.461669
0.482063
0.683867
0.367179
0.647035
0.584526
0.77051
0.969997
0.289466
0.446219
0.0564534
0.863177
0.518802
0.451967
0.95878
0.528474
0.970398
0.352532
0.347557
0.566511
0.942249
0.933072
0.49226
0.28477
0.708834
0.286964
0.0532707
0.363502
0.0697401
0.949201
0.024596
0.86157
0.266539
0.846615
0.918549
0.212187
0.313321
0.191361
0.0435992
0.84507
0.675988
0.130118
0.428483
0.271854
0.681025
0.920866
0.576028
0.436424
0.518617
0.422859
0.388932
0.0622934
0.780057
0.469023
0.636653
0.954516
0.859006
0.863888
0.63038
0.969719
0.245805
0.591447
0.857183
0.577666
0.693539
0.88561
0.0407873
0.403609
0.366622
0.559713
0.874981
0.371968
0.398974
0.63894
0.313506
0.220468
0.613447
0.311251
0.866329
0.0136267
0.139388
0.883849
0.764268
0.99005
0.437907
0.751475
0.981646
0.118376
0.58502
0.848129
0.156259
0.532614
0.620462
0.412477
0.758922
0.150789
0.673949
0.809937
0.160152
0.143868
0.587276
0.202268
0.756079
0.704477
0.602942
0.661836
0.908259
0.596731
0.686741
0.818342
0.479684
0.310324
0.720792
0.164385
0.808485
0.932145
0.346723
0.435528
0.377932
0.335259
0.635726
0.808979
0.00976424
0.532985
0.678676
0.552174
0.691283
0.531471
0.440967
0.231746
0.384142
0.310354
0.725643
0.926027
0.386182
0.630535
0.993975
0.0540123
0.479931
0.349133
0.813923
0.785959
0.395606
0.110157
0.294596
0.251522
0.488923
0.760838
0.451565
0.895714
0.627136
0.460341
0.27346
0.933288
0.526218
0.616259
0.752711
0.175694
0.584031
0.69289
0.783735
0.0463183
0.271977
0.70043
0.967432
0.886815
0.229985
0.107623
0.896796
0.796929
0.117789
0.492847
0.376943
0.18002
0.263202
0.322683
0.66128
0.820937
0.887186
0.288199
0.247319
0.829157
0.17761
0.884807
0.914656
0.600933
0.346507
0.40157
0.0464419
0.291382
0.746995
0.278219
0.680376
0.818991
0.581559
0.304793
0.852424
0.830578
0.400766
0.92031
0.488706
0.726879
0.120075
0.851837
0.738405
0.92958
0.944072
0.219294
0.429101
0.368878
0.913852
0.474801
0.543831
0.381454
0.888298
0.462843
0.666409
0.62624
0.319655
0.18586
0.180082
0.272904
0.845966
0.816673
0.217718
0.181689
0.525168
0.451318
0.856904
0.534005
0.838766
0.686339
0.755276
0.578346
0.800266
0.64172
0.750116
0.768192
0.606155
0.166363
0.118963
0.677193
0.319315
0.132497
0.802027
0.91824
0.163675
0.696907
0.414393
0.0596978
0.372555
0.491147
0.110126
0.289744
0.48988
0.911226
0.0624479
0.804314
0.27723
0.525137
0.446467
0.0952631
0.956308
0.140376
0.0390878
0.136792
0.476346
0.786392
0.463523
0.773136
0.38235
0.0289837
0.550443
0.419615
0.879554
0.0899484
0.121898
0.138059
0.675246
0.0136885
0.14909
0.407132
0.919661
0.386831
0.73241
0.988444
0.185644
0.146124
0.941415
0.802089
0.927942
0.686957
0.8523
0.811173
0.354201
0.609523
0.695146
0.137873
0.646139
0.44384
0.682909
0.216791
0.0361524
0.675926
0.120415
0.9052
0.11646
0.284244
0.626363
0.33906
0.232426
0.490869
0.0664648
0.434972
0.29061
0.625715
0.237184
0.237957
0.359237
0.400272
0.842691
0.302444
0.483731
0.945833
0.495813
0.84266
0.297593
0.72209
0.368136
0.797423
0.195408
0.679109
0.620091
0.354263
0.619226
0.218428
0.293267
0.0429194
0.738343
0.919878
0.420789
0.0639001
0.0323209
0.0743751
0.676884
0.270803
0.516083
0.0250595
0.934339
0.69116
0.512066
0.394401
0.920959
0.590582
0.721348
0.251707
0.51803
0.330686
0.917746
0.0860551
0.510645
0.171245
0.885456
0.0165312
0.595402
0.478139
0.0677626
0.638723
0.279548
0.888978
0.56957
0.42252
0.335568
0.684238
0.425393
0.786732
0.516887
0.151191
0.737014
0.711275
0.67021
0.22294
0.00154497
0.242561
0.082069
0.884838
0.919507
0.362575
0.924204
0.0999598
0.693693
0.909866
0.848994
0.292093
0.858573
0.795971
0.967401
0.881964
0.468343
0.529926
0.198406
0.149677
0.499305
0.390848
0.363069
0.00182307
0.286222
0.936841
0.0841084
0.205018
0.187838
0.49056
0.0179526
0.818558
0.513642
0.641813
0.76467
0.0531162
0.339245
0.261533
0.0607175
0.532645
0.625313
0.174119
0.336619
0.84918
0.3212
0.428421
0.262151
0.157742
0.765473
0.179248
0.141921
0.281649
0.218861
0.361184
0.705899
0.826098
0.69734
0.48231
0.722677
0.46031
0.268609
0.171647
0.948521
0.917869
0.10546
0.55721
0.482032
0.679016
0.605537
0.0693384
0.886135
0.123258
0.351513
0.187467
0.432346
0.878256
0.886197
0.13296
0.874795
0.342861
0.829126
0.172759
0.123165
0.336959
0.902543
0.699255
0.783086
0.944443
0.277508
0.568798
0.301239
0.294534
0.241819
0.96564
0.605444
0.0547848
0.601211
0.390168
0.256342
0.245713
0.576893
0.572258
0.844576
0.598369
0.943856
0.185335
0.0976115
0.325001
0.0251213
0.944041
0.214442
0.66746
0.791181
0.215462
0.82755
0.925347
0.279455
0.874424
0.284646
0.689429
0.240398
0.742484
0.569941
0.480734
0.475265
0.616599
0.806075
0.55375
0.938695
0.375182
0.903501
0.849643
0.393968
0.853042
0.927603
0.633594
0.474245
0.456509
0.671909
0.489757
0.891821
0.0158823
0.493527
0.48367
0.936131
0.97253
0.687266
0.900813
0.427587
0.131168
0.593425
0.167661
0.322714
0.666131
0.582579
0.464883
0.98659
0.894571
0.447641
0.279609
0.898681
0.0928529
0.577913
0.732349
0.978741
0.662361
0.99073
0.544634
0.507586
0.690974
0.482959
0.824553
0.454779
0.400241
0.83784
0.540803
0.906035
0.247443
0.848562
0.224176
0.195594
0.708216
0.189939
0.820443
0.809566
0.101937
0.00417143
0.654915
0.821586
0.989062
0.282668
0.378951
0.49535
0.769892
0.872972
0.0566388
0.892284
0.0886506
0.918147
0.149121
0.411983
0.681303
0.964527
0.430801
0.635695
0.804128
0.248123
0.955288
0.980286
0.904922
0.0727992
0.429472
0.427093
0.0535488
0.407163
0.924513
0.148472
0.310107
0.686834
0.832896
0.764608
0.0434138
0.815963
0.10614
0.663937
0.238142
0.388345
0.97012
0.308871
0.492785
0.36724
0.656738
0.107808
0.925903
0.366777
0.583969
0.683188
0.260452
0.890925
0.875197
0.405927
0.730464
0.682817
0.202237
0.751228
0.942836
0.0252449
0.963446
0.261008
0.978247
0.584742
0.804468
0.301486
0.333344
0.33495
0.587214
0.192566
0.232797
0.549084
0.206161
0.367333
0.671291
0.392732
0.658993
0.461947
0.525724
0.53864
0.566449
0.932546
0.409789
0.336866
0.887989
0.414331
0.0499954
0.849272
0.335754
0.713345
0.995241
0.252912
0.707227
0.0347001
0.447919
0.32327
0.753453
0.292124
0.863424
0.557612
0.545098
0.580354
0.115595
0.14841
0.300405
0.163551
0.677502
0.367827
0.748911
0.578995
0.902141
0.636189
0.881748
0.434385
0.198436
0.154528
0.260946
0.968544
0.0614591
0.649075
0.904706
0.0388407
0.0979823
0.383215
0.164818
0.876402
0.595124
0.434478
0.21299
0.439452
0.994036
0.0637147
0.00321355
0.504527
0.210704
0.0804623
0.632574
0.314155
0.322343
0.607916
0.442882
0.532522
0.605908
0.127553
0.025832
0.0556191
0.732194
0.954485
0.854154
0.102246
0.0526836
0.271328
0.598554
0.972963
0.755183
0.563792
0.515342
0.90863
0.654945
0.826438
0.750703
0.860365
0.0773414
0.142601
0.388376
0.974971
0.0705126
0.0704817
0.0656305
0.303989
0.726292
0.0279022
0.380651
0.762167
0.660167
0.646294
0.468096
0.491116
0.105275
0.528103
0.912184
0.212836
0.415196
0.185829
0.175231
0.511263
0.268269
0.118283
0.570466
0.563205
0.423168
0.437444
0.678707
0.557025
0.452925
0.109168
0.139357
0.878998
0.00262646
0.412354
0.739517
0.104224
0.363162
0.0163767
0.571146
0.669932
0.179279
0.146773
0.0432902
0.796558
0.0595742
0.35315
0.444582
0.799339
0.496184
0.900874
0.437289
0.654451
0.748818
0.564441
0.617217
0.903099
0.786577
0.49263
0.342984
0.848531
0.219325
0.433952
0.130519
0.491549
0.173192
0.191082
0.999938
0.990298
0.476717
0.844606
0.60322
0.705497
0.763032
0.796002
0.972252
0.643605
0.0460402
0.228316
0.845657
0.768161
0.601304
0.404721
0.541266
0.978803
0.672064
0.514013
0.700028
0.904366
0.985477
0.719927
0.0285511
0.482526
0.756636
0.791799
0.312486
0.0603776
0.479282
0.247258
0.819454
0.654327
0.729413
0.517875
0.30643
0.109539
0.197571
0.0186942
0.934987
0.793035
0.506535
0.526033
0.587152
0.182863
0.709514
0.39369
0.809381
0.0728301
0.434323
0.188734
0.631246
0.105553
0.571764
0.766956
0.412106
0.700708
0.0110929
0.741588
0.429256
0.393134
0.722059
0.363285
0.0357816
0.617712
0.980719
0.972839
0.735779
0.517226
0.204555
0.11507
0.0659395
0.352501
0.342706
0.80487
0.364552
0.234682
0.845008
0.666286
0.606835
0.27309
0.875073
0.386522
0.683898
0.37203
0.408677
0.162222
0.4689
0.617248
0.90795
0.548219
0.0703272
0.0413744
0.495782
0.837809
0.535952
0.144393
0.669746
0.150171
0.576924
0.57711
0.606217
0.176065
0.642246
0.832587
0.716096
0.427
0.0389951
0.122238
0.191422
0.0533016
0.368353
0.831382
0.526898
0.722986
0.508822
0.885023
0.948614
0.932423
0.390384
0.290301
0.577202
0.620771
0.460989
0.375336
0.927757
0.65785
0.282452
0.344993
0.16386
0.726014
0.984241
0.525878
0.562896
0.374656
0.82103
0.90174
0.573124
0.98041
0.924327
0.119365
0.740259
0.220653
0.642555
0.881099
0.332509
0.203967
0.0228965
0.594753
0.376263
0.0732936
0.507091
0.613355
0.296697
0.581405
0.280536
0.0442172
0.942094
0.908816
0.684053
0.396286
0.216883
0.0507061
0.96085
0.853506
0.000370794
0.0582146
0.139697
0.932361
0.380682
0.767018
0.421809
0.22399
0.166486
0.138368
0.723759
0.630102
0.926058
0.391033
0.392176
0.571671
0.752402
0.127182
0.967617
0.915923
0.799833
0.573803
0.0871365
0.680438
0.828693
0.104842
0.460186
0.249204
0.125081
0.637734
0.124309
0.516454
0.0832741
0.0740352
0.623521
0.892748
0.161419
0.342768
0.814572
0.887835
0.390075
0.241788
0.960789
0.843803
0.477088
0.902821
0.742916
0.637858
0.143713
0.563019
0.394061
0.867596
0.212527
0.366684
0.569416
0.398263
0.527361
0.795754
0.933443
0.550474
0.424466
0.641195
0.667645
0.820289
0.78531
0.29373
0.115688
0.162964
0.585329
0.896641
0.772672
0.309582
0.604363
0.884992
0.943763
0.170781
0.812687
0.591911
0.929951
0.00228656
0.35899
0.361462
0.74956
0.68087
0.89661
0.767821
0.547941
0.0266663
0.186602
0.296511
0.552297
0.710688
0.578037
0.751754
0.0253067
0.973148
0.784291
0.13364
0.981522
0.098971
0.538454
0.537342
0.362698
0.943608
0.146525
0.00448043
0.703427
0.438
0.766029
0.26657
0.851466
0.68019
0.789884
0.0117109
0.838612
0.662083
0.947069
0.689862
0.308315
0.405463
0.657696
0.258196
0.536786
0.275376
0.234064
0.747984
0.433458
0.0528999
0.305287
0.930044
0.0168402
0.643914
0.0945524
0.84473
0.622625
0.752063
0.0738189
0.589562
0.561258
0.117542
0.454037
0.283812
0.558446
0.676081
0.144671
0.713407
0.00494392
0.776195
0.862621
0.43148
0.742422
0.560239
0.957451
0.319871
0.219819
0.511572
0.316782
0.734697
0.347434
0.547106
0.895683
0.622285
0.698699
0.695764
0.234898
0.878967
0.997775
0.650712
0.161821
0.405834
0.71591
0.397893
0.469147
0.656058
0.00108148
0.169793
0.657448
0.219386
0.443655
0.653802
0.646942
0.569972
0.485585
0.236906
0.194296
0.504465
0.201001
0.557179
0.477181
0.917375
0.0278404
0.370948
0.238884
0.504774
0.249513
0.173593
0.254148
0.901276
0.500355
0.555789
0.258876
0.643513
0.0314866
0.943392
0.112567
0.672991
0.659549
0.549269
0.235269
0.937181
0.137472
0.583073
0.542502
0.172852
0.137719
0.621883
0.635633
0.794426
0.72484
0.799895
0.583506
0.610419
0.835831
0.225474
0.399345
0.697154
0.453203
0.152829
0.994129
0.0782684
0.288138
0.237617
0.305874
0.0222167
0.488026
0.620153
0.363965
0.142508
0.373822
0.690047
0.337422
0.975311
0.123876
0.448537
0.420295
0.986281
0.846059
0.831227
0.502642
0.914779
0.620338
0.393072
0.712357
0.840002
0.880388
0.220931
0.686216
0.735871
0.53178
0.489479
0.84816
0.16111
0.294256
0.198158
0.110867
0.406174
0.769274
0.775948
0.823811
0.338349
0.120848
0.973117
0.779439
0.371999
0.403825
0.400581
0.891203
0.918858
0.260699
0.929735
0.968328
0.0275005
0.317585
0.860829
0.15011
0.567222
0.0538269
0.450823
0.779285
0.347743
0.595618
0.512097
0.399252
0.682601
0.168279
0.419739
0.898959
0.136514
0.432685
0.931619
0.264252
0.487625
0.557087
0.462627
0.632451
0.29475
0.275778
0.297129
0.649322
0.943516
0.131972
0.719556
0.970336
0.34283
0.824275
0.411118
0.545469
0.638569
0.255292
0.0807713
0.681086
0.930569
0.0993109
0.591818
0.915397
0.717362
0.6259
0.266292
0.807805
0.825418
0.590613
0.7262
0.0133486
0.0957266
0.0290764
0.564997
0.704539
0.612644
0.185119
0.0636529
0.993511
0.981244
0.0553101
0.683682
0.338071
0.0771869
0.118345
0.580169
0.0864877
0.578562
0.834224
0.97321
0.793993
0.656923
0.136916
0.495751
0.832957
0.77431
0.566697
0.971356
0.50292
0.95844
0.47511
0.592343
0.997868
0.665266
0.446745
0.138924
0.811081
0.339647
0.324599
0.962055
0.0427031
0.704385
0.588388
0.376912
0.175169
0.50156
0.744987
0.96289
0.173686
0.268702
0.1862
0.233446
0.650959
0.20063
0.498965
0.337484
0.985014
0.647159
0.60393
0.817075
0.280784
0.0830269
0.0352254
0.53039
0.271174
0.574298
0.164756
0.8667
0.0718413
0.279084
0.81621
0.144949
0.757068
0.859716
0.975466
0.148132
0.256744
0.308779
0.478231
0.0823162
0.923647
0.0126379
0.984149
0.511325
0.277972
0.641566
0.72586
0.959985
0.717671
0.674412
0.882706
0.584773
0.809319
0.0631276
0.91104
0.0333405
0.234465
0.81105
0.334796
0.562958
0.384359
0.344313
0.0571331
0.969904
0.274913
0.161295
0.323363
0.768007
0.577048
0.596515
0.652782
0.486852
0.435806
0.421593
0.190032
0.834997
0.0944906
0.835028
0.0993418
0.596669
0.677039
0.295059
0.32429
0.913543
0.426289
0.927417
0.604487
0.904397
0.990328
0.481568
0.606248
0.180916
0.403887
0.410283
0.414486
0.0742515
0.657479
0.224238
0.205296
0.231499
0.345333
0.217223
0.104069
0.338906
0.20817
0.682662
0.177981
0.943021
0.0543522
0.533294
0.727188
0.168588
0.468251
0.515372
0.913481
0.416587
0.404134
0.449093
0.507617
0.695825
0.2446
0.402249
0.153169
0.0474925
0.456324
0.642802
0.919909
0.42564
0.825542
0.610018
0.772765
0.324136
0.889287
0.618082
0.0389333
0.112536
0.66814
0.897908
0.971572
0.536879
0.28993
0.518988
0.481074
0.528628
0.994654
0.160739
0.236041
0.0584618
0.178506
0.0254921
0.00225566
0.354139
0.599821
0.171863
0.98248
0.249359
0.149337
0.445941
0.0127924
0.00840466
0.319532
0.166456
0.133517
0.962117
0.0524055
0.227667
0.743781
0.773692
0.469672
0.738529
0.948985
0.990637
0.530081
0.222662
0.957884
0.387789
0.882798
0.599326
0.0942434
0.796218
0.0062108
0.975095
0.0899175
0.117047
0.376418
0.0975497
0.315298
0.501839
0.788648
0.817662
0.372957
0.554213
0.0114637
0.799802
0.568952
0.325495
0.102741
0.130303
0.45759
0.841702
0.147205
0.111207
0.459537
0.147329
0.130612
0.506103
0.458116
0.924173
0.0951086
0.932052
0.332169
0.150604
0.644841
0.240089
0.693972
0.953527
0.703767
0.491364
0.144084
0.621234
0.533758
0.799957
0.593208
0.133702
0.991225
0.622254
0.693848
0.934122
0.657201
0.180577
0.350524
0.0322282
0.0598214
0.39196
0.537713
0.420913
0.083305
0.0788864
0.385162
0.470445
0.859809
0.990019
0.433056
0.989834
0.403949
0.419986
0.937768
0.229645
0.0542595
0.518741
0.442264
0.435497
0.37308
0.573618
0.0580292
0.110589
0.362513
0.914501
0.576677
0.5383
0.513086
0.554491
0.0551247
0.654575
0.768223
0.611006
0.928004
0.69666
0.375583
0.966567
0.750981
0.904026
0.932114
0.341872
0.673887
0.800235
0.636869
0.988474
0.190495
0.907765
0.519111
0.500479
0.575194
0.305441
0.9543
0.825047
0.532398
0.586503
0.0809875
0.715045
0.262059
0.143188
0.480549
0.446158
0.0467509
0.339894
0.363409
0.0551865
0.664277
0.291506
0.7664
0.324784
0.991163
0.612551
0.170565
0.778729
0.260421
0.886074
0.113556
0.82823
0.0320737
0.0355653
0.583753
0.649229
0.928962
0.847048
0.986466
0.875166
0.401075
0.968822
0.10512
0.503847
0.103977
0.324352
0.923246
0.949572
0.0828106
0.00126688
0.1989
0.227297
0.685567
0.633996
0.537311
0.357847
0.181967
0.568829
0.30609
0.0561753
0.819516
0.66403
0.252696
0.673269
0.70321
0.404042
0.434539
0.222693
0.962735
0.14943
0.460495
0.297717
0.741495
0.414702
0.10821
0.988969
0.268115
0.0940271
0.762259
0.674721
0.931218
0.201187
0.586287
0.047029
0.383555
0.218181
0.254457
0.949788
0.116769
0.332757
0.242777
0.116028
0.216327
0.963384
0.251306
0.454964
0.429348
0.407688
0.00698328
0.0963755
0.130952
0.559466
0.836171
0.278837
0.7774
0.0518184
0.135494
0.272595
0.797454
0.20026
0.44075
0.197788
0.0526527
0.266477
0.836913
0.395266
0.0567933
0.91654
0.896858
0.806631
0.641072
0.64824
0.773723
0.474523
0.50017
0.526682
0.689028
0.177332
0.841146
0.0598832
0.401662
0.0609956
0.576306
0.480085
0.373389
0.62213
0.674443
0.887557
0.346414
0.387016
0.761518
0.558292
0.651825
0.336464
0.824924
0.512993
0.539938
0.770201
0.921484
0.673053
0.669252
0.072552
0.390662
0.333962
0.431975
0.820041
0.746501
0.200599
0.494114
0.575843
0.407317
0.948769
0.956679
0.198591
0.178784
0.069153
0.857028
0.55341
0.885332
0.997126
0.548837
0.167352
0.274202
0.0497173
0.805611
0.480981
0.514075
0.70973
0.427649
0.140871
0.116707
0.323054
0.719494
0.960634
0.819547
0.668881
0.0143374
0.250966
0.401601
0.0512931
0.0530235
0.324692
0.976609
0.327627
0.437475
0.683558
0.318666
0.0306214
0.807558
0.786608
0.497482
0.104626
0.426227
0.917715
0.0812038
0.749003
0.593548
0.187065
0.36928
0.976918
0.376139
0.0538887
0.460526
0.302568
0.503136
0.992399
0.8066
0.63622
0.886599
0.196026
0.776133
0.852918
0.908198
0.587028
0.163458
0.662948
0.0829033
0.0158205
0.483824
0.960387
0.780737
0.57575
0.392763
0.663845
0.223589
0.103421
0.23703
0.213701
0.55103
0.511788
0.35074
0.0661867
0.391311
0.435837
0.426444
0.951673
0.412694
0.792881
0.482279
0.717826
0.698668
0.690912
0.473256
0.30127
0.299385
0.00346074
0.543337
0.303835
0.702036
0.219695
0.492167
0.270216
0.42391
0.553873
0.9581
0.421747
0.214288
0.643204
0.982974
0.326978
0.335599
0.689089
0.187035
0.364429
0.215277
0.798443
0.355499
0.813274
0.684084
0.401137
0.978525
0.628403
0.65924
0.500757
0.618855
0.160214
0.15357
0.110558
0.357662
0.15286
0.99898
0.83991
0.865834
0.936007
0.953125
0.640701
0.590026
0.634027
0.542162
0.119488
0.759664
0.267219
0.953342
0.674659
0.921515
0.677904
0.430893
0.650249
0.0890523
0.981213
0.0504589
0.922041
0.760375
0.378797
0.471094
0.961685
0.984488
0.564688
0.656027
0.99623
0.408151
0.0797516
0.520996
0.796403
0.0353181
0.544943
0.556098
0.307388
0.259926
0.808454
0.927294
0.585082
0.857831
0.679541
0.688008
0.0172419
0.70698
0.99589
0.354788
0.701696
0.166332
0.114112
0.915552
0.741619
0.434107
0.154776
0.299756
0.0616754
0.683033
0.236196
0.0827179
0.986713
0.913976
0.494206
0.590396
0.692241
0.681859
0.0518493
0.140345
0.0342366
0.375151
0.89865
0.0880017
0.816272
0.154652
0.280351
0.0151098
0.372246
0.442635
0.493712
0.512777
0.505979
0.438711
0.877607
0.784322
0.138491
0.743163
0.676668
0.236845
0.184594
0.981182
0.0456076
0.160399
0.182678
0.680407
0.823842
0.343201
0.882489
0.550814
0.47783
0.0192504
0.0223094
0.50258
0.905077
0.0970553
0.237679
0.315576
0.545499
0.64342
0.0169329
0.658468
0.379477
0.57782
0.717795
0.693817
0.929271
0.89556
0.60288
0.652134
0.384977
0.441337
0.289961
0.523839
0.242715
0.106325
0.693045
0.807991
0.854525
0.160461
0.19238
0.203689
0.979236
0.739981
0.176992
0.787782
0.681828
0.0469981
0.378704
0.45654
0.67676
0.251398
0.469518
0.714272
0.140778
0.102154
0.03813
0.986404
0.865464
0.877793
0.813429
0.70834
0.209344
0.867009
0.120353
0.895498
0.593177
0.128851
0.229583
0.0445571
0.995458
0.286871
0.0387171
0.0785774
0.33665
0.854031
0.0828415
0.0061181
0.960541
0.804993
0.383957
0.281247
0.155795
0.459846
0.195841
0.747026
0.28307
0.442017
0.396688
0.279949
0.952044
0.470908
0.932577
0.41464
0.0985076
0.465686
0.112721
0.697247
0.467756
0.437753
0.727219
0.173439
0.229892
0.0930692
0.611872
0.0638383
0.0226184
0.551092
0.521491
0.874023
0.22158
0.788091
0.73034
0.663412
0.155672
0.440441
0.149275
0.436239
0.48951
0.853011
0.922751
0.871953
0.896549
0.758119
0.0246578
0.871273
0.789822
0.00200847
0.315329
0.50669
0.550289
0.395359
0.0713469
0.201465
0.629948
0.901801
0.582826
0.503692
0.0797207
0.516145
0.0347619
0.457621
0.846553
0.908847
0.688904
0.157927
0.79458
0.749096
0.608102
0.47199
0.10237
0.0720885
0.317894
0.909341
0.766523
0.344189
0.0377283
0.923338
0.964126
0.367735
0.734357
0.29407
0.169051
0.541019
0.939993
0.578933
0.892439
0.112907
0.726354
0.0376047
0.903934
0.91756
0.0569477
0.940797
0.705064
0.695115
0.133022
0.884498
0.866143
0.984519
0.569539
0.417668
0.573927
0.106541
0.727003
0.13948
0.898402
0.049192
0.723141
0.533078
0.69323
0.837098
0.424374
0.626642
0.382721
0.0871983
0.69014
0.351976
0.260235
0.856966
0.543707
0.362049
0.841733
0.152056
0.872849
0.0372339
0.845719
0.777864
0.124587
0.560115
0.938047
0.273306
0.909032
0.718011
0.727776
0.260761
0.939437
0.491611
0.182894
0.714365
0.155332
0.387078
0.77122
0.0815746
0.807218
0.733245
0.119427
0.749961
0.743936
0.797948
0.277879
0.627012
0.440936
0.226895
0.622501
0.732658
0.0272533
0.278775
0.767698
0.528536
0.980101
0.875815
0.502951
0.963291
0.236752
0.17004
0.696258
0.312517
0.0652288
0.240923
0.824954
0.517844
0.301579
0.347897
0.619875
0.320304
0.287736
0.174551
0.404536
0.512159
0.408955
0.205883
0.323672
0.816519
0.193462
0.373482
0.636684
0.959367
0.620647
0.441585
0.328771
0.61697
0.864289
0.693446
0.871056
0.755863
0.670519
0.271452
0.617959
0.0195285
0.0659704
0.357353
0.104348
0.382567
0.0629422
0.881933
0.463492
0.768285
0.620709
0.451287
0.852053
0.772364
0.26107
0.987949
0.108025
0.959862
0.698267
0.627847
0.571919
0.791212
0.220313
0.589191
0.503044
0.977845
0.521676
0.90313
0.791428
0.254272
0.920681
0.546921
0.866576
0.0524364
0.232519
0.505423
0.351389
0.168062
0.38578
0.567469
0.0926367
0.543955
0.400859
0.934864
0.77363
0.45997
0.215246
0.793591
0.593857
0.235578
0.985694
0.753886
0.360041
0.526404
0.645367
0.32256
0.641875
0.774372
0.576399
0.494639
0.658314
0.35522
0.769613
0.829311
0.201866
0.693014
0.803139
0.0928838
0.582764
0.49399
0.556438
0.360751
0.637982
0.163118
0.609585
0.704848
0.661156
0.801533
0.84062
0.977412
0.453759
0.240151
0.703674
0.47681
0.85916
0.888144
0.438587
0.858202
0.737756
0.827704
0.949603
0.0876618
0.762908
0.776597
0.925687
0.332818
0.25248
0.63931
0.371721
0.360164
0.545808
0.691932
0.633347
0.435436
0.363378
0.0503353
0.902636
0.713809
0.0680098
0.677533
0.372679
0.510552
0.156691
0.600531
0.283441
0.500232
0.536384
0.21231
0.332726
0.237926
0.354386
0.638631
0.264994
0.604054
0.83648
0.327349
0.393814
0.828786
0.119396
0.74511
0.982295
0.220252
0.579489
0.979761
0.822452
0.124896
0.608627
0.55446
0.0502735
0.892933
0.190526
0.912616
0.280753
0.0781757
0.273584
0.952693
0.572784
0.927046
0.546272
0.7647
0.0579674
0.100887
0.83923
0.759108
0.179897
0.243797
0.276118
0.350493
0.0273769
0.29818
0.814263
0.839323
0.773661
0.464821
0.976887
0.371288
0.292247
0.882829
0.604178
0.855885
0.373915
0.704601
0.622347
0.708402
0.219046
0.390291
0.275747
0.292278
0.88768
0.365819
0.433582
0.0723048
0.351852
0.240831
0.810401
0.23292
0.568489
0.252727
0.67812
0.464852
0.981738
0.13293
0.869944
0.581219
0.251429
0.474369
0.475914
0.718475
0.800544
0.685381
0.604888
0.967463
0.891666
0.991626
0.68532
0.595186
0.44418
0.736273
0.594846
0.390817
0.358218
0.240182
0.708525
0.238451
0.436857
0.586534
0.0858388
0.476686
0.839755
0.841578
0.1278
0.0646417
0.14875
0.353768
0.541606
0.0321664
0.050119
0.868677
0.382319
0.0241325
0.788802
0.841918
0.181164
0.442697
0.503414
0.0360597
0.661373
0.835491
0.17211
0.0212897
0.34249
0.770911
0.0330624
0.190804
0.956277
0.135525
0.277446
0.559095
0.777956
0.13914
0.845039
0.671137
0.368476
0.850786
0.573464
0.0337731
0.302382
0.474029
0.42255
0.34042
0.44588
0.00308995
0.485122
0.164138
0.769675
0.839014
0.725149
0.848407
0.19992
0.387387
0.819732
0.697988
0.584186
0.717146
0.591941
0.934802
0.763928
0.936687
0.0598523
0.396811
0.299354
0.99861
0.781695
0.726138
0.00364614
0.572444
0.873683
0.168217
0.410036
0.375676
0.98112
0.0359052
0.637116
0.0272842
0.283626
0.529339
0.106232
0.678491
0.523066
0.121435
0.0652906
0.250626
0.348237
0.673238
0.698359
0.6424
0.856843
0.524302
0.315484
0.530946
0.358496
0.283843
0.563298
0.437722
0.722368
0.411797
0.652195
0.394679
0.96462
0.445354
0.920619
0.537218
0.343293
0.897043
0.835738
0.21092
0.114421
0.964064
0.358032
0.211074
0.138677
0.772271
0.246516
0.703025
0.374934
0.864691
0.756512
0.772394
0.265921
0.749591
0.685721
0.658252
0.345518
0.246331
0.673918
0.805086
0.398511
0.566171
0.888885
0.555017
0.137595
0.602478
0.589068
0.483639
0.93128
0.210889
0.10957
0.202423
0.780336
0.512684
0.491425
0.153787
0.144517
0.689151
0.196737
0.887711
0.37067
0.195223
0.650002
0.0502426
0.888082
0.428885
0.33492
0.582363
0.430924
0.6551
0.850694
0.55891
0.748849
0.569292
0.378859
0.480796
0.484967
0.139882
0.961468
0.95053
0.233198
0.61215
0.107499
0.877391
0.750363
0.807002
0.699286
0.787937
0.706084
0.855205
0.267188
0.948491
0.913018
0.343819
0.979514
0.783642
0.0317647
0.987053
0.967339
0.872262
0.945061
0.374533
0.801625
0.855174
0.262337
0.186849
0.335321
0.645428
0.332262
0.165158
0.929765
0.973179
0.789142
0.895282
0.559219
0.797361
0.185706
0.155826
0.464697
0.957482
0.324723
0.98146
0.0892686
0.0151716
0.381949
0.965918
0.649105
0.909557
0.800482
0.675679
0.0816055
0.812069
0.494886
0.697123
0.448352
0.391187
0.416432
0.379878
0.640886
0.619133
0.203875
0.00834286
0.309829
0.643173
0.978123
0.565337
0.757903
0.990699
0.539783
0.745944
0.113278
0.784569
0.177301
0.836295
0.298242
0.823966
0.362605
0.929055
0.861601
0.27139
0.608256
0.496246
0.910577
0.960572
0.809845
0.145598
0.858944
0.854185
0.107098
0.814325
0.849025
0.296944
0.620214
0.373667
0.665791
0.529215
0.0868275
0.631925
0.212279
0.327874
0.476285
0.776689
0.94024
0.617742
0.98557
0.734481
0.313475
0.215617
0.851806
0.733554
0.167939
0.366375
0.520904
0.78185
0.750394
0.811853
0.460928
0.365634
0.404474
0.502457
0.885672
0.0504898
0.926892
0.522016
0.956494
0.169484
0.608936
0.602973
0.666687
0.669901
0.174428
0.385131
0.465593
0.0981677
0.412323
0.734666
0.342583
0.785465
0.317987
0.923895
0.0514476
0.0772796
0.132899
0.865093
0.819578
0.673732
0.775979
0.828662
0.0999907
0.698545
0.671508
0.426691
0.990483
0.505825
0.414455
0.0694002
0.895838
0.646541
0.506906
0.584247
0.726849
0.115224
0.0901956
0.160708
0.23119
0.29682
0.60081
0.327102
0.355004
0.735655
0.497822
0.157989
0.804283
0.272379
0.763495
0.86877
0.396873
0.309057
0.521892
0.937089
0.122918
0.298149
0.809412
0.0776813
0.195965
0.766431
0.329636
0.752804
0.190248
0.868955
0.42598
0.878905
0.988073
0.127429
0.00642709
0.00905355
0.421407
0.160925
0.265148
0.62831
0.644687
0.215833
0.885765
0.0650434
0.211816
0.255106
0.0516639
0.111238
0.464388
0.90897
0.708309
0.204493
0.105367
0.542657
0.197108
0.945926
0.510367
0.127584
0.0306832
0.81726
0.309891
0.652875
0.501406
0.72073
0.154683
0.285202
0.776751
0.949943
0.141025
0.140963
0.131261
0.607978
0.452585
0.0558045
0.761301
0.524333
0.320335
0.292587
0.936193
0.982233
0.210549
0.0562062
0.824367
0.425671
0.830393
0.371659
0.350462
0.0225257
0.536539
0.236566
0.140933
0.12641
0.846337
0.874888
0.357414
0.11405
0.905849
0.218336
0.278713
0.757995
0.00525291
0.824707
0.479035
0.208448
0.726323
0.0327535
0.142292
0.339863
0.358558
0.293545
0.0865804
0.593116
0.119148
0.7063
0.889164
0.598678
0.992368
0.801749
0.874579
0.308902
0.497636
0.128882
0.234434
0.806198
0.573155
0.985261
0.685969
0.697061
0.438649
0.867905
0.261039
0.983098
0.346383
0.382165
0.999876
0.980595
0.953434
0.689213
0.206439
0.410994
0.526064
0.592003
0.944505
0.287211
0.0920805
0.456633
0.691314
0.536322
0.202608
0.809443
0.0825325
0.957606
0.344128
0.0280258
0.400056
0.808732
0.970954
0.439854
0.0571022
0.965053
0.513271
0.583599
0.624973
0.120755
0.958564
0.494515
0.638909
0.308655
0.458826
0.0357507
0.61286
0.219077
0.395143
0.0373884
0.869975
0.586071
0.0130705
0.0520656
0.174304
0.365726
0.419028
0.787381
0.618762
0.14566
0.868646
0.377468
0.262491
0.211105
0.143528
0.533912
0.824213
0.401415
0.0221858
0.483175
0.858511
0.786268
0.444118
0.72657
0.0715632
0.235423
0.961437
0.945679
0.471557
0.0344529
0.409109
0.230139
0.131879
0.705003
0.685412
0.60974
0.729104
0.469363
0.690016
0.332571
0.21367
0.546179
0.750147
0.773043
0.367797
0.74406
0.817353
0.324445
0.937799
0.234496
0.815901
0.0964373
0.140654
0.0827488
0.991564
0.675617
0.0719031
0.288787
0.339493
0.300343
0.153849
0.154219
0.212434
0.352131
0.284492
0.665173
0.432191
0.854
0.0779903
0.244477
0.382845
0.106603
0.736705
0.662763
0.053796
0.445972
0.0176436
0.770046
0.897228
0.864846
0.780768
0.580601
0.154405
0.241541
0.921979
0.750672
0.855514
0.3157
0.564904
0.689985
0.32772
0.452029
0.968483
0.0517566
0.125792
0.749312
0.64206
0.803479
0.146247
0.960819
0.848654
0.238729
0.480518
0.441306
0.28511
0.762198
0.665019
0.407935
0.045793
0.189507
0.752526
0.146587
0.0141829
0.22671
0.593394
0.162809
0.561073
0.0884343
0.884189
0.817631
0.368106
0.792572
0.433767
0.101412
0.921701
0.707011
0.000741588
0.116429
0.279393
0.864722
0.761363
0.534036
0.843618
0.447981
0.332973
0.276736
0.447517
0.260205
0.852115
0.782066
0.784353
0.143343
0.504805
0.254365
0.935235
0.831845
0.599666
0.147607
0.174273
0.360875
0.657387
0.209684
0.920372
0.498409
0.250162
0.275469
0.248617
0.032908
0.166548
0.14807
0.247041
0.785496
0.322838
0.685536
0.629144
0.77567
0.78015
0.483577
0.921577
0.687606
0.954176
0.805642
0.485833
0.275716
0.287427
0.126039
0.788122
0.735191
0.425053
0.733368
0.138831
0.796527
0.054723
0.591509
0.866885
0.100949
0.848932
0.28239
0.33529
0.640577
0.570621
0.587461
0.231375
0.325928
0.170658
0.793282
0.545345
0.619164
0.208726
0.769984
0.887526
0.341563
0.625375
0.183821
0.859902
0.00457312
0.71798
0.722924
0.499119
0.36174
0.793221
0.535643
0.0958811
0.0533325
0.373204
0.593023
0.104595
0.421376
0.156073
0.503507
0.0506134
0.946297
0.568581
0.267281
0.963044
0.197942
0.0769088
0.0746841
0.725396
0.887217
0.293051
0.00896085
0.406854
0.876
0.532058
0.53314
0.702932
0.360381
0.579767
0.0234218
0.677224
0.324166
0.894138
0.379724
0.61663
0.810926
0.315391
0.516392
0.0735717
0.550752
0.468127
0.495968
0.866916
0.1058
0.610574
0.860087
0.0336804
0.287829
0.189105
0.68946
0.245249
0.504125
0.147638
0.179124
0.122516
0.235083
0.908074
0.567624
0.116893
0.352161
0.289343
0.426815
0.00988783
0.55239
0.725242
0.862961
0.484844
0.120477
0.914903
0.639743
0.439638
0.0231437
0.633563
0.469394
0.694868
0.0942125
0.791367
0.244569
0.397398
0.391527
0.469796
0.757933
0.99555
0.301424
0.323641
0.811668
0.43182
0.795785
0.938294
0.312116
0.00216296
0.339585
0.314897
0.438773
0.88731
0.307604
0.293885
0.139944
0.971171
0.473813
0.388592
0.00892995
0.402002
0.114359
0.954361
0.83475
0.0556809
0.741897
0.477768
0.00954794
0.499027
0.347187
0.508297
0.802552
0.000710688
0.111578
0.517752
0.287025
0.0629731
0.886784
0.225134
0.345982
0.319099
0.0985385
0.470537
0.874363
0.274944
0.166147
0.0850045
0.345703
0.275438
0.243766
0.271267
0.588851
0.44968
0.59979
0.167012
0.220839
0.671662
0.450947
0.79869
0.394308
0.906405
0.305658
0.988258
0.156537
0.576275
0.475234
0.611748
0.0444335
0.976053
0.240305
0.72793
0.285017
0.747644
0.380095
0.674845
0.950623
0.247752
0.897074
0.84059
0.972561
0.692118
0.662454
0.00528381
0.829558
0.240676
0.786145
0.424713
0.680005
0.760776
0.441863
0.372431
0.471742
0.0635602
0.978957
0.69632
0.32222
0.588512
0.396317
0.221735
0.812347
0.538547
0.551896
0.647622
0.676699
0.241696
0.946235
0.558879
0.743998
0.807651
0.801162
0.782406
0.837716
0.521398
0.859469
0.936656
0.0550011
0.63517
0.721657
0.300219
0.134444
0.107654
0.901647
0.55857
0.695486
0.191237
0.0241943
0.798504
0.365201
0.336557
0.839477
0.797917
0.273028
0.865371
0.863239
0.528505
0.97525
0.114174
0.925254
0.264901
0.5895
0.551556
0.594259
0.298644
0.887031
0.263943
0.439113
0.940673
0.68566
0.648549
0.822235
0.0909372
0.277137
0.510583
0.161543
0.362173
0.861138
0.198622
0.183636
0.830794
0.434725
0.2518
0.532584
0.61561
0.650836
0.181225
0.452399
0.0266972
0.191453
0.0581528
0.129994
0.409078
0.225288
0.370238
0.127306
0.987022
0.962488
0.11062
0.367364
0.676143
0.154374
0.23669
0.160337
0.172975
0.157124
0.668449
0.94642
0.587986
0.313846
0.273831
0.991503
0.665915
0.54862
0.133393
0.942712
0.00584
0.91688
0.950221
0.184686
0.995736
0.330532
0.893489
0.277848
0.622161
0.679294
0.649198
0.924111
0.0854062
0.408769
0.176776
0.753824
0.350338
0.00312085
0.489973
0.925779
0.347372
0.537404
0.372401
0.466891
0.301919
0.401261
0.99793
0.674968
0.970028
0.294318
0.207861
0.63415
0.561567
0.166054
0.0704508
0.0607793
0.542348
0.148596
0.329512
0.733399
0.143683
0.558168
0.63242
0.289899
0.514137
0.719433
0.950932
0.296264
0.513488
0.617557
0.956463
0.164632
0.847295
0.0252758
0.968297
0.0226493
0.555944
0.283132
0.45172
0.91997
0.435343
0.348824
0.765411
0.169545
0.618639
0.126255
0.822081
0.0666811
0.468931
0.622099
0.669592
0.125915
0.768717
0.688626
0.114266
0.939808
0.549825
0.322591
0.646726
0.536013
0.154096
0.193029
0.305565
0.973705
0.871613
0.843185
0.380064
0.669994
0.188981
0.670055
0.198684
0.193338
0.354077
0.590118
0.64858
0.827086
0.852579
0.854834
0.208973
0.808794
0.980657
0.963137
0.212496
0.361833
0.807774
0.820567
0.828971
0.148503
0.314958
0.448475
0.410592
0.462998
0.690665
0.434447
0.208139
0.677811
0.41634
0.365325
0.355962
0.886043
0.108704
0.0665884
0.454377
0.337175
0.936502
0.030745
0.826963
0.833174
0.808269
0.898186
0.0152334
0.391651
0.489201
0.804499
0.306337
0.094985
0.912647
0.285604
0.839817
0.851281
0.651083
0.220035
0.54553
0.648271
0.778574
0.236165
0.0778667
0.225072
0.336279
0.795816
0.943145
0.0737571
0.57986
0.0379755
0.962148
0.0572567
0.989309
0.321478
0.472082
0.116924
0.357013
0.0509841
0.00451132
0.708278
0.199642
0.343726
0.96496
0.498718
0.298674
