0.177367
0.605147
0.701922
0.19981
0.200914
0.766561
0.582416
0.669843
0.0489583
0.842304
0.597653
0.746668
0.257311
0.623277
0.415849
0.181081
0.422295
0.51244
0.578047
0.228328
0.513237
0.974084
0.43038
0.398142
0.571433
0.0821966
0.477648
0.826173
0.486865
0.746916
0.411778
0.755559
0.677624
0.822031
0.871276
0.537097
0.986162
0.423447
0.875225
0.90886
0.216241
0.357665
0.280942
0.795299
0.585965
0.320112
0.126463
0.459373
0.685273
0.387501
0.732305
0.842487
0.671111
0.354734
0.0172969
0.709694
0.829636
0.699322
0.499727
0.916992
0.88666
0.0984434
0.538491
0.418629
0.904251
0.752223
0.605648
0.126182
0.746738
0.419573
0.755522
0.0664648
0.0746798
0.143141
0.769338
0.26365
0.16982
0.162127
0.860599
0.0847578
0.523723
0.210403
0.245981
0.204379
0.00602493
0.261038
0.273615
0.649006
0.843067
0.419112
0.0122773
0.345039
0.0753644
0.649634
0.402338
0.0886616
0.135954
0.974121
0.0498579
0.962304
0.439631
0.876255
0.222674
0.475011
0.505587
0.401092
0.159632
0.938723
0.122981
0.938773
0.964564
0.420255
0.229766
0.66991
0.178628
0.199098
0.247476
0.33175
0.725567
0.605788
0.479423
0.666521
0.218005
0.00337251
0.681767
0.459614
0.733759
0.291919
0.278217
0.997698
0.31272
0.878762
0.353777
0.925346
0.284431
0.43168
0.250234
0.688773
0.200518
0.109681
0.40425
0.221397
0.0173283
0.237322
0.662983
0.747106
0.606146
0.495629
0.034953
0.455081
0.543796
0.580249
0.24532
0.100273
0.293013
0.676573
0.154947
0.186292
0.00296981
0.91355
0.0345404
0.520371
0.867206
0.139039
0.828496
0.537901
0.501856
0.689217
0.665135
0.925592
0.424767
0.0669136
0.61656
0.531624
0.00851635
0.134254
0.402813
0.0859201
0.0583573
0.811775
0.510796
0.948263
0.462901
0.981816
0.377596
0.256864
0.113191
0.395725
0.956661
0.597413
0.721658
0.904442
0.95206
0.280059
0.959169
0.753245
0.791828
0.25032
0.129321
0.492382
0.459365
0.547498
0.791278
0.00168448
0.311026
0.421527
0.603916
0.0241707
0.236387
0.950285
0.436179
0.853768
0.272926
0.0723143
0.386019
0.823164
0.920106
0.219775
0.756656
0.124639
0.811858
0.892883
0.691853
0.978997
0.00873708
0.844055
0.0392603
0.84738
0.92366
0.961439
0.903782
0.855817
0.722664
0.808461
0.796422
0.459983
0.934464
0.529074
0.142154
0.176198
0.354358
0.689757
0.744998
0.186395
0.736277
0.607976
0.25847
0.109707
0.845838
0.00416494
8.49586e-05
0.427899
0.693699
0.999727
0.404628
0.576743
0.314926
0.965155
0.357769
0.029178
0.393865
0.691377
0.970343
0.556456
0.348781
0.966952
0.570306
0.126129
0.848176
0.288701
0.202223
0.759961
0.670241
0.742647
0.661976
0.83021
0.333023
0.112595
0.388811
0.740292
0.0885551
0.345667
0.630305
0.53783
0.316119
0.00542273
0.139823
0.0125712
0.284224
0.955037
0.315089
0.702208
0.00383984
0.536236
0.512648
0.0714412
0.712394
0.206503
0.689476
0.0217646
0.797908
0.432712
0.593563
0.00992632
0.831674
0.953279
0.752572
0.469491
0.740147
0.651441
0.765983
0.871793
0.230299
0.638208
0.361926
0.892513
0.463229
0.493642
0.633633
0.4677
0.63439
0.189446
0.0135671
0.0230033
0.616169
0.95953
0.812641
0.058497
0.159774
0.326835
0.12419
0.269521
0.843205
0.74637
0.243939
0.884099
0.0492914
0.441194
0.141956
0.861718
0.889375
0.721118
0.828111
0.0655199
0.192412
0.867631
0.271581
0.463766
0.515386
0.0920584
0.22535
0.457467
0.646668
0.542918
0.821041
0.239276
0.510921
0.0436164
0.0615481
0.438318
0.810149
0.174228
0.246594
0.51203
0.695871
0.504476
0.723653
0.435674
0.380049
0.486328
0.719587
0.103712
0.0956753
0.0149754
0.692162
0.172537
0.835285
0.627578
0.704903
0.300251
0.325452
0.871891
0.876086
0.383172
0.975338
0.50653
0.246096
0.132442
0.946064
0.503686
0.45126
0.332798
0.330316
0.62234
0.676371
0.77494
0.424511
0.753018
0.981287
0.489753
0.274504
0.58257
0.256243
0.670043
0.415631
0.514127
0.938189
0.143629
0.971494
0.893258
0.991474
0.695492
0.140811
0.609244
0.567779
0.658962
0.181742
0.536657
0.602342
0.55437
0.29723
0.537955
0.411016
0.942874
0.890021
0.580669
0.309943
0.217471
0.031086
0.463012
0.836033
0.204027
0.078137
0.24916
0.63309
0.346698
0.950728
0.88393
0.20546
0.160167
0.933004
0.994401
0.89156
0.45424
0.405889
0.783147
0.349384
0.102754
0.989593
0.0926637
0.398758
0.925352
0.383347
0.91102
0.518372
0.275462
0.687399
0.110268
0.271109
0.535566
0.264042
0.759578
0.229313
0.0556658
0.57542
0.0840361
0.394675
0.300175
0.035215
0.859117
0.180404
0.043891
0.675268
0.224679
0.17399
0.253378
0.527521
0.039413
0.414407
0.943953
0.0168133
0.580928
0.652442
0.592738
0.143583
0.191562
0.588416
0.503993
0.613348
0.536882
0.378809
0.640602
0.605764
0.0797711
0.713704
0.215288
0.342636
0.682355
0.336274
0.763624
0.224186
0.886252
0.234387
0.347144
0.45466
0.47792
0.394765
0.81491
0.186584
0.909904
0.763669
0.978932
0.910064
0.448528
0.418162
0.0452244
0.0872378
0.204918
0.0611592
0.902006
0.0180903
0.0433964
0.363256
0.247048
0.132884
0.386408
0.360957
0.611049
0.896097
0.699473
0.0374669
0.705498
0.311952
0.984369
0.296949
0.828852
0.519577
0.534758
0.673706
0.973108
0.0319947
0.734462
0.110088
0.253377
0.508604
0.0998157
0.602759
0.569079
0.513562
0.435654
0.0396554
0.488876
0.536492
0.822099
0.0100623
0.117794
0.762081
0.297625
0.176374
0.31078
0.285977
0.411232
0.574045
0.97031
0.00455505
0.556795
0.0584388
0.181669
0.317417
0.820707
0.615657
0.346782
0.361533
0.282812
0.218757
0.64774
0.573074
0.647935
0.845161
0.621772
0.127455
0.144364
0.325382
0.687977
0.837073
0.68308
0.520136
0.932565
0.618102
0.432203
0.030273
0.798488
0.190058
0.305606
0.316917
0.418668
0.551991
0.310482
0.264742
0.516438
0.773729
0.0685782
0.593347
0.381833
0.464452
0.0469501
0.0907894
0.897124
0.968614
0.499116
0.635552
0.715533
0.967531
0.294604
0.401526
0.448069
0.702722
0.656701
0.172514
0.443154
0.0844801
0.856215
0.403019
0.538176
0.119564
0.511035
0.959143
0.318722
0.757584
0.715288
0.837793
0.782157
0.706786
0.953792
0.375462
0.382191
0.481114
0.0765773
0.0341704
0.302003
0.758741
0.155792
0.402374
0.695034
0.440756
0.786056
0.240841
0.822547
0.548068
0.386119
0.497669
0.320362
0.330388
0.831325
0.0811163
0.321796
0.424726
0.367437
0.512656
0.206938
0.00264209
0.405599
0.898662
0.813125
0.193873
0.424298
0.174839
0.51493
0.423798
0.770521
0.145288
0.855974
0.351456
0.920691
0.0560939
0.770753
0.0489329
0.415643
0.719025
0.645393
0.127628
0.0439214
0.187511
0.49269
0.633988
0.434448
0.763152
0.292453
0.260646
0.678045
0.901582
0.892614
0.156651
0.833495
0.555894
0.917242
0.0941182
0.844657
0.158196
0.802449
0.756918
0.527194
0.549581
0.811035
0.0623226
0.455558
0.55906
0.11986
0.482014
0.207176
0.998935
0.103176
0.0726774
0.488263
0.242174
0.22221
0.67604
0.203059
0.806018
0.736528
0.818169
0.971855
0.967241
0.416386
0.2067
0.000879019
0.773681
0.248989
0.764529
0.445837
0.174741
0.86994
0.0859251
0.143142
0.794067
0.883485
0.736854
0.308799
0.982319
0.834905
0.240438
0.0389455
0.55766
0.584944
0.147607
0.838178
0.265934
0.546108
0.432997
0.380385
0.135132
0.164756
0.0591352
0.885539
0.247901
0.475688
0.890715
0.240893
0.680996
0.49377
0.784598
0.732151
0.260075
0.0854829
0.711573
0.414802
0.570064
0.0643097
0.853801
0.833374
0.511709
0.287747
0.170328
0.697155
0.0779399
0.935478
0.575199
0.364092
0.296637
0.573433
0.685793
0.120361
0.908326
0.229482
0.895965
0.482184
0.0691267
0.812467
0.137743
0.0520723
0.178951
0.630128
0.556679
0.100064
0.772155
0.605501
0.656818
0.137499
0.939997
0.537815
0.054698
0.310024
0.574032
0.74775
0.42604
0.453486
0.738388
0.0861883
0.566096
0.370272
0.158776
0.541675
0.936456
0.00856932
0.0244967
0.716874
0.499157
0.338561
0.1937
0.51608
0.750002
0.290427
0.202242
0.0779053
0.353834
0.890231
0.119192
0.252326
0.83491
0.327502
0.327213
0.461873
0.695808
0.451728
0.193534
0.724783
0.421713
0.7331
0.213339
0.592132
0.9663
0.603519
0.348146
0.288025
0.837038
0.0974475
0.799712
0.757497
0.259811
0.641789
0.550991
0.502644
0.93255
0.366823
0.198395
0.429762
0.0177855
0.920966
0.683147
0.647071
0.322189
0.0300964
0.830556
0.148662
0.555177
0.851783
0.920608
0.663408
0.904377
0.861251
0.0401483
0.771828
0.112934
0.0862746
0.0180396
0.192013
0.166079
0.296293
0.797451
0.767187
0.105904
0.935576
0.227709
0.111684
0.0780442
0.688158
0.870417
0.105975
0.125302
0.946961
0.567163
0.305044
0.880592
0.103285
0.910143
0.765774
0.356747
0.839465
0.895465
0.0849318
0.448009
0.692367
0.617728
0.147967
0.879113
0.254201
0.350218
0.120093
0.400587
0.670985
0.247985
0.888772
0.595572
0.785714
0.490843
0.592062
0.792984
0.687292
0.31964
0.181397
0.74381
0.219516
0.406636
0.339653
0.545332
0.400829
0.727334
0.308019
0.868442
0.912629
0.558192
0.539111
0.833857
0.636145
0.683588
0.0670162
0.340979
0.832746
0.959503
0.366722
0.494375
0.967122
0.423938
0.12285
0.742681
0.241796
0.870396
0.752704
0.699087
0.560755
0.614701
0.280471
0.878495
0.8645
0.645251
0.741795
0.348687
0.388287
0.936322
0.766096
0.775126
0.550504
0.313821
0.392899
0.454584
0.200332
0.980155
0.469185
0.585923
0.602972
0.151247
0.0153764
0.431776
0.857618
0.978048
0.0577523
0.643382
0.316058
0.980937
0.603802
0.0925758
0.922085
0.483775
0.809009
0.00973021
0.535656
0.766698
0.889276
0.0630232
0.230879
0.381879
0.238116
0.0103598
0.116579
0.343016
0.0624296
0.253707
0.0584914
0.0656447
0.290044
0.772253
0.259607
0.218593
0.890973
0.580314
0.343196
0.0887088
0.928079
0.215933
0.180991
0.918614
0.145053
0.90515
0.858092
0.950578
0.360321
0.914002
0.630323
0.845176
0.876925
0.481421
0.248465
0.95395
0.0360482
0.862781
0.755544
0.433069
0.590851
0.438761
0.257102
0.118828
0.147802
0.109924
0.493874
0.548674
0.557248
0.659578
0.525518
0.376216
0.0704327
0.76245
0.496733
0.599346
0.20265
0.938885
0.832114
0.336643
0.960453
0.341182
0.246598
0.565021
0.309803
0.862407
0.466522
0.83936
0.130364
0.0221461
0.209321
0.0573093
0.196884
0.0326522
0.786034
0.870363
0.186217
0.748858
0.0504887
0.563512
0.939131
0.979972
0.381596
0.480808
0.947538
0.266732
0.960607
0.913451
0.370634
0.2429
0.42818
0.412944
0.352756
0.778026
0.277177
0.51158
0.122196
0.747633
0.469716
0.519349
0.704844
0.312346
0.600338
0.882855
0.136444
0.21639
0.864636
0.938778
0.0450182
0.621193
0.392559
0.74618
0.0539017
0.925382
0.901858
0.520464
0.44006
0.0927847
0.433143
0.839152
0.621585
0.972745
0.928269
0.416568
0.262494
0.737634
0.414356
0.0877835
0.377088
0.713973
0.740234
0.111248
0.74334
0.312855
0.146762
0.630073
0.644784
0.879235
0.30944
0.763695
0.421774
0.761119
0.123623
0.73599
0.777964
0.235027
0.104247
0.0828903
0.137871
0.197225
0.763164
0.500427
0.680917
0.179601
0.55908
0.455467
0.0369176
0.474071
0.703774
0.32652
0.824669
0.215109
0.343821
0.594989
0.983696
0.981678
0.0672035
0.489422
0.707408
0.406626
0.155952
0.0837008
0.760002
0.352054
0.975241
0.867352
0.588461
0.260449
0.366642
0.149666
0.441532
0.824834
0.981222
0.39108
0.878977
0.961472
0.454087
0.83362
0.659111
0.671505
0.984378
0.439056
0.206429
0.460093
0.778538
0.893913
0.998145
0.828048
0.0026299
0.200702
0.191458
0.829126
0.121445
0.130045
0.673623
0.576434
0.130161
0.616613
0.420614
0.25429
0.855153
0.555766
0.765822
0.168472
0.512667
0.397704
0.212798
0.49415
0.172991
0.466395
0.695005
0.953242
0.13788
0.347878
0.78815
0.434157
0.883225
0.368145
0.414813
0.757298
0.900203
0.71849
0.658178
0.00473248
0.538859
0.596884
0.827547
0.580649
0.959749
0.504323
0.162438
0.0956197
0.0800607
0.580981
0.541431
0.838512
0.864482
0.344515
0.268318
0.614108
0.31424
0.42379
0.643343
0.671851
0.79694
0.16857
0.151845
0.0553391
0.0847905
0.0735721
0.527011
0.476123
0.202969
0.302336
0.369141
0.145273
0.601619
0.404582
0.802623
0.690321
0.23306
0.0474233
0.043718
0.768303
0.868129
0.641825
0.159073
0.536928
0.143128
0.549512
0.652306
0.304339
0.0288044
0.114985
0.55926
0.475137
0.62396
0.890092
0.784526
0.526243
0.568397
0.0561847
0.296428
0.0689842
0.417746
0.0492045
0.979905
0.265715
0.875166
0.913434
0.0814074
0.2146
0.777796
0.41638
0.104251
0.147277
0.281681
0.212775
0.117403
0.195229
0.205493
0.723122
0.508971
0.280805
0.493225
0.635334
0.0543918
0.163663
0.681178
0.566772
0.731468
0.785832
0.482038
0.607625
0.358844
0.0919258
0.99621
0.298054
0.389712
0.892884
0.705984
0.476046
0.904185
0.642154
0.680243
0.847464
0.333212
0.292035
0.224741
0.21614
0.660711
0.566826
0.649175
0.686898
0.700138
0.22123
0.212356
0.0731788
0.916512
0.824559
0.371035
0.978981
0.738998
0.331846
0.333406
0.556259
0.0429621
0.0646767
0.0214574
0.633883
0.668548
0.293275
0.0677315
0.362792
0.446823
0.762069
0.0989951
0.810602
0.788472
0.849802
0.627093
0.548672
0.536051
0.414005
0.182345
0.679069
0.108958
0.262324
0.882406
0.603452
0.221211
0.898401
0.425043
0.699095
0.681323
0.000809073
0.598086
0.0267867
0.204499
0.0169348
0.62329
0.637157
0.691309
0.833266
0.70524
0.971505
0.0844804
0.862824
0.490348
0.279595
0.154158
0.939881
0.588215
0.123189
0.444476
0.300897
0.18375
0.285437
0.335699
0.0945956
0.868696
0.175813
0.885509
0.754575
0.147274
0.242365
0.434697
0.948616
0.386003
0.551145
0.101921
0.982397
0.143261
0.785718
0.560243
0.00901874
0.577887
0.550534
0.822531
0.286648
0.69072
0.931877
0.0555407
0.472204
0.329774
0.504415
0.705777
0.986982
0.201473
0.158784
0.677172
0.226704
0.207665
0.233683
0.508234
0.895123
0.330147
0.774976
0.021083
0.342126
0.107669
0.594958
0.464388
0.965143
0.159482
0.409303
0.151285
0.653543
0.104937
0.684311
0.214753
0.360207
0.00200794
0.747412
0.749772
0.421311
0.978102
0.962924
0.861582
0.610777
0.322035
0.437087
0.122142
0.833915
0.604107
0.231416
0.405219
0.510724
0.740076
0.465248
0.420994
0.640177
0.452824
0.60602
0.37908
0.190733
0.655406
0.414095
0.701411
0.611791
0.369641
0.55791
0.788071
0.112468
0.247988
0.937433
0.428151
0.933749
0.521391
0.0251246
0.26908
0.420183
0.0145132
0.923732
0.170082
0.56263
0.122944
0.324538
0.504146
0.174563
0.876937
0.678797
0.54595
0.78392
0.344972
0.944897
0.885748
0.766481
0.240784
0.857319
0.967412
0.285745
0.514652
0.762899
0.0504658
0.178902
0.805753
0.285313
0.247867
0.905668
0.566223
0.506764
0.180282
0.992184
0.636053
0.146859
0.262983
0.960986
0.289537
0.252609
0.607601
0.955659
0.764846
0.769631
0.187793
0.230054
0.519524
0.633461
0.575664
0.18198
0.538762
0.980156
0.483771
0.744166
0.204725
0.813801
0.548004
0.30283
0.667477
0.28705
0.453581
0.337908
0.219848
0.989572
0.742128
0.939714
0.776975
0.617614
0.236315
0.742098
0.438525
0.292946
0.535507
0.268274
0.878848
0.806518
0.154178
0.277768
0.449094
0.921608
0.471588
0.982465
0.290594
0.0138234
0.329377
0.841724
0.847372
0.78315
0.398045
0.935333
0.137629
0.123212
0.83182
0.401447
0.116238
0.605894
0.260707
0.701733
0.0305127
0.826576
0.255994
0.49438
0.0377765
0.909181
0.600091
0.733173
0.446711
0.870816
0.800461
0.352066
0.165551
0.416313
0.970707
0.670324
0.128267
0.779828
0.570168
0.809469
0.7393
0.421228
0.57687
0.449139
0.680685
0.276754
0.406502
0.073932
0.575011
0.212915
0.454804
0.888482
0.709834
0.181168
0.889623
0.899516
0.173137
0.908295
0.717239
0.627954
0.0221865
0.888057
0.576836
0.884703
0.205834
0.444859
0.745359
0.244993
0.595855
0.531397
0.193189
0.931138
0.631796
0.599333
0.992967
0.789131
0.931915
0.68744
0.803933
0.694776
0.104867
0.498118
0.869764
0.128591
0.224532
0.715224
0.766926
0.719532
0.170279
0.883378
0.92936
0.754867
0.057286
0.805551
0.896646
0.923379
0.235926
0.209319
0.0207286
0.385976
0.101694
0.163537
0.565883
0.790839
0.624132
0.783382
0.305222
0.869265
0.729059
0.297439
0.0636
0.924636
0.357203
0.515589
0.50591
0.830868
0.400548
0.0146988
0.0423179
0.236464
0.246789
0.790386
0.0111411
0.248461
0.882498
0.143714
0.399506
0.502256
0.417776
0.566234
0.690465
0.641913
0.633011
0.0113334
0.479637
0.264074
0.285154
0.587281
0.425078
0.291792
0.150272
0.623601
0.855426
0.137692
0.183823
0.517555
0.546096
0.236419
0.489992
0.291195
0.118628
0.787397
0.779533
0.615029
0.787967
0.353178
0.86544
0.45413
0.564891
0.131374
0.01095
0.0359737
0.609922
0.96077
0.654378
0.136863
0.253549
0.394828
0.871988
0.498056
0.830692
0.434325
0.702784
0.690532
0.763036
0.342397
0.667942
0.106192
0.763993
0.436969
0.145077
0.3154
0.933696
0.624881
0.369631
0.394151
0.503726
0.122475
0.442605
0.864106
0.0320178
0.123061
0.278924
0.878203
0.956311
0.726846
0.105065
0.831743
0.104942
0.762031
0.448521
0.285172
0.89155
0.272818
0.250233
0.673844
0.296378
0.228199
0.343355
0.770036
0.993046
0.127231
0.370176
0.545125
0.910967
0.617531
0.838615
0.602575
0.48149
0.408448
0.78022
0.15514
0.434106
0.0181671
0.335115
0.274915
0.488221
0.531644
0.334323
0.973462
0.984156
0.704981
0.611343
0.837903
0.631018
0.514174
0.725983
0.604087
0.892731
0.137248
0.726272
0.450168
0.973302
0.289951
0.211251
0.496934
0.97787
0.0655467
0.643345
0.704899
0.233586
0.875666
0.324817
0.199573
0.230148
0.0959101
0.961469
0.404173
0.932755
0.818737
0.513706
0.849293
0.0677916
0.372691
0.824602
0.0803117
0.798581
0.749237
0.423498
0.73242
0.786275
0.922381
0.464897
0.518632
0.655225
0.365366
0.71318
0.418839
0.429896
0.265843
0.0199769
0.751751
0.671978
0.940497
0.9386
0.0500776
0.653986
0.543572
0.812101
0.975899
0.931801
0.777497
0.396399
0.277744
0.0392995
0.5072
0.50359
0.837609
0.702089
0.0113912
0.452386
0.25445
0.539557
0.333801
0.194677
0.942727
0.407779
0.542668
0.627258
0.328915
0.080359
0.593441
0.958219
0.79246
0.875459
0.841565
0.177099
0.502164
0.864637
0.959177
0.8835
0.978332
0.826911
0.897277
0.529829
0.83917
0.93554
0.620881
0.145687
0.559804
0.63272
0.11853
0.126567
0.21513
0.693559
0.646942
0.146039
0.484615
0.931531
0.241497
0.843805
0.838868
0.849691
0.751679
0.476669
0.371606
0.580888
0.983506
0.788906
0.141316
0.104159
0.59995
0.354862
0.161196
0.225621
0.00759781
0.69631
0.877242
0.808748
0.635779
0.537926
0.919171
0.513345
0.787162
0.833952
0.225408
0.440358
0.0986352
0.762602
0.0516807
0.597968
0.0409477
0.207979
0.500156
0.126
0.687411
0.308555
0.890985
0.778146
0.301876
0.624984
0.101457
0.189694
0.182165
0.652334
0.773392
0.398578
0.902605
0.0832378
0.977441
0.85255
0.807138
0.56462
0.567113
0.464259
0.806201
0.824116
0.923284
0.627289
0.851756
0.471156
0.725025
0.487863
0.508828
0.878562
0.994967
0.409138
0.377652
0.196565
0.666921
0.943031
0.530209
0.222778
0.227235
0.139611
0.436671
0.123842
0.420606
0.13338
0.723149
0.958423
0.219189
0.909739
0.987756
0.215978
0.940524
0.384975
0.275394
0.552943
0.310924
0.705086
0.373709
0.933518
0.631877
0.962504
0.796959
0.493579
0.583962
0.650648
0.441055
0.81618
0.52894
0.895806
0.806669
0.684397
0.656555
0.720357
0.0440303
0.0179105
0.0216755
0.300836
0.152654
0.662086
0.674284
0.697862
0.968587
0.0406609
0.388564
0.5995
0.792127
0.273036
0.922999
0.838188
0.420575
0.606551
0.296894
0.896673
0.375566
0.141481
0.863662
0.55988
0.89743
0.104377
0.269182
0.144943
0.0615312
0.154448
0.800891
0.572925
0.157374
0.990349
0.799025
0.2126
0.171123
0.0606
0.504541
0.819591
0.864031
0.763319
0.101756
0.206142
0.63441
0.536449
0.0983488
0.947518
0.932378
0.473989
0.338894
0.793046
0.721579
0.571356
0.786945
0.191727
0.361138
0.638581
0.638755
0.549252
0.280064
0.0360909
0.579921
0.73076
0.877066
0.844349
0.968645
0.0113586
0.903563
0.175531
0.148601
0.530235
0.654566
0.294308
0.436815
0.54147
0.4842
0.947363
0.325238
0.268527
0.128699
0.0438782
0.460228
0.0558829
0.22471
0.696831
0.644176
0.659104
0.569056
0.130776
0.947056
0.170216
0.812966
0.52793
0.924665
0.851327
0.251094
0.140293
0.89986
0.943306
0.146664
0.976309
0.828905
0.40549
0.0674646
0.877048
0.540991
0.443295
0.465527
0.1089
0.286043
0.517768
0.125187
0.0251662
0.968556
0.524088
0.3392
0.929607
0.898737
0.0667814
0.395739
0.189022
0.891623
0.51052
0.310271
0.717901
0.757245
0.0162281
0.745862
0.706632
0.360782
0.667048
0.0674439
0.530044
0.45621
0.518781
0.149318
0.59444
0.75979
0.783219
0.563383
0.780645
0.305801
0.601881
0.821267
0.0373954
0.503921
0.401628
0.164967
0.594125
0.453659
0.641478
0.32258
0.59467
0.616712
0.0703894
0.0347117
0.398732
0.483763
0.600579
0.928264
0.327795
0.244745
0.434778
0.311786
0.189996
0.255593
0.753968
0.945605
0.780384
0.907121
0.984316
0.406706
0.514792
0.10634
0.254554
0.291781
0.967825
0.230256
0.906937
0.889662
0.553068
0.411633
0.322775
0.879293
0.273414
0.276065
0.82981
0.616885
0.979064
0.120743
0.329539
0.569774
0.184839
0.590688
0.693845
0.455416
0.178013
0.867174
0.59899
0.227583
0.993312
0.589044
0.0632643
0.282898
0.660559
0.00789047
0.615096
0.918434
0.117064
0.501297
0.302008
0.843526
0.138084
0.775063
0.483625
0.286654
0.786559
0.69815
0.806121
0.473823
0.548053
0.125952
0.870557
0.446909
0.192817
0.675164
0.474734
0.845942
0.749324
0.885584
0.0157529
0.75886
0.161118
0.914985
0.156342
0.643488
0.103609
0.357582
0.878
0.552032
0.00642556
0.994384
0.617262
0.330079
0.636987
0.847477
0.55224
0.496288
0.104188
0.086666
0.595946
0.0681262
0.997222
0.311131
0.175005
0.306227
0.752087
0.327848
0.134191
0.341747
0.73899
0.207403
0.82714
0.735054
0.0468046
0.645698
0.246525
0.349769
0.563626
0.85386
0.830054
0.714829
0.123151
0.800725
0.778096
0.454823
0.209161
0.360598
0.566581
0.533568
0.6715
0.900846
0.525051
0.526078
0.798753
0.634663
0.788579
0.641684
0.785091
0.0327666
0.707828
0.468969
0.967174
0.29025
0.224167
0.574917
0.638123
0.940979
0.0320393
0.484651
0.521949
0.40447
0.935073
0.773934
0.502373
0.376151
0.975748
0.40238
0.805802
0.111169
0.418118
0.303355
0.492187
0.193887
0.660989
0.250402
0.513687
0.541947
0.506985
0.896693
0.71596
0.138933
0.0467568
0.841494
0.983043
0.00155883
0.199263
0.019856
0.720442
0.471245
0.219817
0.461945
0.908782
0.89193
0.670556
0.0389771
0.088022
0.38546
0.43322
0.131326
0.194438
0.920223
0.191483
0.256128
0.74597
0.511049
0.201647
0.0745232
0.511728
0.605235
0.192726
0.138435
0.670701
0.465949
0.206115
0.178691
0.256632
0.220144
0.958842
0.260678
0.221285
0.130861
0.381336
0.120646
0.70096
0.034925
0.984433
0.359839
0.820563
0.19575
0.977213
0.0160266
0.358449
0.45043
0.383378
0.437394
0.283431
0.630908
0.666567
0.986882
0.524233
0.791357
0.32873
0.965306
0.901321
0.497922
0.574543
0.349101
0.34727
0.571552
0.0680356
0.474168
0.342951
0.984155
0.696662
0.794532
0.69784
0.604718
0.49166
0.330773
0.298464
0.286816
0.520877
0.37705
0.0753499
0.405877
0.57825
0.64218
0.118755
0.917165
0.798411
0.897542
0.986856
0.0897101
0.757113
0.793697
0.673778
0.191096
0.745343
0.980837
0.933285
0.727777
0.741639
0.723086
0.904422
0.620783
0.506509
0.902169
0.760727
0.539107
0.772547
0.205402
0.185595
0.297847
0.914779
0.687221
0.118062
0.271073
0.924407
0.516691
0.0314429
0.461554
0.333154
0.321793
0.370937
0.346413
0.168692
0.201273
0.788578
0.631086
0.662305
0.36118
0.359254
0.988232
0.217111
0.983086
0.72622
0.584198
0.617882
0.737444
0.213265
0.345085
0.851763
0.580215
0.665956
0.721282
0.579637
0.954535
0.874646
0.182853
0.211362
0.359129
0.875216
0.747153
0.407274
0.0460442
0.865606
0.234373
0.109199
0.31081
0.786824
0.149365
0.376423
0.54001
0.949071
0.0355743
0.896975
0.455604
0.330444
0.777294
0.97628
0.330793
0.634527
0.502915
0.494077
0.946343
0.190339
0.0288395
0.705404
0.722233
0.566404
0.559026
0.542774
0.408998
0.0253227
0.599172
0.281099
0.424091
0.698196
0.579784
0.437233
0.573843
0.571843
0.964372
0.2015
0.615757
0.025275
0.797247
0.323592
0.607405
0.656108
0.204003
0.682473
0.3318
0.56054
0.999941
0.0032059
0.881581
0.73802
0.903489
0.946148
0.905374
0.62624
0.219999
0.528793
0.429518
0.910497
0.722379
0.0239172
0.977192
0.658425
0.150881
0.85433
0.718596
0.442197
0.00711544
0.589195
0.606816
0.751642
0.841237
0.665615
0.992023
0.93353
0.836319
0.0085128
0.0746535
0.701552
0.98657
0.280894
0.979243
0.13141
0.607978
0.286276
0.442609
0.93043
0.735907
0.390406
0.557096
0.112494
0.682512
0.971676
0.963184
0.225277
0.231616
0.777704
0.862786
0.835999
0.634007
0.753645
0.515031
0.132376
0.845112
0.802184
0.298638
0.208368
0.0356703
0.510968
0.832209
0.929098
0.345589
0.316935
0.719404
0.0254683
0.0450609
0.338789
0.0289699
0.896482
0.171854
0.346911
0.527084
0.705506
0.446195
0.206331
0.803707
0.910788
0.608915
0.0355545
0.564444
0.613767
0.581107
0.657525
0.0215361
0.957851
0.609761
0.255511
0.376667
0.644564
0.180488
0.456975
0.380126
0.7695
0.983837
0.351671
0.535907
0.994554
0.473972
0.0398673
0.0490501
0.385642
0.489015
0.868081
0.835114
0.759017
0.804041
0.524264
0.311463
0.752357
0.859061
0.244235
0.864423
0.351824
0.100655
0.708871
0.997822
0.39474
0.387452
0.900864
0.822596
0.37119
0.589198
0.657527
0.0595982
0.667644
0.0862104
0.937486
0.328992
0.370596
0.606215
0.653902
0.131741
0.175529
0.123416
0.249205
0.381227
0.283181
0.42345
0.920353
0.367177
0.140414
0.938689
0.553759
0.021373
0.216468
0.182337
0.538558
0.545564
0.293875
0.164218
0.00400099
0.244571
0.503426
0.0812977
0.370525
0.412957
0.560389
0.452401
0.499005
0.770736
0.766316
0.474672
0.81006
0.683424
0.307969
0.0422441
0.996482
0.880777
0.214805
0.228
0.00220891
0.125139
0.205577
0.139739
0.588091
0.0494885
0.752597
0.893872
0.312799
0.221192
0.573392
0.992926
0.103786
0.325058
0.258202
0.596157
0.607104
0.600799
0.634875
0.335876
0.0620723
0.248897
0.219937
0.486188
0.36099
0.164887
0.248162
0.859782
0.350036
0.0537003
0.541046
0.358723
0.0606173
0.795477
0.577373
0.913057
0.751588
0.943928
0.60303
0.131062
0.754277
0.133903
0.503187
0.0681388
0.208729
0.105664
0.900423
0.413249
0.475186
0.458135
0.877154
0.322275
0.478508
0.278035
0.932103
0.86027
0.552533
0.429205
0.642428
0.29043
0.259563
0.473191
0.92166
0.345421
0.493501
0.276859
0.173655
0.612096
0.492071
0.238019
0.388048
0.923163
0.6043
0.467834
0.890538
0.274669
0.369081
0.141983
0.31117
0.827759
0.137632
0.180534
0.227106
0.969273
0.571427
0.980204
0.285241
0.0404781
0.315106
0.991434
0.0321406
0.186619
0.509212
0.319947
0.343143
0.201998
0.98828
0.0265574
0.350312
0.696935
0.38979
0.205799
0.863215
0.0603915
9.23153e-05
0.551544
0.792874
0.834898
0.137989
0.185343
0.0656601
0.54873
0.500481
0.58757
0.296686
0.399289
0.856043
0.518048
0.83429
0.916605
0.376673
0.740403
0.946761
0.207555
0.381745
0.987779
0.605374
0.516451
0.995834
0.985898
0.990351
0.837429
0.668289
0.927301
0.140916
0.375599
0.698851
0.589989
0.944051
0.659524
0.612825
0.748297
0.621685
0.657848
0.451312
0.198768
0.685737
0.174848
0.674358
0.926789
0.550618
0.238351
0.958676
0.47337
0.928453
0.503701
0.706413
0.686764
0.434417
0.250909
0.0244422
0.800648
0.496975
0.665951
0.639573
0.310412
0.0994033
0.671125
0.605557
0.589909
0.6039
0.745884
0.0767687
0.251216
0.18653
0.00473288
0.545468
0.684213
0.568966
0.615243
0.388596
0.133395
0.966906
0.782511
0.665671
0.926938
0.0447116
0.467425
0.00528576
0.83775
0.0619396
0.0185037
0.992238
0.536894
0.583706
0.347807
0.589763
0.152199
0.007956
0.716504
0.281131
0.975992
0.490182
0.488298
0.825869
0.382555
0.599312
0.637416
0.0569414
0.0141853
0.412704
0.321136
0.337827
0.864541
0.341195
0.471437
0.449512
0.944636
0.504731
0.0202264
0.945534
0.582339
0.371059
0.388776
0.153406
0.299844
0.478262
0.144764
0.0453943
0.941668
0.608731
0.941698
0.117897
0.496642
0.0603375
0.0926416
0.0273676
0.966631
0.171527
0.846481
0.800925
0.15229
0.536366
0.703726
0.521062
0.4929
0.174561
0.852208
0.0589623
0.978916
0.637248
0.223252
0.19475
0.169033
0.937938
0.929106
0.476755
0.825829
0.708605
0.522334
0.865798
0.460535
0.217629
0.682898
0.465596
0.264096
0.669764
0.720659
0.119737
0.425521
0.725412
0.00491553
0.615393
0.918017
0.10509
0.252136
0.642137
0.401615
0.94195
0.354414
0.644045
0.456972
0.335454
0.972379
0.765969
0.635102
0.154735
0.63945
0.243777
0.156049
0.711824
0.633655
0.846156
0.341634
0.84899
0.977156
0.0609412
0.239383
0.315338
0.884481
0.469024
0.882602
0.88534
0.910744
0.866248
0.0334127
0.56738
0.950801
0.119125
0.128924
0.819548
0.139369
0.378384
0.50373
0.189141
0.892391
0.41118
0.708531
0.276085
0.158352
0.423264
0.798234
0.926533
0.232393
0.821724
0.706909
0.0270367
0.406145
0.0829111
0.487609
0.249177
0.925507
0.00336439
0.545245
0.931677
0.695477
0.887709
0.730656
0.142049
0.420441
0.346072
0.430317
0.331263
0.544266
0.475857
0.721213
0.431962
0.980533
0.825784
0.951807
0.0231435
0.973285
0.999471
0.114664
0.154213
0.854056
0.115019
0.117428
0.608556
0.994164
0.914982
0.103352
0.0295559
0.745678
0.614713
0.474314
0.801718
0.470608
0.504651
0.663666
0.22887
0.619311
0.753606
0.854415
0.145355
0.982908
0.74108
0.332686
0.454447
0.889142
0.805621
0.0773686
0.334027
0.991885
0.613337
0.353181
0.917177
0.999776
0.230484
0.746993
0.712613
0.891119
0.0448926
0.509886
0.652084
0.569011
0.365431
0.800457
0.284488
0.393375
0.456629
0.565284
0.73401
0.506898
0.434151
0.771432
0.460043
0.943565
0.49976
0.474363
0.612988
0.482614
0.300585
0.927077
0.383366
0.228964
0.201965
0.423047
0.144614
0.532384
0.772996
0.750473
0.202444
0.481159
0.836566
0.161727
0.138649
0.270988
0.500269
0.027852
0.108731
0.438678
0.862479
0.692373
0.708325
0.810496
0.00718835
0.81459
0.814585
0.725469
0.961824
0.37924
0.878328
0.0618068
0.787084
0.526849
0.748415
0.611398
0.774527
0.471681
0.543923
0.714462
0.960851
0.0192581
0.670337
0.356639
0.0385809
0.428863
0.901318
0.45325
0.777422
0.131233
0.630701
0.19038
0.712932
0.243973
0.459133
0.64693
0.944675
0.151673
0.171394
0.618594
0.709799
0.587673
0.0135831
0.290692
0.653001
0.987012
0.713716
0.426795
0.137169
0.407773
0.443297
0.486723
0.354473
0.629215
0.214916
0.0866618
0.525292
0.582883
0.519981
0.320638
0.97009
0.305807
0.70433
0.674869
0.529395
0.540135
0.0487544
0.415575
0.563372
0.600477
0.218432
0.184917
0.895512
0.864863
0.752852
0.179848
0.699872
0.751896
0.109548
0.181377
0.403417
0.222064
0.223541
0.0580389
0.459719
0.503647
0.797253
0.433106
0.209531
0.595831
0.139266
0.650091
0.0824498
0.734564
0.812057
0.240639
0.42408
0.507885
0.0308238
0.0549868
0.163968
0.810218
0.33421
0.0728643
0.631122
0.267196
0.767099
0.625699
0.119738
0.429509
0.76087
0.935082
0.929373
0.969907
0.226082
0.754832
0.453193
0.806724
0.616235
0.0546697
0.833906
0.455733
0.512406
0.00301248
0.63069
0.00975572
0.964367
0.120704
0.668923
0.582753
0.322635
0.529585
0.727893
0.701495
0.0314846
0.161828
0.84415
0.632513
0.639608
0.885446
0.697041
0.174607
0.615273
0.899585
0.333119
0.734565
0.83633
0.199279
0.284809
0.790103
0.260899
0.934163
0.480375
0.660354
0.571019
0.119225
0.806961
0.594066
0.473844
0.902578
0.620453
0.9491
0.526621
0.919413
0.572429
0.814366
0.0514505
0.729194
0.562704
0.372726
0.406245
0.765279
0.0434815
0.793548
0.162021
0.090711
0.579423
0.368834
0.99857
0.962869
0.943875
0.70971
0.103934
0.823482
0.268629
0.852662
0.683805
0.70491
0.423896
0.424627
0.707063
0.609448
0.991773
0.726072
0.0901046
0.388808
0.690834
0.848885
0.211599
0.33696
0.29439
0.815825
0.571993
0.482739
0.389214
0.523096
0.671872
0.160809
0.717571
0.209636
0.356375
0.590101
0.825732
0.07296
0.238961
0.217667
0.330637
0.0238545
0.92319
0.0600195
0.747651
0.768743
0.263345
0.0407803
0.394688
0.519203
0.239468
0.738564
0.0509299
0.979126
0.176568
0.572726
0.798223
0.728245
0.612517
0.579144
0.669076
0.161631
0.534001
0.948883
0.880864
0.68088
0.54679
0.904961
0.677855
0.707556
0.89844
0.0790503
0.598786
0.802108
0.0273181
0.135191
0.151636
0.54656
0.0353896
0.79252
0.88627
0.541733
0.907951
0.930659
0.586561
0.336144
0.566734
0.0943268
0.35036
0.49453
0.565944
0.81259
0.192983
0.465549
0.480633
0.990659
0.00931684
0.588068
0.661346
0.244956
0.975351
0.729546
0.485806
0.942056
0.13057
0.490812
0.0735517
0.183541
0.765604
0.502317
0.435653
0.0149265
0.869041
0.969458
0.675426
0.888342
0.367647
0.0453662
0.469082
0.864695
0.930216
0.144394
0.834092
0.581726
0.0732085
0.414625
0.595522
0.935584
0.361952
0.333646
0.584802
0.770093
0.959755
0.606772
0.0160402
0.587619
0.116275
0.228107
0.792039
0.807759
0.0113001
0.921469
0.130655
0.91495
0.562391
0.106253
0.788479
0.972991
0.0650727
0.677539
0.404958
0.130961
0.0621088
0.862336
0.273264
0.745847
0.451023
0.345621
0.856642
0.574421
0.290329
0.559532
0.0460081
0.257979
0.861284
0.604926
0.992576
0.224558
0.145759
0.765712
0.324397
0.147828
0.541712
0.560948
0.845877
0.662047
0.0199353
0.0522739
0.568074
0.615811
0.932726
0.321423
0.149835
0.270777
0.947616
0.588421
0.595844
0.344164
0.357296
0.0664489
0.806992
0.106309
0.741855
0.362575
0.801522
0.184731
0.779661
0.765652
0.306521
0.699135
0.363136
0.233403
0.803462
0.785038
0.131925
0.270981
0.384146
0.338396
0.427588
0.46882
0.466015
0.312651
0.729833
0.311488
0.184145
0.926134
0.541439
0.969222
0.712181
0.627411
0.900728
0.5432
0.565015
0.212141
0.451353
0.890723
0.379922
0.345506
0.916728
0.443308
0.683757
0.906062
0.179457
0.125498
0.250045
0.502268
0.616064
0.186109
0.933045
0.679746
0.498416
0.883478
0.613665
0.870819
0.853452
0.965998
0.523482
0.159182
0.374393
0.420638
0.664085
0.269562
0.523765
0.910678
0.756977
0.515099
0.274695
0.800072
0.801965
0.62234
0.669762
0.687611
0.683091
0.718424
0.55244
0.860681
0.470036
0.895679
0.670633
0.324086
0.912351
0.885214
0.797385
0.650394
0.177872
0.488863
0.313475
0.582388
0.200448
0.933288
0.774955
0.675333
0.325631
0.875493
0.406001
0.651951
0.334059
0.52578
0.788116
0.862656
0.659849
0.0885259
0.854621
0.607867
0.421005
0.832197
0.731266
0.386909
0.78066
0.546026
0.0517073
0.0438868
0.605069
0.400631
0.403054
0.127341
0.214251
0.909964
0.766958
0.269381
0.486887
0.11352
0.92795
0.051179
0.165388
0.677209
0.849258
0.484894
0.619438
0.887363
0.90875
0.358035
0.495777
0.529502
0.34535
0.29671
0.809084
0.270452
0.486046
0.979146
0.50511
0.379105
0.617394
0.534034
0.51537
0.831094
0.191146
0.59798
0.246301
0.576378
0.19046
0.0628829
0.873308
0.680742
0.229788
0.0501892
0.530653
0.683862
0.668884
0.936267
0.832663
0.562829
0.464888
0.376526
0.277648
0.424851
0.4694
0.198632
0.404859
0.469789
0.751809
0.661137
0.733898
0.619975
0.91697
0.522791
0.549443
0.4807
0.117594
0.398941
6.30511e-05
0.0596991
0.363345
0.73204
0.391272
0.100809
0.288547
0.616279
0.800072
0.803218
0.690627
0.3621
0.814862
0.385114
0.613593
0.653287
0.801299
0.425928
0.564739
0.576427
0.0123281
0.197676
0.340828
0.292727
0.865021
0.409906
0.286175
0.750441
0.658863
0.505984
0.0681144
0.79939
0.352451
0.63873
0.132848
0.778326
0.326673
0.400471
0.713408
0.245562
0.16289
0.69448
0.117933
0.108257
0.468884
0.527082
0.659581
0.580788
0.296124
0.959887
0.827593
0.358643
0.704512
0.740008
0.32065
0.160059
0.108872
0.806848
0.686403
0.372286
0.0170689
0.877159
0.416405
0.515299
0.629972
0.942017
0.484882
0.407931
0.0928294
0.183331
0.251013
0.772678
0.399215
0.602387
0.316182
0.0695662
0.19982
0.381083
0.85393
0.999381
0.595598
0.221491
0.593373
0.819433
0.211763
0.0995399
0.967387
0.875951
0.100244
0.794901
0.90561
0.590397
0.803321
0.408322
0.660594
0.597853
0.116874
0.303397
0.187676
0.262334
0.0555092
0.942297
0.190452
0.925107
0.277084
0.950122
0.698328
0.800606
0.779835
0.690736
0.195577
0.0569149
0.56952
0.916869
0.820822
0.56218
0.565223
0.709524
0.970876
0.514155
0.409293
0.988781
0.437485
0.807283
0.00617858
0.84345
0.859243
0.292167
0.445562
0.558742
0.777604
0.19056
0.741718
0.0549177
0.00125048
0.0167774
0.97729
0.31481
0.0186315
0.139328
0.681187
0.705801
0.395978
0.20879
0.140748
0.559232
0.00483048
0.185899
0.410135
0.133297
0.321916
0.444638
0.0382921
0.575717
0.0722231
0.852823
0.393393
0.763975
0.126091
0.210009
0.61554
0.375529
0.523256
0.367786
0.38402
0.230622
0.0613742
0.515513
0.227069
0.347972
0.362485
0.286787
0.0333628
0.728874
0.182387
0.37148
0.464339
0.139287
0.989231
0.0116157
0.225321
0.96642
0.62423
0.426093
0.337119
0.965119
0.758006
0.811705
0.323349
0.534988
0.538947
0.0770895
0.643385
0.378849
0.310564
0.647285
0.921223
0.99613
0.959954
0.951451
0.0351996
0.59895
0.553292
0.170437
0.537697
0.0685171
0.567607
0.777524
0.852119
0.55756
0.917504
0.495875
0.175289
0.0903142
0.910122
0.423101
0.0533185
0.124846
0.291577
0.541096
0.195976
0.760746
0.850783
0.114708
0.891296
0.00655738
0.20985
0.940822
0.397891
0.353377
0.213196
0.186357
0.0937796
0.153461
0.221881
0.160681
0.57276
0.371319
0.765804
0.864203
0.664928
0.439263
0.689226
0.821372
0.800218
0.260731
0.108793
0.477751
0.556745
0.214121
0.733017
0.814386
0.384323
0.316927
0.591771
0.890836
0.279722
0.291448
0.368479
0.0247567
0.085583
0.393144
0.563582
0.128401
0.0380277
0.13077
0.843354
0.248327
0.628629
0.364466
0.575516
0.70555
0.180999
0.052857
0.367014
0.411908
0.940027
0.0399156
0.861118
0.80474
0.270982
0.394288
0.799988
0.392869
0.95294
0.0551075
0.191744
0.636689
0.831029
0.0999948
0.612172
0.779231
0.537726
0.566173
0.677375
0.635769
0.370635
0.260564
0.29949
0.532254
0.60038
0.579254
0.527282
0.0235191
0.285441
0.398832
0.170119
0.191908
0.402801
0.878288
0.383982
0.589948
0.251639
0.304143
0.735863
0.641472
0.213521
0.653739
0.383293
0.999581
0.958739
0.519052
0.710047
0.766869
0.7657
0.1195
0.440623
0.557713
0.48852
0.551625
0.160831
0.0814398
0.758637
0.414166
0.891136
0.331042
0.82512
0.78491
0.980505
0.345335
0.0521555
0.577904
0.837937
0.206052
0.111812
0.229465
0.613804
0.202408
0.866467
0.714953
0.209729
0.921365
0.388231
0.996621
0.212366
0.22782
0.976955
0.688456
0.887322
0.219415
0.715722
0.136372
0.00774712
0.205788
0.671651
0.443144
0.925508
0.0144184
0.329226
0.309568
0.908506
0.260091
0.35169
0.849521
0.896794
0.411661
0.784762
0.500542
0.61331
0.900994
0.0116229
0.345433
0.691333
0.235539
0.70993
0.785474
0.465832
0.239193
0.121768
0.551502
0.0977279
0.512347
0.0231982
0.89179
0.307629
0.318798
0.0306133
0.517946
0.12047
0.73827
0.0972724
0.856508
0.335936
0.076416
0.323328
0.174651
0.364208
0.24316
0.791874
0.033784
0.808425
0.203724
0.991034
0.311672
0.271734
0.0312487
0.196874
0.853738
0.766951
0.145736
0.387712
0.278348
0.194588
0.442578
0.414654
0.093634
0.706546
0.926502
0.716617
0.17945
0.0230497
0.396443
0.0102683
0.57985
0.538983
0.682437
0.710499
0.351598
0.306524
0.751328
0.569977
0.6053
0.283535
0.378346
0.858042
0.10626
0.911668
0.410971
0.19394
0.546446
0.121914
0.0107244
0.245376
0.0266411
0.756787
0.314464
0.193192
0.981052
0.532661
0.439707
0.150766
0.924216
0.303179
0.521178
0.439424
0.393003
0.200199
0.747026
0.274314
0.3988
0.638959
0.9843
0.131155
0.322345
0.6451
0.191634
0.792614
0.466189
0.244003
0.960322
0.130959
0.0267817
0.119714
0.0346433
0.250601
0.848566
0.845412
0.832763
0.247932
0.987931
0.158726
0.70089
0.862065
0.729401
0.0376378
0.57839
0.994167
0.970252
0.0232593
0.919011
0.810821
0.476622
0.579481
0.339076
0.852373
0.832596
0.435894
0.0752641
0.964531
0.879295
0.306462
0.712711
0.536907
0.789857
0.123298
0.266101
0.351877
0.00423115
0.112889
0.320474
0.210246
0.599981
0.882033
0.333347
0.5671
0.249562
0.383302
0.154564
0.765078
0.662678
0.624676
0.926037
0.895652
0.224258
0.0987692
0.0133943
0.117862
0.9044
0.252584
0.176155
0.634482
0.747371
0.0631729
0.746169
0.856526
0.627897
0.0718874
0.21154
0.357944
0.962581
0.0997316
0.189219
0.203026
0.262436
0.761352
0.0497179
0.609519
0.181043
0.784128
0.839278
0.751353
0.991623
0.210782
0.615458
0.999026
0.629306
0.753924
0.19667
0.436809
0.448366
0.685098
0.434611
0.510347
0.400115
0.732985
0.280947
0.870739
0.513757
0.713554
0.69373
0.526556
0.830882
0.638493
0.158549
0.733414
0.481864
0.685276
0.436959
0.971975
0.976555
0.964455
0.598174
0.51759
0.143124
0.486721
0.322679
0.260856
0.200157
0.0409403
0.0830804
0.332695
0.59849
0.826798
0.997932
0.245082
0.093724
0.218546
0.1107
0.529576
0.575987
0.608223
0.405416
0.83227
0.953584
0.881611
0.23693
0.0815432
0.496731
0.551141
0.0312666
0.497154
0.66602
0.795226
0.355329
0.0085994
0.53013
0.897556
0.217736
0.485036
0.000484325
0.140048
0.791774
0.337627
0.501401
0.0436339
0.354763
0.502076
0.390699
0.484771
0.54699
0.263771
0.194063
0.614335
0.133555
0.662364
0.344527
0.472417
0.914221
0.312205
0.233422
0.127218
0.148869
0.0348962
0.499996
0.42473
0.445157
0.746423
0.131903
0.892184
0.931005
0.399123
0.0656579
0.512149
0.689573
0.656612
0.674189
0.0948093
0.460665
0.393322
0.567184
0.658315
0.306806
0.48949
0.862604
0.790347
0.358843
0.0782508
0.160356
0.10891
0.456069
0.143546
0.576871
0.466803
0.551996
0.396064
0.654125
0.875161
0.825116
0.724854
0.618048
0.539681
0.410237
0.853727
0.58758
0.465458
0.956781
0.615388
0.832434
0.715707
0.893413
0.590751
0.745339
0.917249
0.196567
0.69826
0.650196
0.838663
0.404045
0.777802
0.518829
0.957853
0.639276
0.317895
0.859902
0.368011
0.164476
0.352312
0.300076
0.371308
0.581647
0.741377
0.317796
0.199528
0.464803
0.949311
0.0757413
0.984582
0.861454
0.459356
0.396389
0.105097
0.36165
0.244264
0.341339
0.877213
0.322032
0.394695
0.630996
0.14757
0.209812
0.308467
0.404967
0.28207
0.74829
0.50237
0.340027
0.826035
0.177726
0.0477598
0.698334
0.89371
0.578938
0.203487
0.0104674
0.925327
0.965234
0.679801
0.410311
0.104306
0.0763796
0.712625
0.0884954
0.342378
0.339856
0.961007
0.651127
0.495635
0.133869
0.934421
0.811934
0.166938
0.732201
0.10086
0.159873
0.990742
0.401661
0.708548
0.5693
0.22211
0.00381441
0.108778
0.226928
0.984133
0.319915
0.816769
0.436939
0.632834
0.0473894
0.473698
0.443811
0.134
0.141111
0.657487
0.388383
0.557836
0.55242
0.527809
0.882303
0.866612
0.152523
0.450609
0.386182
0.560217
0.566176
0.726833
0.875439
0.504704
0.553909
0.54293
0.032548
0.0338095
0.236339
0.150639
0.784647
0.568606
0.553112
0.154756
0.986112
0.582662
0.800835
0.629692
0.229382
0.219181
0.775952
0.42699
0.415525
0.723043
0.187282
0.645568
0.0625126
0.648672
0.230843
0.784851
0.987813
0.177673
0.146919
0.261487
0.808886
0.95016
0.340826
0.255121
0.816424
0.639761
0.468655
0.68976
0.803801
0.480565
0.849594
0.122644
0.280625
0.464895
0.485584
0.218579
0.65827
0.540208
0.274605
0.284539
0.243505
0.585519
0.823701
0.942192
0.424097
0.794035
0.346057
0.187813
0.575462
0.790122
0.585909
0.36628
0.0756837
0.0166189
0.313627
0.121153
0.226644
0.197766
0.855905
0.189992
0.195537
0.391512
0.13995
0.138465
0.182944
0.73396
0.666113
0.35976
0.492264
0.473184
0.805081
0.99477
0.106054
0.442547
0.885545
0.361404
0.113272
0.760605
0.490135
0.700504
0.365411
0.461317
0.355322
0.902618
0.302266
0.181694
0.731997
0.677664
0.499855
0.0684127
0.812306
0.430434
0.298983
0.0082803
0.16702
0.106425
0.688835
0.242212
0.855818
0.73725
0.966704
0.398175
0.122536
0.467091
0.400128
0.952013
0.4852
0.750186
0.384283
0.648789
0.19503
0.874603
0.455115
0.11336
0.243546
0.273144
0.736533
0.902954
0.954146
0.33993
0.204977
0.0525972
0.00138222
0.230989
0.232563
0.690284
0.607771
0.803024
0.420135
0.202446
0.504634
0.388114
0.0364228
0.15807
0.690686
0.355247
0.64372
0.996656
0.794465
0.573983
0.928161
0.597222
0.51749
0.448677
0.909178
0.561231
0.61629
0.984228
0.926045
0.0377582
0.601835
0.0392847
0.257175
0.338069
0.929437
0.0486371
0.444322
0.725096
0.685452
0.383695
0.767798
0.383812
0.732441
0.13476
0.906047
0.934902
0.894319
0.81753
0.222273
0.74873
0.910464
0.167743
0.264761
0.830849
0.0830602
0.992301
0.601038
0.643703
0.716318
0.159469
0.196542
0.288465
0.235787
0.870665
0.259189
0.189297
0.516397
0.0808623
0.0520027
0.0100798
0.410553
0.164644
0.17187
0.622462
0.719532
0.166747
0.509116
0.705498
0.305343
0.89704
0.55553
0.794258
0.0907304
0.905686
0.869238
0.286217
0.446385
0.388505
0.606808
0.624464
0.3678
0.606581
0.809137
0.164683
0.835564
0.32255
0.0992927
0.81292
0.743669
0.838469
0.153951
0.456629
0.56574
0.395205
0.213203
0.298606
0.663077
0.331013
0.343873
0.478167
0.549232
0.947192
0.448358
0.550855
0.21265
0.00358887
0.31818
0.643647
0.78015
0.980001
0.873098
0.164442
0.770668
0.615108
0.126408
0.537336
0.00285354
0.959505
0.406379
0.0183504
0.415638
0.631504
0.695931
0.51711
0.0686019
0.991745
0.266364
0.774831
0.580436
0.388179
0.125295
0.837902
0.626231
0.0716255
0.809783
0.0273119
0.030463
0.992058
0.523037
0.676902
0.687171
0.28081
0.570945
0.869101
0.979357
0.0532044
0.206585
0.0672329
0.984001
0.104108
0.747313
0.0893984
0.518103
0.762937
0.686354
0.546088
0.100922
0.199744
0.0920991
0.909442
0.996036
0.383568
0.623443
0.206691
0.848175
0.273317
0.636888
0.172175
0.744892
0.399641
0.766723
0.319811
0.0618097
0.835745
0.359427
0.89645
0.641947
0.207589
0.947776
0.276814
0.409336
0.703186
0.445529
0.0134511
0.0729472
0.0234657
0.387676
0.675052
0.602853
0.148201
0.808741
0.501992
0.977159
0.118718
0.295864
0.589469
0.204125
0.734978
0.778106
0.624393
0.173743
0.105976
0.143763
0.225363
0.672506
0.815463
0.492198
0.377588
0.122621
0.891229
0.888967
0.874725
0.508075
0.220861
0.0137033
0.311402
0.730948
0.0361065
0.841797
0.0873534
0.149162
0.973625
0.718473
0.383881
0.880572
0.769957
0.661214
0.0304025
0.974182
0.0743439
0.498326
0.359626
0.238394
0.693936
0.981091
0.198064
0.869276
0.92917
0.562095
0.131399
0.420289
0.789187
0.871615
0.24117
0.351239
0.268325
0.730232
0.00369518
0.104933
0.613201
0.0683154
0.176661
0.147061
0.650853
0.878382
0.973246
0.346718
0.283259
0.725766
0.954797
0.279936
0.887747
0.367342
0.916327
0.701644
0.523299
0.0849265
0.359236
0.674619
0.314872
0.0453966
0.981325
0.132706
0.390214
0.325464
0.069723
0.834766
0.919447
0.148717
0.480291
0.24727
0.866161
0.574403
0.997114
0.495774
0.465458
0.947436
0.560889
0.853186
0.494384
0.114698
0.735856
0.539023
0.359919
0.161739
0.347079
0.352455
0.708131
0.549804
0.563229
0.189915
0.903363
0.818658
0.192472
0.875251
0.343384
0.250484
0.892698
0.57247
0.505524
0.338544
0.913818
0.542279
0.0788669
0.515186
0.732451
0.302051
0.564655
0.148756
0.149227
0.0511018
0.868428
0.661807
0.98558
0.644905
0.917609
0.258698
0.9321
0.797479
0.222906
0.385721
0.813781
0.216385
0.783384
0.330749
0.896191
0.282127
0.706908
0.995698
0.698981
0.774457
0.306343
0.69861
0.546289
0.482182
0.0298111
0.0343886
0.968956
0.242847
0.524603
0.00892664
0.0301043
0.962519
0.0646475
0.530411
0.611445
0.551723
0.809353
0.793575
0.609878
0.214912
0.0238707
0.195665
0.5394
0.691334
0.246593
0.493911
0.163365
0.678861
0.611575
0.742801
0.258974
0.574081
0.577936
0.377644
0.0610684
0.376673
0.743935
0.321023
0.431417
0.83127
0.148025
0.855395
0.618839
0.828483
0.316138
0.330432
0.571941
0.60788
0.640489
0.697645
0.317018
0.12189
0.60754
0.918296
0.800062
0.646526
0.154806
0.819832
0.908528
0.632279
0.717501
0.0473746
0.224129
0.939485
0.932133
0.352114
0.982063
0.532063
0.389146
0.374965
0.0366755
0.405642
0.62207
0.129773
0.0995605
0.314049
0.214836
0.74503
0.712769
0.501337
0.963422
0.237638
0.986321
0.0989623
0.259955
0.0647726
0.633627
0.365707
0.441983
0.403751
0.841808
0.267522
0.236532
0.39059
0.644229
0.556413
0.631641
0.991737
0.126309
0.872632
0.318292
0.534445
0.417489
0.732232
0.631565
0.706286
0.556083
0.093149
0.555786
0.0966431
0.280827
0.863362
0.525767
0.573874
0.100952
0.696602
0.794775
0.781654
0.251757
0.276193
0.981231
0.542531
0.311054
0.881235
0.91919
0.832542
0.539042
0.673875
0.809875
0.564497
0.495691
0.0783561
0.9307
0.27544
0.317262
0.219834
0.751627
0.598277
0.248619
0.531575
0.179127
0.589741
0.781264
0.710431
0.210988
0.0810466
0.15019
0.23798
0.737573
0.397734
0.707377
0.89085
0.513679
0.399841
0.129408
0.956177
0.472179
0.918726
0.0217198
0.0454403
0.714875
0.910946
0.261183
0.699334
0.698813
0.943959
0.115273
0.399073
0.214275
0.314972
0.738818
0.321179
0.0549676
0.839756
0.785192
0.724935
0.979395
0.698893
0.289466
0.0479553
0.98421
0.618699
0.476952
0.125836
0.930643
0.315796
0.586245
0.0216938
0.608182
0.713461
0.138084
0.782926
0.639241
0.720411
0.948404
0.829019
0.330361
0.379138
0.175562
0.667453
0.885575
0.855983
0.509972
0.101293
0.423582
0.134906
0.368346
0.795616
0.92617
0.136188
0.913549
0.0133441
0.274798
0.524034
0.441891
0.867022
0.0377752
0.887529
0.693323
0.683696
0.885108
0.0176968
0.429365
0.33743
0.191251
0.360005
0.596019
0.297509
0.240448
0.215125
0.609572
0.0717415
0.759384
0.95882
0.896011
0.265192
0.0870362
0.817505
0.804958
0.924602
0.788437
0.259384
0.46412
0.457405
0.600985
0.761323
0.557874
0.179989
0.0781839
0.0374103
0.754744
0.97424
0.0591724
0.510373
0.831106
0.392967
0.592117
0.712743
0.0637363
0.216111
0.185048
0.109723
0.120136
0.128326
0.768987
0.363568
0.490843
0.606193
0.290033
0.58274
0.117738
0.82238
0.743894
0.629067
0.737232
0.660612
0.905655
0.338876
0.4857
0.160772
0.0953578
0.678304
0.250349
0.609313
0.730838
0.198299
0.818391
0.693053
0.133566
0.835466
0.683373
0.441658
0.940927
0.164246
0.48445
0.144223
0.948665
0.216646
0.163945
0.415808
0.485137
0.692653
0.411615
0.0216969
0.659919
0.259107
0.803677
0.398545
0.340904
0.575557
0.383375
0.378136
0.328066
0.811286
0.287444
0.0730825
0.298075
0.751302
0.13591
0.232252
0.454808
0.951273
0.0394612
0.224652
0.718271
0.973562
0.649316
0.0507374
0.742708
0.691248
0.80878
0.169218
0.0515096
0.722341
0.391562
0.984268
0.587118
0.685974
0.170344
0.964843
0.114771
0.96296
0.476274
0.73239
0.274032
0.65437
0.004899
0.337563
0.419594
0.112326
0.866941
0.684747
0.545127
0.954157
0.515768
0.510993
0.259666
0.214817
0.432898
0.709413
0.109138
0.278005
0.433991
0.0893073
0.987984
0.0462336
0.0477799
0.0374738
0.822876
0.0696946
0.357851
0.394058
0.927339
0.794467
0.614096
0.113331
0.752043
0.589511
0.913402
0.554578
0.788345
0.716045
0.572758
0.335992
0.0231823
0.625583
0.169681
0.836805
0.189016
0.797494
0.473729
0.958333
0.707987
0.132633
0.160831
0.0822375
0.165729
0.4002
0.153932
0.14142
0.849318
0.485449
0.942716
0.226357
0.387012
0.517955
0.275909
0.205804
0.947203
0.635592
0.386748
0.0773385
0.828394
0.811203
0.894759
0.206706
0.110393
0.375807
0.188713
0.699793
0.413454
0.925391
0.0439637
0.898041
0.380576
0.336565
0.653351
0.864189
0.417638
0.240913
0.0188823
0.354649
0.583017
0.759263
0.941643
0.192327
0.43996
0.40848
0.317192
0.0429857
0.461138
0.345909
0.692466
0.278101
0.0511748
0.094278
0.530771
0.665712
0.629947
0.522878
0.0159731
0.460685
0.726651
0.816112
0.393687
0.689371
0.254612
0.259744
0.515652
0.568458
0.0766822
0.796993
0.0588128
0.465905
0.468576
0.364994
0.455497
0.532295
0.277862
0.0304946
0.522763
0.0694498
0.242243
0.378659
0.128048
0.0982881
0.927818
0.838905
0.470194
0.55353
0.184052
0.360688
0.0821141
0.0920276
0.708321
0.746907
0.27047
0.785073
0.723142
0.841046
0.461447
0.536258
0.890648
0.117491
0.665634
0.305637
0.835769
0.774008
0.753408
0.526146
0.92922
0.39855
0.424436
0.489562
0.0637258
0.0394759
0.471941
0.916621
0.643905
0.116039
0.267939
0.244176
0.858398
0.094204
0.286003
0.857151
0.138166
0.162962
0.907453
0.558136
0.585279
0.783078
0.19339
0.311941
0.800668
0.835318
0.188025
0.144297
0.20198
0.672616
0.64894
0.734251
0.561994
0.425897
0.0587642
0.649849
0.0140211
0.65286
0.61531
0.515531
0.523019
0.378901
0.180864
0.784059
0.683626
0.706437
0.0824271
0.351777
0.323459
0.371199
0.74817
0.499324
0.133391
0.896251
0.297268
0.18843
0.936446
0.839797
0.467005
0.957529
0.184772
0.457144
0.216892
0.302002
0.745066
0.319939
0.21323
0.761391
0.691418
0.656942
0.231598
0.470358
0.301979
0.36
0.525365
0.812267
0.763207
0.224633
0.404657
0.0713222
0.711626
0.305842
0.291216
0.46358
0.3968
0.0256763
0.541191
0.790026
0.960064
0.798603
0.113106
0.972499
0.790212
0.0873105
0.427692
0.217056
0.0645813
0.418063
0.380064
0.741481
0.0735532
0.207814
0.724244
0.363046
0.71787
0.245002
0.748217
0.285865
0.525562
0.125151
0.414007
0.221205
0.795952
0.571441
0.207095
0.645109
0.353683
0.347478
0.057539
0.0576807
0.439981
0.760953
0.336315
0.443158
0.150804
0.560104
0.670365
0.816348
0.353855
0.237235
0.203973
0.17684
0.151118
0.841962
0.853466
0.196422
0.257613
0.696249
0.856289
0.646989
0.939646
0.625311
0.608155
0.257285
0.197073
0.198416
0.78611
0.157067
0.824729
0.220678
0.940245
0.703336
0.970961
0.949689
0.42801
0.569112
0.0717302
0.569073
0.40986
0.513765
0.855318
0.325411
0.187343
0.676322
0.939967
0.0303581
0.229236
0.766227
0.969737
0.374387
0.318189
0.810482
0.777562
0.487551
0.263551
0.506369
0.545852
0.127877
0.223118
0.939628
0.321498
0.42161
0.00514892
0.537955
0.417284
0.284307
0.351712
0.216923
0.820057
0.693314
0.535323
0.166098
0.615491
0.549331
0.60711
0.690371
0.0597147
0.624765
0.427438
0.957063
0.36563
0.146732
0.11783
0.376773
0.419238
0.128371
0.528064
0.168734
0.91488
0.389531
0.851221
0.466278
0.730818
0.86349
0.670578
0.412191
0.691523
0.4225
0.955579
0.415351
0.801492
0.672488
0.51165
0.305654
0.125452
0.463504
0.110096
0.387164
0.0693699
0.900269
0.82024
0.766772
0.143388
0.926084
0.701908
0.963118
0.125351
0.767803
0.464267
0.933379
0.297554
0.982317
0.810176
0.620603
0.471911
0.410987
0.463224
0.397461
0.121464
0.437391
0.234429
0.0524328
0.238803
0.557992
0.172438
0.162033
0.295608
0.286628
0.352833
0.0709976
0.257122
0.445091
0.648206
0.397571
0.97739
0.993304
0.454345
0.180108
0.0698348
0.714168
0.026908
0.243329
0.627387
0.497999
0.877316
0.0447413
0.966334
0.18334
0.388333
0.707707
0.42353
0.269392
0.674121
0.949413
0.792639
0.875984
0.658412
0.92832
0.275815
0.615287
0.122146
0.911634
0.837874
0.156381
0.29476
0.0361302
0.240538
0.717781
0.73927
0.905452
0.934597
0.765279
0.0500911
0.880877
0.903441
0.125305
0.00827024
0.997906
0.803037
0.649761
0.529485
0.0556677
0.607214
0.452395
0.409433
0.345896
0.477427
0.109306
0.101894
0.537731
0.647426
0.285404
0.784596
0.709701
0.946216
0.0499725
0.887175
0.751305
0.174769
0.349135
0.91729
0.896043
0.802164
0.974882
0.844537
0.1327
0.281953
0.791624
0.822338
0.026754
0.653852
0.293235
0.407115
0.375771
0.58462
0.700966
0.133043
0.0566813
0.641944
0.144456
0.872253
0.953602
0.182347
0.710407
0.816122
0.570778
0.0636731
0.154019
0.60043
0.419584
0.940477
0.596383
0.407845
0.645672
0.804139
0.159909
0.594836
0.400487
0.988959
0.438009
0.62413
0.7574
0.617101
0.609892
0.455136
0.473697
0.418284
0.107074
0.588044
0.248019
0.456285
0.783491
0.135166
0.737055
0.689603
0.151191
0.0708892
0.435497
0.394111
0.827725
0.570119
0.992615
0.877654
0.72306
0.473887
0.621997
0.901644
0.924621
0.102392
0.90752
0.681537
0.600641
0.971211
0.142219
0.270084
0.307336
0.394655
0.970379
0.160549
0.347608
0.247364
0.439015
0.528149
0.601761
0.797024
0.585187
0.230965
0.824022
0.344162
0.332111
0.785419
0.533652
0.0951823
0.728491
0.741458
0.684499
0.377783
0.393113
0.0508835
0.199195
0.871725
0.0852452
0.716078
0.124316
0.382082
0.651967
0.615878
0.0596603
0.711047
0.56183
0.66913
0.0660049
0.34511
0.257569
0.959166
0.703787
0.552158
0.116251
0.835976
0.248941
0.959071
0.114068
0.134193
0.378327
0.549898
0.138362
0.449636
0.0395337
0.442183
0.770424
0.513632
0.608058
0.633492
0.104773
0.91421
0.132037
0.146053
0.710253
0.223113
0.862364
0.748926
0.20295
0.980062
0.904194
0.787793
0.432083
0.0118419
0.0265171
0.672488
0.499799
0.114581
0.761527
0.987679
0.927336
0.741933
0.661359
0.461705
0.873629
0.0774697
0.0340584
0.419068
0.277018
0.837318
0.805753
0.284059
0.179581
0.21333
0.438972
0.804741
0.285113
0.891337
0.695436
0.190968
0.593922
0.0551914
0.601295
0.967285
0.151988
0.460317
0.550219
0.537597
0.39048
0.793089
0.443049
0.327925
0.440838
0.157545
0.861645
0.667057
0.226416
0.371841
0.530002
0.747389
0.360376
0.845384
0.367243
0.25242
0.424174
0.084272
0.358832
0.883496
0.914743
0.0901926
0.86776
0.438386
0.954747
0.435163
0.7779
0.158007
0.615488
0.511269
0.897317
0.213921
0.37774
0.67244
0.701406
0.531336
0.168703
0.395116
0.711801
0.237194
0.521704
0.283051
0.239437
0.219256
0.0343947
0.0714046
0.0964489
0.0166029
0.0451406
0.677231
0.213128
0.0338952
0.677229
0.188399
0.41406
0.110195
0.0417262
0.29234
0.360048
0.325011
0.463798
0.0483694
0.944447
0.322215
0.471229
0.952129
0.425113
0.881299
0.990855
0.302259
0.0615819
0.00708433
0.0663543
0.216018
0.620058
0.311593
0.949247
0.98892
0.780128
0.60428
0.133024
0.742726
0.993808
0.927038
0.729017
0.583376
0.801452
0.998197
0.688776
0.254307
0.130704
0.748214
0.227062
0.231392
0.0118343
0.89934
0.19905
0.440765
0.931695
0.992681
0.986925
0.241374
0.766572
0.772727
0.218804
0.431204
0.252178
0.359277
0.37683
0.385947
0.607912
0.173928
0.211229
0.120188
0.000107375
0.804645
0.671462
0.260628
0.376511
0.0210134
0.172001
0.819808
0.510585
0.408944
0.113428
0.378343
0.818384
0.582285
0.463152
0.203405
0.620859
0.772017
0.295109
0.889375
0.731716
0.950898
0.737106
0.540986
0.348368
0.021644
0.77093
0.0133327
0.0827777
0.245592
0.661002
0.465442
0.682483
0.491228
0.0635319
0.780038
0.0962685
0.984284
0.859934
0.911251
0.393755
0.841034
0.264071
0.238773
0.0606776
0.808567
0.583517
0.175433
0.502358
0.124075
0.33485
0.815836
0.762303
0.0316994
0.77146
0.93297
0.433497
0.790971
0.846207
0.194271
0.114454
0.620249
0.523625
0.560627
0.46556
0.660801
0.0780286
0.426282
0.513824
0.833879
0.996025
0.197132
0.194641
0.328035
0.286166
0.590671
0.409975
0.446158
0.576711
0.777954
0.0773089
0.330737
0.701436
0.0365138
0.68819
0.407389
0.993821
0.152334
0.274702
0.924514
0.308231
0.443545
0.665919
0.10659
0.458024
0.00253807
0.657363
0.300096
0.707714
0.543642
0.994305
0.285431
0.23325
0.240993
0.376697
0.139599
0.238383
0.503967
0.178027
0.095547
0.857743
0.0862786
0.0851611
0.302994
0.419458
0.837261
0.84212
0.517585
0.0512736
0.755905
0.502265
0.573216
0.0337681
0.540395
0.420996
0.683823
0.0122559
0.984703
0.900626
0.815705
0.550827
0.743597
0.633815
0.53056
0.119669
0.277846
0.75141
0.956053
0.384348
0.729798
0.719247
0.376391
0.00964768
0.148554
0.749962
0.603827
0.527099
0.956329
0.0188077
0.100537
0.719955
0.288235
0.360404
0.305092
0.682517
0.0607917
0.726829
0.807862
0.732528
0.594225
0.137508
0.0962345
0.412441
0.890662
0.351903
0.435222
0.77287
0.631645
0.0522491
0.14996
0.384591
0.824665
0.150267
0.538816
0.873134
0.765002
0.395232
0.671657
0.545593
0.77911
0.506418
0.36544
0.956694
0.159114
0.229339
0.498508
0.426475
0.759131
0.712503
0.0329138
0.183005
0.758446
0.202135
0.279756
0.854403
0.944446
0.311161
0.687248
0.574238
0.212085
0.508917
0.369822
0.594787
0.585229
0.941495
0.711909
0.0467395
0.551014
0.886456
0.658837
0.0754489
0.0693279
0.194525
0.374902
0.980395
0.501261
0.687316
0.721913
0.186087
0.55778
0.600868
0.783005
0.971073
0.81724
0.344398
0.2998
0.743002
0.637043
0.775782
0.576092
0.385974
0.0663664
0.420916
0.327262
0.295592
0.0216745
0.283173
0.281344
0.542775
0.426661
0.896633
0.718482
0.528722
0.22532
0.948301
0.0917237
0.600477
0.225041
0.272246
0.636931
0.899457
0.181699
0.808919
0.50434
0.438787
0.695158
0.527334
0.906697
0.850977
0.364345
0.551273
0.253341
0.908043
0.475251
0.54621
0.149894
0.271787
0.93209
0.63372
0.938561
0.395728
0.00839787
0.143059
0.387251
0.52006
0.653724
0.135205
0.394139
0.302361
0.789533
0.682468
0.241203
0.898011
0.871865
0.442817
0.417215
0.132644
0.342253
0.237893
0.275031
0.453206
0.0284874
0.787658
0.171946
0.891161
0.740837
0.239528
0.752908
0.12536
0.93384
0.0545877
0.454895
0.425211
0.513867
0.561161
0.432832
0.60641
0.932257
0.447011
0.919515
0.282261
0.957244
0.400684
0.299109
0.121639
0.382874
0.961966
0.767352
0.879538
0.392555
0.665726
0.852964
0.762589
0.825587
0.64519
0.713776
0.438403
0.244429
0.124658
0.134588
0.0190251
0.755638
0.0129882
0.293121
0.491132
0.457402
0.559049
0.931373
0.577834
0.650149
0.0468798
0.908129
0.926397
0.96086
0.171165
0.763609
0.982708
0.368139
0.31943
0.65222
0.855928
0.581325
0.331544
0.254166
0.774387
0.115363
0.911073
0.398473
0.127931
0.135355
0.906352
0.0639413
0.661758
0.158926
0.0675632
0.533889
0.0699372
0.434598
0.292572
0.264149
0.545876
0.537671
0.637526
0.907626
0.466354
0.0101153
0.00758106
0.414946
0.00455716
0.592122
0.80106
0.42029
0.812663
0.423164
0.115867
0.37066
0.688022
0.58521
0.619563
0.992858
0.968988
0.779819
0.412449
0.0359587
0.357846
0.319871
0.0678344
0.0933643
0.174079
0.748171
0.501603
0.439366
0.427775
0.619542
0.646653
0.291298
0.841337
0.359037
0.331877
0.855791
0.285861
0.468241
0.729865
0.846181
0.766015
0.421643
0.546907
0.86835
0.360516
0.188824
0.571331
0.365299
0.586246
0.0292151
0.0179013
0.86749
0.901588
0.995062
0.0102532
0.325495
0.592108
0.564369
0.344726
0.813905
0.305015
0.379403
0.619256
0.828036
0.797733
0.493497
0.207459
0.756698
0.827193
0.628829
0.735127
0.282797
0.976253
0.891939
0.81893
0.757987
0.490228
0.265494
0.163541
0.632207
0.494728
0.891477
0.0615541
0.539513
0.595465
0.973889
0.155558
0.457134
0.0513103
0.372876
0.929854
0.0567367
0.573325
0.881376
0.279497
0.50085
0.785198
0.820774
0.745668
0.449473
0.291085
0.266235
0.605747
0.783479
0.936879
0.11718
0.447023
0.113358
0.205484
0.563352
0.260083
0.220979
0.0018215
0.613898
0.77925
0.85567
0.249766
0.824959
0.0929846
0.792751
0.762451
0.514397
0.470656
0.32196
0.186508
0.633342
0.586748
0.472393
0.504427
0.897796
0.265424
0.982362
0.560364
0.032464
0.623005
0.837457
0.137341
0.297074
0.928536
0.899578
0.201155
0.818579
0.861096
0.439618
0.653695
0.644158
0.371701
0.185536
0.305611
0.408311
0.488289
0.666099
0.133667
0.539486
0.146013
0.0355054
0.739044
0.104712
0.889724
0.596015
0.226057
0.348114
0.751851
0.356283
0.0564488
0.734766
0.210524
0.280822
0.779375
0.950567
0.187218
0.575157
0.661083
0.81847
0.0248843
0.230394
0.23146
0.154153
0.854299
0.198832
0.764467
0.393089
0.644622
0.159048
0.127589
0.389914
0.287819
0.371905
0.607479
0.897343
0.638303
0.950392
0.242191
0.508815
0.652469
0.0421897
0.0819663
0.608076
0.940838
0.665579
0.390209
0.240679
0.0874316
0.462077
0.130856
0.302819
0.479788
0.789961
0.882588
0.648648
0.83518
0.867491
0.915263
0.830916
0.199397
0.259139
0.341447
0.693482
0.35397
0.166095
0.551104
0.405521
0.591559
0.336132
0.364913
0.100189
0.883918
0.00717203
0.540292
0.690424
0.956567
0.0261547
0.582095
0.271862
0.176402
0.781087
0.724037
0.89119
0.225274
0.174637
0.128314
0.574688
0.77915
0.178431
0.882339
0.476518
0.831587
0.486406
0.0266901
0.580706
0.924635
0.339084
0.983083
0.680295
0.71879
0.707675
0.893623
0.13007
0.0948129
0.520721
0.755779
0.372839
0.300234
0.0309835
0.739847
0.603198
0.945378
0.97292
0.859621
0.647057
0.0819647
0.580271
0.607936
0.580988
0.658467
0.850357
0.958234
0.0432824
0.448071
0.73577
0.0933468
0.879611
0.616126
0.228714
0.00157228
0.425357
0.972633
0.0476135
0.240821
0.475544
0.463287
0.461604
0.18146
0.805903
0.804135
0.0967763
0.519312
0.0772751
0.761971
0.445231
0.994723
0.314726
0.607827
0.740446
0.667889
0.218228
0.755909
0.555256
0.187148
0.391699
0.283264
0.824682
0.434137
0.548074
0.474436
0.854222
0.916914
0.568503
0.837468
0.33164
0.881492
0.240949
0.623432
0.0146707
0.569732
0.492428
0.235308
0.816883
0.348591
0.76985
0.863065
0.530971
0.0283969
0.266314
0.933248
0.0989542
0.122977
0.87564
0.88904
0.0970431
0.00277724
0.677132
0.549221
0.756425
0.238202
0.462304
0.93832
0.350319
0.817047
0.114703
0.817109
0.147052
0.508746
0.500805
0.0327306
0.102937
0.0630512
0.700729
0.158744
0.0117687
0.797134
0.429261
0.595804
0.680014
0.996012
0.980383
0.296363
0.980112
0.737914
0.113659
0.263527
0.0996516
0.84451
0.677436
0.663332
0.619724
0.698117
0.246699
0.272118
0.48551
0.973811
0.849708
0.0484271
0.914689
0.176018
0.340956
0.444148
0.790667
0.741896
0.0466675
0.340092
0.921631
0.860186
0.151301
0.91542
0.461531
0.956408
0.34403
0.110036
0.37453
0.724421
0.344198
0.933925
0.47827
0.28254
0.641618
0.672288
0.140191
0.191282
0.868715
0.489768
0.533645
0.971993
0.290511
0.612591
0.815592
0.660827
0.51335
0.867617
0.0348895
0.388202
0.516628
0.973909
0.488886
0.706062
0.786681
0.755441
0.694976
0.453876
0.298631
0.0909905
0.277928
0.137486
0.7351
0.830611
0.070699
0.237596
0.279779
0.246533
0.487544
0.159849
0.58448
0.361514
0.964412
0.873969
0.793851
0.251403
0.334175
0.472304
0.00655743
0.210647
0.347914
0.383924
0.616173
0.0235741
0.210555
0.794319
0.115672
0.102903
0.495538
0.512811
0.809292
0.765556
0.699594
0.0710545
0.212207
0.564157
0.783298
0.896468
0.94576
0.394133
0.199913
0.935931
0.190469
0.204989
0.250885
0.621257
0.473569
0.270397
0.55569
0.479915
0.937052
0.0268799
0.770743
0.883351
0.486518
0.903813
0.382191
0.487723
0.163906
0.77559
0.336597
0.187588
0.784864
0.206841
0.381926
0.0263659
0.132013
0.744122
0.45146
0.688872
0.879353
0.291291
0.724758
0.00838606
0.944429
0.021479
0.997752
0.217549
0.351066
0.368767
0.868103
0.198983
0.308018
0.861833
0.8253
0.816773
0.504516
0.40501
0.00707319
0.879121
0.380125
0.755369
0.486789
0.456223
0.737809
0.353571
0.473888
0.630316
0.718454
0.0646831
0.128692
0.930034
0.0767482
0.906264
0.577126
0.75859
0.619306
0.682154
0.96208
0.682081
0.72962
0.725787
0.308068
0.706151
0.273953
0.319804
0.9409
0.70374
0.762084
0.349818
0.383214
0.682678
0.76605
0.00453978
0.300161
0.805589
0.532078
0.62937
0.824791
0.259295
0.973316
0.51878
0.131199
0.0619346
0.934175
0.671141
0.87051
0.65957
0.393554
0.460231
0.0951986
0.00278846
0.865619
0.453401
0.313452
0.190257
0.65735
0.0846003
0.877723
0.888057
0.573303
0.510441
0.981972
0.995334
0.585113
0.994972
0.493467
0.698748
0.862949
0.591057
0.897284
0.659742
0.279778
0.232403
0.990496
0.264401
0.786382
0.720531
0.964328
0.464417
0.463255
0.930444
0.973852
0.534256
0.248192
0.357894
0.120998
0.61825
0.924017
0.953371
0.313574
0.232164
0.98087
0.476867
0.702952
0.51009
0.0854222
0.69062
0.253042
0.873931
0.151695
0.542784
0.577314
0.921619
0.652212
0.73103
0.413864
0.804034
0.393554
0.463763
0.469461
0.226651
0.315143
0.613647
0.563473
0.292645
0.489999
0.41484
0.217803
0.622569
0.512895
0.223629
0.5387
0.936753
0.00815211
0.0125226
0.467712
0.839287
0.89665
0.997566
0.0954311
0.910422
0.460746
0.751137
0.352134
0.313682
0.0515098
0.725874
0.765824
0.20813
0.0366422
0.84622
0.420365
0.0672308
0.94742
0.2932
0.816354
0.466902
0.213623
0.367559
0.561628
0.278982
0.842633
0.129877
0.841187
0.825286
0.578828
0.360666
0.713915
0.761673
0.440634
0.733551
0.794536
0.758694
0.374266
0.283348
0.235487
0.83302
0.561371
0.96201
0.494292
0.570448
0.522104
0.00500108
0.0532066
0.242709
0.216946
0.208655
0.86215
0.160148
0.613806
0.242521
0.0516374
0.869773
0.281751
0.386091
0.0336303
0.223735
0.312121
0.81635
0.386903
0.673881
0.91107
0.349812
0.295352
0.987319
0.875804
0.630879
0.185662
0.426035
0.372689
0.791554
0.643666
0.0914843
0.576265
0.279264
0.587063
0.763937
0.487924
0.536847
0.788846
0.138824
0.220801
0.00916003
0.952666
0.461786
0.243864
0.629987
0.18623
0.970165
0.560717
0.974483
0.131932
0.37343
0.237748
0.830396
0.463802
0.115947
0.716623
0.281899
0.876652
0.888442
0.0464822
0.226976
0.789591
0.651684
0.857317
0.928552
0.168861
0.0521698
0.818129
0.287763
0.428671
0.679486
0.126175
0.61523
0.164782
0.486593
0.171258
0.33521
0.868167
0.280448
0.49343
0.0699259
0.244288
0.743612
0.881903
0.136001
0.776046
0.00736473
0.77899
0.481719
0.252036
0.977433
0.717053
0.51689
0.365524
0.357927
0.672899
0.410236
0.832531
0.342008
0.122286
0.259633
0.653914
0.332308
0.10138
0.897519
0.609312
0.704856
0.510178
0.559018
0.41913
0.309823
0.190151
0.86581
0.672498
0.673357
0.114621
0.437073
0.87884
0.671022
0.86393
0.078672
0.239908
0.130248
0.0756227
0.990879
0.709318
0.50882
0.737254
0.0244811
0.454656
0.396667
0.786736
0.666082
0.847517
0.224253
0.0131864
0.624011
0.759139
0.853013
0.596308
0.151453
0.476635
0.801586
0.256396
0.249378
0.288192
0.639731
0.955615
0.014658
0.35777
0.0366992
0.803585
0.845406
0.733847
0.768592
0.719794
0.572036
0.21401
0.861478
0.862541
0.723468
0.331676
0.471911
0.403922
0.714699
0.949737
0.222414
0.1169
0.734387
0.847657
0.573505
0.897512
0.492277
0.69301
0.416425
0.860251
0.239376
0.18816
0.411044
0.40999
0.699715
0.116494
0.909989
0.180285
0.0580519
0.678747
0.7079
0.6767
0.303632
0.144767
0.0971314
0.487313
0.274324
0.557317
0.81956
0.351788
0.495308
0.641758
0.0250728
0.398779
0.283409
0.25211
0.213426
0.0476089
0.162303
0.834685
0.552288
0.309267
0.845676
0.281243
0.851063
0.816289
0.373015
0.260645
0.662661
0.336247
0.304827
0.231302
0.49049
0.660642
0.406844
0.822905
0.567807
0.128813
0.958607
0.310311
0.389116
0.867052
0.550018
0.15554
0.153321
0.864766
0.12074
0.270737
0.275604
0.0715223
0.0760202
0.67169
0.100228
0.538267
0.65276
0.940805
0.115274
0.412406
0.304232
0.224387
0.274121
0.151784
0.0308531
0.548769
0.153577
0.164872
0.00486088
0.696889
0.609859
0.900956
0.375735
0.978247
0.396164
0.321108
0.865698
0.7817
0.0360185
0.362389
0.678606
0.336996
0.885606
0.38589
0.649294
0.6806
0.852274
0.171766
0.871491
0.153794
0.823506
0.672156
0.925638
0.190112
0.213512
0.502288
0.951216
0.0798176
0.493635
0.52013
0.830116
0.764499
0.940203
0.994059
0.151362
0.93945
0.336358
0.170098
0.841714
0.689654
0.00963983
0.0165903
0.833976
0.628593
0.767438
0.325214
0.872863
0.211339
0.971328
0.113471
0.108361
0.222361
0.229392
0.387498
0.672248
0.48003
0.865456
0.712816
0.293119
0.459338
0.0890429
0.54429
0.885651
0.135622
0.39996
0.125389
0.414289
0.954239
0.900135
0.560559
0.307286
0.564012
0.35758
0.846662
0.844868
0.697972
0.813118
0.0666955
0.950861
0.115805
0.332043
0.654951
0.769766
0.459325
0.880613
0.462824
0.67779
0.61367
0.945462
0.374152
0.373406
0.827954
0.415987
0.495804
0.971091
0.128118
0.279467
0.999661
0.301168
0.738667
0.777628
0.586224
0.659078
0.127468
0.348008
0.964299
0.979638
0.78225
0.275309
0.126184
0.770213
0.971121
0.630219
0.0858865
0.494377
0.998119
0.385206
0.151575
0.525607
0.87363
0.0963868
0.973656
0.230716
0.651892
0.340569
0.951026
0.896846
0.283443
0.820421
0.808436
0.383095
0.671312
0.742603
0.934693
0.393403
0.923745
0.374979
0.269834
0.106943
0.396965
0.798398
0.675779
0.815432
0.972434
0.699858
0.508594
0.946656
0.4412
0.250673
0.0567527
0.843065
0.393585
0.985351
0.791972
0.665896
0.717536
0.627993
0.671407
0.3452
0.781421
0.334437
0.88067
0.424519
0.884185
0.490181
0.478953
0.771369
0.403307
0.377989
0.858702
0.202047
0.807869
0.855375
0.286308
0.986646
0.5668
0.210663
0.617197
0.234939
0.615723
0.450241
0.199609
0.820111
0.597688
0.346432
0.474784
0.693793
0.572239
0.612477
0.901661
0.217836
0.16615
0.48807
0.992081
0.901037
0.722951
0.640411
0.379944
0.717238
0.621344
0.934857
0.146638
0.542242
0.455856
0.576762
0.640391
0.0584673
0.659383
0.249898
0.0281171
0.564276
0.790334
0.138562
0.805711
0.588571
0.111133
0.81881
0.747077
0.127977
0.901953
0.121238
0.642007
0.2086
0.93225
0.322113
0.752053
0.754751
0.0966318
0.0900609
0.653206
0.437217
0.299545
0.447682
0.19547
0.265831
0.818612
0.418808
0.911841
0.317594
0.804593
0.798882
0.817878
0.0825839
0.988433
0.591305
0.0646291
0.220786
0.744663
0.544201
0.378437
0.393973
0.503201
0.305628
0.691384
0.0904552
0.281368
0.960091
0.250789
0.0186605
0.626842
0.329363
0.598764
0.430376
0.322701
0.643642
0.688755
0.91038
0.75899
0.341256
0.495923
0.985534
0.864632
0.86687
0.491489
0.451614
0.274816
0.839243
0.158314
0.776778
0.308262
0.959777
0.969388
0.496755
0.953073
0.29006
0.0313946
0.64903
0.252861
0.833521
0.980275
0.489895
0.663869
0.652066
0.279329
0.675935
0.443769
0.42347
0.253225
0.95491
0.16948
0.456799
0.427236
0.547542
0.541466
0.413546
0.46212
0.847997
0.278034
0.923784
0.0434588
0.412471
0.402905
0.619914
0.895219
0.95394
0.867276
0.305289
0.996199
0.118683
0.709434
0.461953
0.0430246
0.113892
0.177314
0.120913
0.17736
0.886257
0.323959
0.771985
0.74355
0.843286
0.102931
0.960603
0.847127
0.666745
0.975555
0.150008
0.178653
0.626556
0.533196
0.419059
0.118046
0.995522
0.73196
0.0554512
0.968523
0.962387
0.831519
0.33554
0.424322
0.58771
0.642406
0.909353
0.500446
0.00239409
0.237456
0.930527
0.362207
0.619279
0.225979
0.0210685
0.097571
0.87649
0.162443
0.184393
0.0978095
0.883837
0.644002
0.7363
0.985976
0.30452
0.0629467
0.944972
0.150458
0.752328
0.383399
0.787132
0.335384
0.793251
0.169504
0.851209
0.276309
0.927754
0.760972
0.659045
0.569299
0.214589
0.594095
0.954749
0.463424
0.771997
0.948903
0.211685
0.793235
0.897485
0.0330243
0.0389311
0.314358
0.422051
0.407431
0.685435
0.100623
0.165631
0.768543
0.906017
0.423457
0.0333994
0.343565
0.304
0.323477
0.681622
0.022044
0.49288
0.827102
0.106231
0.428143
0.798253
0.231143
0.826028
0.0598934
0.628822
0.618548
0.932147
0.588806
0.0576266
0.530821
0.507295
0.111429
0.78808
0.265628
0.409547
0.255839
0.88496
0.526338
0.167462
0.52865
0.0136001
0.576385
0.30704
0.413534
0.260755
0.515054
0.517897
0.300881
0.909452
0.161276
0.566797
0.158926
0.0715517
0.569346
0.000104039
0.748578
0.344463
0.38514
0.0485719
0.348726
0.0426359
0.58191
0.166609
0.199977
0.00634211
0.591898
0.0351911
0.456844
0.175714
0.229922
0.293916
0.84831
0.54257
0.981471
0.583951
0.466947
0.979424
0.175353
0.15366
0.563028
0.805579
0.360228
0.358812
0.547888
0.35984
0.823298
0.162921
0.215042
0.202755
0.708317
0.676253
0.785227
0.307832
0.732649
0.636131
0.461027
0.488501
0.23767
0.512695
0.864022
0.615401
0.0439406
0.510241
0.618831
0.697773
0.468439
0.0475361
0.93953
0.678788
0.389713
0.909294
0.509008
0.903018
0.0245577
0.74136
0.0351793
0.258556
0.555839
0.987342
0.256083
0.982904
0.670426
0.847443
0.977206
0.898649
0.600707
0.0769493
0.28627
0.338907
0.00854118
0.551569
0.226942
0.207947
0.966717
0.612417
0.884241
0.430338
0.693879
0.0249801
0.84131
0.894998
0.235249
0.837524
0.270886
0.774028
0.0819499
0.332525
0.748391
0.204339
0.327289
0.741512
0.585796
0.475825
0.184241
0.544116
0.953501
0.498042
0.594456
0.0199566
0.410331
0.436837
0.918216
0.461963
0.208264
0.297121
0.712797
0.985774
0.898531
0.613044
0.435648
0.944272
0.383798
0.492217
0.684934
0.683428
0.367228
0.997609
0.816104
0.259899
0.128604
0.454159
0.0422632
0.317959
0.938632
0.586252
0.134741
0.584571
0.877047
0.522872
0.91079
0.639912
0.996822
0.593169
0.396693
0.21294
0.883515
0.242488
0.489481
0.700897
0.98138
0.0472222
0.662914
0.599431
0.632144
0.446766
0.803907
0.266862
0.157952
0.704505
0.612831
0.847213
0.101025
0.925985
0.0380012
0.685648
0.686324
0.0417081
0.988527
0.173503
0.0728747
0.804681
0.267236
0.442644
0.51686
0.863423
0.551507
0.178183
0.713285
0.185992
0.96806
0.182903
0.0450815
0.684995
0.70666
0.834963
0.225266
0.0509924
0.029139
0.739516
0.0457886
0.56983
0.131605
0.892943
0.688875
0.928014
0.123869
0.872793
0.0389348
0.377491
0.497574
0.730643
0.912423
0.0934013
0.795038
0.211216
0.915291
0.292903
0.820646
0.599034
0.966376
0.875295
0.0825179
0.878364
0.6659
0.785911
0.80726
0.617125
0.0134187
0.528112
0.980004
0.926887
0.185465
0.114632
0.620774
0.340472
0.311849
0.239211
0.41145
0.240998
0.454416
0.373366
0.163348
0.393509
0.703433
0.596008
0.110276
0.404555
0.350436
0.784767
0.578718
0.508272
0.532264
0.765619
0.762484
0.0627648
0.88838
0.00661187
0.125619
0.281809
0.364196
0.0430492
0.527219
0.965985
0.312773
0.77174
0.635008
0.576412
0.751363
0.163472
0.481341
0.89236
0.898482
0.779325
0.109782
0.112828
0.295988
0.674224
0.679986
0.519894
0.862085
0.0610196
0.557084
0.915118
0.385027
0.141706
0.65426
0.143161
0.101413
0.444292
0.212853
0.417441
0.923698
0.586729
0.148181
0.479401
0.288521
0.171955
0.0501328
0.582633
0.313321
0.981516
0.336418
0.184784
0.662041
0.924096
0.286001
0.817494
0.614191
0.714446
0.699886
0.985054
0.81085
0.956273
0.0720413
0.798282
0.724925
0.815637
0.414547
0.299473
0.242572
0.910884
0.222566
0.666263
0.883369
0.783721
0.00302808
0.892908
0.112246
0.516193
0.648321
0.337485
0.108502
0.599876
0.107815
0.0466593
0.202316
0.325408
0.129566
0.619841
0.665836
0.710714
0.963281
0.870722
0.230684
0.111387
0.0784614
0.700132
0.119579
0.765846
0.567213
0.143094
0.987811
0.144625
0.710273
0.55439
0.635914
0.805926
0.195468
0.232783
0.381967
0.711712
0.738869
0.17336
0.659236
0.776545
0.383421
0.154534
0.258647
0.0749045
0.920064
0.516766
0.27849
0.576091
0.356459
0.00398273
0.937681
0.603815
0.311604
0.126338
0.363222
0.679535
0.944966
0.0369557
0.114745
0.513509
0.53789
0.315876
0.92161
0.492784
0.228038
0.633766
0.710971
0.290852
0.341849
0.461699
0.779043
0.379483
0.975816
0.544699
0.760761
0.11095
0.74182
0.764749
0.144128
0.366011
0.547205
0.873745
0.0287794
0.695049
0.683259
0.541857
0.994985
0.712495
0.903001
0.742397
0.461583
0.83252
0.161042
0.627825
0.856635
0.465363
0.349398
0.326113
0.9752
0.182006
0.981605
0.831211
0.158866
0.0619943
0.937464
0.96159
0.447333
0.324561
0.903342
0.466185
0.173349
0.475079
0.653718
0.0362893
0.914799
0.034224
0.202844
0.195588
0.240616
0.0311512
0.557696
0.196103
0.894958
0.566314
0.0336924
0.268619
0.686624
0.0934839
0.183394
0.296239
0.893078
0.956078
0.797219
0.857274
0.204802
0.106317
0.866754
0.530037
0.329032
0.0453436
0.0902845
0.411554
0.990943
0.782464
0.87742
0.805285
0.417169
0.35898
0.378843
0.212104
0.82914
0.35939
0.273896
0.364718
0.821834
0.568648
0.263187
0.381447
0.982385
0.93711
0.0102269
0.883906
0.80934
0.581612
0.154149
0.783189
0.0523937
0.580921
0.538142
0.548063
0.287659
0.679524
0.75853
0.608154
0.236089
0.9515
0.855244
0.0889627
0.195593
0.324603
0.606351
0.944352
0.721897
0.930478
0.542619
0.790462
0.289982
0.731357
0.920561
0.871625
0.408461
0.00984603
0.482179
0.985139
0.237267
0.751087
0.526277
0.143432
0.653823
0.799909
0.078701
0.727422
0.778424
0.968586
0.0252766
0.823229
0.0117134
0.866778
0.930031
0.027746
0.327789
0.149362
0.3297
0.267511
0.0528309
0.928958
0.00340222
0.181133
0.298863
0.990647
0.80214
0.574888
0.145823
0.850254
0.222876
0.873478
0.54577
0.756387
0.602314
0.0951177
0.643151
0.435888
0.972816
0.110929
0.387295
0.270248
0.065585
0.286299
0.820609
0.976479
0.689147
0.48954
0.703389
0.864737
0.638012
0.0651097
0.298841
0.6139
0.824378
0.313987
0.17394
0.405984
0.365801
0.0188251
0.392954
0.376622
0.882752
0.408151
0.79511
0.410059
0.858444
0.874477
0.336742
0.62436
0.618652
0.685625
0.291116
0.785543
0.622282
0.691201
0.0169973
0.673303
0.200105
0.164372
0.604873
0.108601
0.25193
0.194212
0.121762
0.452586
0.618388
0.24421
0.436509
0.404909
0.307042
0.451938
0.716444
0.271232
0.598213
0.17194
0.788712
0.887234
0.747529
0.716694
0.478234
0.683232
0.0853399
0.308077
0.848257
0.65153
0.260319
0.18468
0.923948
0.787121
0.145871
0.651382
0.773291
0.704131
0.325062
0.32179
0.332875
0.636621
0.692242
0.519298
0.836253
0.905054
0.236578
0.164253
0.607639
0.582203
0.0775323
0.0855525
0.880901
0.295571
0.668403
0.856958
0.895138
0.590314
0.402088
0.894537
0.479697
0.263831
0.201341
0.940242
0.640545
0.641334
0.906206
0.599363
0.495067
0.595551
0.426631
0.38439
0.450471
0.068724
0.0442502
0.71267
0.838684
0.754239
0.490949
0.387477
0.325245
0.395248
0.940941
0.396607
0.77866
0.933085
0.354494
0.982486
0.64113
0.472867
0.477754
0.607457
0.522078
0.559424
0.234981
0.329786
0.712389
0.126048
0.488538
0.858971
0.721637
0.557438
0.867279
0.355545
0.642961
0.238785
0.265575
0.515771
0.567516
0.247861
0.79661
0.625291
0.273345
0.109473
0.916211
0.756374
0.373144
0.429273
0.798422
0.0812428
0.448488
0.730537
0.132393
0.126476
0.674869
0.515264
0.0430864
0.153306
0.617476
0.92239
0.600393
0.80888
0.854321
0.574553
0.504541
0.814805
0.421482
0.847119
0.52498
0.343874
0.489221
0.333214
0.325082
0.661387
0.923236
0.833683
0.711061
0.794533
0.709236
0.134596
0.14928
0.942143
0.589579
0.0610774
0.52858
0.837208
0.947091
0.760976
0.721836
0.898927
0.258072
0.422742
0.0287939
0.939603
0.914439
0.974372
0.274979
0.579829
0.178646
0.507698
0.876569
0.500087
0.961459
0.249189
0.126416
0.675112
0.599077
0.690125
0.937839
0.267934
0.166456
0.624631
0.169239
0.396462
0.331745
0.637705
0.91043
0.589177
0.29286
0.103506
0.623819
0.522379
0.621798
0.552634
0.124108
0.881166
0.758182
0.768583
0.580764
0.907526
0.791052
0.202767
0.910935
0.0774819
0.237702
0.0579859
0.568679
0.782495
0.397982
0.890106
0.0172289
0.56635
0.636988
0.860355
0.981002
0.699398
0.775036
0.0256263
0.700861
0.37683
0.3872
0.676198
0.866266
0.338479
0.822211
0.895276
0.905492
0.612079
0.21652
0.0455719
0.926808
0.860243
0.105133
0.966199
0.904286
0.328054
0.610378
0.615697
0.0192503
0.539627
0.50894
0.755685
0.796452
0.972226
0.202475
0.989071
0.323223
0.411829
0.607398
0.535996
0.47909
0.0711637
0.0479629
0.112185
0.499228
0.522019
0.571518
0.509867
0.340749
0.972747
0.959266
0.377836
0.291219
0.52056
0.0461899
0.313774
0.598039
0.245602
0.83137
0.837116
0.413895
0.331205
0.565705
0.805243
0.711425
0.913643
0.592466
0.569976
0.590372
0.379395
0.496864
0.797147
0.654899
0.887386
0.300881
0.901133
0.344465
0.426735
0.132626
0.0490376
0.174135
0.694481
0.142662
0.728092
0.035918
0.673754
0.781301
0.330934
0.0128392
0.78843
0.139272
0.739207
0.846095
0.317148
0.312968
0.0571606
0.698802
0.768121
0.809258
0.192003
0.000839713
0.113064
0.261968
0.902326
0.384733
0.208789
0.116019
0.939397
0.437796
0.039227
0.288415
0.38315
0.605201
0.616096
0.726614
0.195153
0.930641
0.275683
0.401075
0.866873
0.53616
0.248735
0.492685
0.555812
0.539485
0.131882
0.538457
0.843595
0.306613
0.248741
0.595931
0.816506
0.0175183
0.430892
0.995961
0.118402
0.9764
0.357771
0.0539069
0.0137001
0.258411
0.117015
0.678176
0.098928
0.683667
0.398848
0.437807
0.22874
0.430284
0.779363
0.75228
0.567343
0.332577
0.623249
0.953064
0.15274
0.0963661
0.624715
0.585856
0.475582
0.100428
0.897077
0.168968
0.847584
0.350389
0.995719
0.0499729
0.894696
0.161024
0.328798
0.112639
0.129426
0.267056
0.407248
0.618586
0.579886
0.147065
0.71672
0.921077
0.534287
0.760435
0.625905
0.580996
0.799319
0.159648
0.206412
0.159812
0.966256
0.865639
0.788553
0.207161
0.750848
0.497734
0.4163
0.758744
0.214595
0.696544
0.808351
0.955424
0.808211
0.596029
0.462293
0.762483
0.0443036
0.609978
0.901268
0.6152
0.670202
0.0898929
0.830571
0.401763
0.433764
0.277513
0.15913
0.499078
0.0107177
0.132329
0.0502525
0.593201
0.929676
0.0653288
0.980381
0.25625
0.794942
0.583093
0.0416373
0.798801
0.454252
0.617396
0.57768
0.0748027
0.209776
0.712693
0.222951
0.141721
0.90588
0.122864
0.981652
0.623336
0.400678
0.193127
0.893774
0.667012
0.476228
0.95998
0.378909
0.320919
0.686258
0.94577
0.560171
0.790234
0.457447
0.318126
0.736538
0.00187026
0.433487
0.608068
0.791667
0.539478
0.00196929
0.0978489
0.546733
0.936998
0.130027
0.369354
0.728695
0.17172
0.0930415
0.747836
0.881517
0.649489
0.969554
0.290331
0.587337
0.37891
0.342571
0.593026
0.995247
0.121773
0.643353
0.828544
0.332761
0.710838
0.0581786
0.808174
0.980882
0.679485
0.104181
0.962565
0.835576
0.52665
0.399406
0.810886
0.553301
0.322344
0.630969
0.694585
0.897166
0.668091
0.60302
0.960238
0.721408
0.696186
0.798755
0.674321
0.312554
0.0902001
0.992658
0.605848
0.482257
0.295775
0.0885229
0.803909
0.29991
0.594598
0.411601
0.785803
0.991447
0.246382
0.948323
0.472459
0.613698
0.41611
0.558109
0.133092
0.877524
0.539048
0.77279
0.289215
0.832634
0.0823803
0.565237
0.931287
0.1423
0.631431
0.466548
0.273884
0.164607
0.557179
0.500849
0.767534
0.949463
0.626358
0.20185
0.489856
0.0161298
0.0938074
0.620235
0.28568
0.416777
0.774464
0.415401
0.639542
0.779708
0.55299
0.105784
0.914068
0.742671
0.0765566
0.687167
0.217221
0.834226
0.839584
0.887914
0.168781
0.706207
0.224252
0.996321
0.159792
0.625862
0.868186
0.605458
0.925547
0.665235
0.600553
0.486219
0.883831
0.555684
0.379746
0.389425
0.0664043
0.0568034
0.694448
0.590762
0.936106
0.127404
0.285118
0.972589
0.303465
0.339795
0.932989
0.740843
0.351777
0.322205
0.302913
0.0558322
0.372073
0.431368
0.00108267
0.196421
0.247812
0.980554
0.170736
0.561211
0.269287
0.899447
0.00153041
0.72155
0.0873751
0.513032
0.522626
0.776265
0.684916
0.385882
0.522116
0.207163
0.79324
0.98888
0.102645
0.15304
0.137544
0.696795
0.0370052
0.947211
0.771088
0.676996
0.276435
0.0375797
0.602564
0.290724
0.198292
0.691669
0.88081
0.780836
0.517035
0.806171
0.311873
0.655273
0.167292
0.670687
0.235525
0.471984
0.641624
0.774736
0.993793
0.683281
0.904929
0.136894
0.784253
0.941241
0.437329
0.189545
0.67793
0.961668
0.761501
0.550079
0.180026
0.689343
0.784761
0.482879
0.741999
0.781684
0.764
0.544204
0.441228
0.7236
0.546685
0.134275
0.765429
0.566634
0.423811
0.98556
0.314084
0.805254
0.908003
0.804036
0.436402
0.616104
0.86211
0.485401
0.129737
0.484869
0.192435
0.262839
0.527746
0.830011
0.997688
0.147936
0.356728
0.524598
0.924939
0.454904
0.575864
0.538853
0.494891
0.63514
0.794954
0.78799
0.748842
0.7828
0.52668
0.911649
0.0788965
0.0132982
0.503413
0.8666
0.947626
0.743405
0.402183
0.487789
0.271924
0.225617
0.936944
0.211067
0.400001
0.818256
0.430864
0.537506
0.871414
0.860367
0.182366
0.0323398
0.535173
0.648529
0.834868
0.628025
0.223308
0.137186
0.689934
0.723073
0.689383
0.451988
0.557229
0.345623
0.877382
0.158799
0.927197
0.392224
0.115838
0.887135
0.0753033
0.622413
0.899145
0.930838
0.587086
0.152991
0.317955
0.867978
0.101009
0.657499
0.594078
0.672132
0.522453
0.863032
0.986934
0.392027
0.791557
0.706457
0.421111
0.619748
0.107911
0.661108
0.240116
0.630366
0.562316
0.852141
0.925418
0.501963
0.483834
0.790304
0.647515
0.783273
0.471746
0.627212
0.544654
0.994163
0.896065
0.163754
0.217907
0.370805
0.111461
0.329041
0.188931
0.366746
0.89756
0.294202
0.650517
0.233111
0.902339
0.615157
0.94292
0.653086
0.421293
0.664147
0.314788
0.644164
0.46754
0.951809
0.0561915
0.409931
0.706568
0.287636
0.298447
0.999413
0.137357
0.551885
0.536605
0.72395
0.431383
0.247917
0.733576
0.211851
0.582822
0.496293
0.191708
0.0361282
0.206464
0.0434458
0.192987
0.537457
0.034162
0.160238
0.12706
0.495005
0.556934
0.39356
0.568947
0.290234
0.956479
0.538086
0.610641
0.0399038
0.663742
0.507255
0.441012
0.0853643
0.717871
0.262666
0.619528
0.405175
0.773185
0.92638
0.664112
0.733144
0.959197
0.22264
0.907498
0.317668
0.05164
0.913419
0.841183
0.764774
0.555176
0.848706
0.207541
0.145851
0.319307
0.59265
0.661098
0.0697482
0.258692
0.830905
0.012163
0.423245
0.476758
0.868677
0.860946
0.914983
0.124548
0.275129
0.0888506
0.31186
0.435789
0.301844
0.0849349
0.500544
0.645104
0.269354
0.0263813
0.391154
0.133545
0.485728
0.63142
0.279314
0.43799
0.299919
0.732374
0.0078251
0.516423
0.522907
0.495966
0.699141
0.465585
0.0870051
0.295461
0.821252
0.779052
0.521589
0.353394
0.485215
0.00454163
0.331158
0.766857
0.560803
0.412296
0.456624
0.485286
0.194267
0.0504089
0.222335
0.787803
0.60473
0.689492
0.289453
0.834739
0.460195
0.494638
0.378224
0.80907
0.0342162
0.0716777
0.686693
0.251415
0.534286
0.736959
0.0743563
0.7063
0.779898
0.739951
0.351434
0.543945
0.078331
0.509852
0.0770495
0.971373
0.86195
0.79074
0.974812
0.664156
0.467948
0.805723
0.785947
0.408618
0.648781
0.0560011
0.210093
0.0321565
0.454649
0.291939
0.627158
0.642559
0.48903
0.118903
0.407726
0.653223
0.720289
0.901711
0.0629513
0.0218943
0.977134
0.69126
0.0101447
0.502161
0.811647
0.345245
0.525569
0.235463
0.423225
0.146962
0.994011
0.349437
0.981943
0.519672
0.12801
0.465933
0.934894
0.767597
0.00528765
0.869544
0.430299
0.0332622
0.0379591
0.979106
0.833895
0.269298
0.0836035
0.124357
0.0686813
0.32711
0.737454
0.394687
0.500741
0.961066
0.633221
0.540511
0.36752
0.902265
0.360247
0.672767
0.196024
0.577257
0.966534
0.533147
0.595937
0.914966
0.835663
0.992724
0.718196
0.713638
0.106017
0.824323
0.38967
0.185545
0.446464
0.717602
0.736466
0.782629
0.651852
0.669355
0.841219
0.363055
0.873765
0.373731
0.304452
0.929403
0.468019
0.997044
0.319381
0.836164
0.401373
0.869191
0.491357
0.237402
0.0195433
0.463769
0.569174
0.113082
0.569314
0.463132
0.860732
0.317431
0.0573982
0.691221
0.345539
0.479682
0.0192759
0.970162
0.507727
0.360551
0.774001
0.630561
0.834062
0.0800814
0.927984
0.626213
0.763026
0.18069
0.858975
0.794571
0.348657
0.876044
0.668311
0.306098
0.594057
0.314872
0.060781
0.54666
0.720492
0.315563
0.668469
0.964976
0.345165
0.19066
0.425567
0.509674
0.0911116
0.312769
0.712482
0.679643
0.75679
0.372241
0.249673
0.255183
0.852306
0.705661
0.0462702
0.663269
0.566178
0.760906
0.549774
0.050986
0.921904
0.443365
0.637589
0.956841
0.622211
0.497145
0.516392
0.00792889
0.260784
0.0013148
0.0977867
0.501506
0.816599
0.573164
0.174522
0.187603
0.036484
0.186545
0.262165
0.20541
0.319838
0.519809
0.421537
0.769156
0.2074
0.77187
0.815146
0.15735
0.580555
0.384616
0.244602
0.0262672
0.472095
0.502109
0.9426
0.276757
0.455504
0.652407
0.00277514
0.641804
0.8066
0.517805
0.742956
0.859846
0.438111
0.326441
0.490558
0.812305
0.416303
0.801934
0.112832
0.368922
0.465442
0.688751
0.832661
0.525223
0.416291
0.606382
0.460128
0.364171
0.614338
0.173213
0.186339
0.793043
0.679984
0.487302
0.0866342
0.0602278
0.248567
0.662528
0.11064
0.519676
0.198208
0.289981
0.705831
0.893635
0.318558
0.998993
0.0777478
0.707834
0.567885
0.446514
0.558387
0.810856
0.061798
0.638711
0.807839
0.346209
0.731365
0.044206
0.9708
0.243633
0.743208
0.0907798
0.735873
0.820842
0.893799
0.0846699
0.0462523
0.361735
0.68561
0.0402935
0.212931
0.728076
0.774953
0.63955
0.921814
0.930567
0.0462996
0.157849
0.962879
0.101594
0.48322
0.485389
0.92484
0.777665
0.208436
0.190411
0.233494
0.328795
0.0591929
0.854299
0.20282
0.799924
0.323256
0.958601
0.210939
0.248581
0.89261
0.0988741
0.777014
0.281763
0.597598
0.828164
0.949153
0.419143
0.539449
0.51719
0.416844
0.891598
0.0893298
0.365984
0.092283
0.00101961
0.136608
0.969169
0.821938
0.313351
0.487491
0.262997
0.183091
0.206857
0.649614
0.0631974
0.159496
0.645197
0.819758
0.666268
0.960291
0.610397
0.94196
0.519654
0.827274
0.992456
0.200315
0.69355
0.492756
0.746792
0.327023
0.279699
0.892708
0.738052
0.434649
0.153756
0.17702
0.182184
0.958882
0.927107
0.888543
0.748451
0.214238
0.705067
0.059754
0.285382
0.414459
0.819267
0.426734
0.112684
0.871751
0.523301
0.124584
0.883211
0.123135
0.522438
0.618478
0.755754
0.959512
0.511563
0.839123
0.145466
0.854447
0.692925
0.993541
0.439698
0.00900176
0.292535
0.642392
0.675739
0.13795
0.521194
0.704377
0.462664
0.989853
0.461373
0.292744
0.150373
0.318048
0.432968
0.899139
0.828389
0.733484
0.660991
0.281741
0.220851
0.850401
0.688252
0.44726
0.0951782
0.660116
0.562191
0.738782
0.709564
0.646421
0.405316
0.152979
0.110779
0.854798
0.585486
0.262798
0.841603
0.816064
0.582417
0.677364
0.458678
0.996333
0.361157
0.958805
0.628323
0.228361
0.0595535
0.91643
0.43666
0.947207
0.707499
0.940278
0.246918
0.946137
0.718141
0.790347
0.355311
0.703989
0.936494
0.659386
0.295823
0.893525
0.474483
0.634154
0.221756
0.0559838
0.919613
0.935569
0.111928
0.168125
0.67663
0.116641
0.392686
0.879482
0.447042
0.431758
0.550272
0.417242
0.581754
0.53474
0.374679
0.229113
0.696058
0.652121
0.191224
0.896764
0.906483
0.265276
0.488269
0.33129
0.985855
0.258625
0.70397
0.622539
0.01125
0.0784048
0.750289
0.104257
0.253258
0.509545
0.928637
0.603142
0.00260047
0.706122
0.794757
0.488439
0.187999
0.695643
0.670687
0.242135
0.559314
0.383043
0.809331
0.42264
0.312353
0.709396
0.823786
0.369863
0.287198
0.940609
0.818458
0.818734
0.454903
0.555123
0.954475
0.858024
0.802447
0.725124
0.158835
0.534823
0.765313
0.620111
0.205369
0.637569
0.62602
0.509856
0.14645
0.388329
0.646853
0.653982
0.477704
0.769406
0.414858
0.518084
0.434851
0.541169
0.433222
0.159588
0.188535
0.71112
0.78768
0.538094
0.746137
0.330152
0.862838
0.716442
0.232372
0.48133
0.709457
0.843941
0.124531
0.997298
0.590428
0.319096
0.0505947
0.344453
0.228447
0.512751
0.806458
0.136302
0.829075
0.270518
0.594064
0.429173
0.105456
0.402584
0.232531
0.145449
0.564309
0.342234
0.930548
0.714225
0.977207
0.919846
0.84628
0.420122
0.983418
0.300381
0.508667
0.165897
0.222835
0.189386
0.00720054
0.0194872
0.521789
0.709468
0.034252
0.673492
0.379544
0.000302298
0.0807212
0.680756
0.473089
0.213082
0.27083
0.836606
0.834195
0.316743
0.497117
0.0371974
0.176564
0.507883
0.993217
0.00638983
0.393824
0.992698
0.27353
0.217802
0.605703
0.0486756
0.0903525
0.553873
0.945902
0.782246
0.201123
0.266679
0.06911
0.531104
0.265058
0.835446
0.344232
0.512492
0.45017
0.00988284
0.100859
0.14221
0.119431
0.28235
0.460925
0.768071
0.972005
