1.63483
2.5305
2.29748
1.78356
1.43346
1.10411
2.21736
2.05349
1.37892
2.30529
1.36214
1.66598
1.61969
1.89968
1.46768
1.22206
2.34362
2.36539
1.75737
1.74036
2.44595
2.14996
0.757512
1.98545
1.95894
2.23415
1.63312
1.47787
2.30422
2.49388
1.68382
2.5303
2.1866
1.65075
1.552
1.81762
1.70007
2.26972
2.37565
1.91779
2.26298
2.44997
2.51543
2.36938
2.14625
2.51444
2.16408
1.29235
1.76286
2.37208
1.11482
2.00602
1.60027
2.32013
2.162
2.30741
2.13364
2.23963
2.29365
2.49805
1.50343
2.58499
2.04628
1.53787
0.833499
2.36903
1.99923
2.03953
1.41101
2.10842
2.17293
1.02034
2.19686
2.56125
1.07118
1.71142
2.3977
1.3516
2.32485
1.53566
2.36549
2.43351
1.80493
1.83248
1.57475
2.46564
2.57497
1.89992
1.38071
2.52903
1.92402
2.54795
1.77093
2.1737
1.44405
2.04544
2.31972
1.12697
1.56041
2.15644
2.25623
2.29494
2.29737
1.34023
2.38455
2.39315
2.51171
2.23627
1.8678
2.18129
2.00685
2.00944
2.38582
2.02799
2.26985
2.59065
2.34224
1.66099
1.99673
1.95413
1.98278
1.77645
2.02055
2.48239
1.47036
1.34415
2.00089
2.32589
1.01491
1.82877
2.59974
1.20905
1.96652
2.51302
2.25013
1.48825
2.36538
1.93658
1.47805
2.49678
2.47645
1.96203
1.75328
2.10139
2.47817
2.08853
1.24323
2.34013
2.39086
2.30667
2.3062
1.88387
2.54361
2.55407
1.42345
2.46427
2.31317
2.42924
1.74673
2.36272
2.18073
1.62329
1.84828
2.21399
2.20154
2.40412
1.62505
2.03936
1.63752
2.46394
2.30685
1.79394
2.17682
1.97207
2.29068
2.40966
1.85442
2.27369
2.45021
2.37868
1.42293
2.21172
1.91468
2.51476
1.52583
2.02359
2.27872
1.30652
2.28354
1.9892
1.10064
2.20874
1.51468
2.27433
2.07388
2.30636
1.86104
2.45898
1.74016
2.11973
2.54944
2.28857
2.00138
2.25499
2.33399
2.41878
2.41556
2.16256
1.822
2.24147
2.34766
2.30444
2.37463
2.20572
2.11561
1.86328
1.85531
2.0519
1.85168
1.60099
2.13248
2.43683
1.56078
1.83979
2.3182
2.52948
1.73672
2.30648
2.36243
2.37043
2.214
2.29711
1.80378
2.25173
2.11838
1.54032
1.0505
1.88714
2.344
1.88929
2.05196
2.34277
1.89643
2.29825
2.38263
1.61533
2.33968
2.4008
2.45054
2.34324
2.31641
2.02825
1.89707
1.88423
2.50388
1.97457
2.52688
2.3071
2.57707
1.37558
2.25719
2.50967
2.56533
2.05278
1.89895
1.86663
2.20067
1.79492
1.74803
1.38065
2.42879
1.52613
2.04992
1.89243
2.50775
1.51911
2.25719
2.38431
1.31376
1.29706
1.80997
0.669038
2.01739
1.86585
2.12358
1.64495
1.0583
2.11928
1.98561
2.39639
2.37467
1.96079
2.53659
1.40292
1.24006
2.05713
1.29022
1.25192
1.95928
2.55721
1.79138
2.55819
2.18243
2.39083
2.44156
2.38421
2.1954
2.22746
2.02857
1.01787
1.19134
1.60192
2.55224
2.25356
1.38156
1.77022
2.63142
1.37287
2.36261
2.1015
1.50772
1.95769
1.45281
2.58892
2.45454
2.56614
1.6798
2.01444
2.34483
2.17739
1.61956
1.87325
2.64549
2.43975
2.1604
1.14703
2.37091
2.22807
2.03116
2.33051
1.37978
2.56667
2.32645
1.35654
2.47458
1.6004
1.43204
1.90098
2.2353
1.1341
2.44217
2.53137
2.48645
2.49602
2.54404
1.62753
1.2293
1.81245
1.10164
2.23642
2.16811
2.40352
2.50041
2.54073
2.58685
2.46975
1.89564
2.4538
2.20696
2.31083
2.118
2.26723
1.68307
2.33917
2.43215
2.23661
1.6222
1.83525
2.0235
2.50525
1.38668
2.22799
1.46823
2.4565
1.78988
2.2956
1.30552
2.33715
2.54934
2.15689
2.56335
1.88938
2.20738
1.76653
1.85351
1.48255
1.34393
1.90779
2.47445
2.44217
1.62205
1.4493
2.51094
2.1155
2.31828
2.44423
2.41684
2.4545
1.62847
2.28577
1.86731
2.07452
2.62199
2.51314
2.316
1.49202
2.47559
1.77396
2.40025
2.31434
1.93991
2.36627
2.32814
2.29729
2.17003
2.22526
1.52535
1.91829
2.09852
1.73062
1.4803
2.38751
1.18056
2.22207
1.74155
2.44801
2.15842
1.91639
1.63491
1.34165
2.1907
1.40091
2.48144
2.55044
2.07101
1.61385
1.67017
2.27913
1.93657
2.44214
1.71614
2.50297
2.16154
2.3951
1.34229
1.79335
1.91541
1.97277
2.21461
1.85916
1.59909
1.26357
2.41892
1.25427
1.263
2.13076
2.35332
1.68235
2.2617
2.5382
2.0001
2.45937
1.95713
2.26942
2.17456
2.45189
2.01421
2.13363
2.58375
1.86492
2.38621
2.16153
1.94012
1.21498
1.86457
2.38311
2.04324
1.08837
2.51965
2.17586
1.91899
2.02371
1.47537
1.65781
1.62838
1.42611
2.32131
2.45399
2.01165
2.43395
1.82879
1.88359
1.11774
0.958551
2.35764
2.53278
2.50156
1.49155
2.44716
2.49565
1.80621
2.45447
1.96338
2.29638
2.22721
1.26988
2.3226
1.50272
2.4286
1.90787
1.87911
2.38173
2.3189
1.91464
2.09907
2.33041
2.5089
1.52745
1.43573
1.93139
1.69346
1.85318
2.54053
2.05442
2.21761
2.19946
2.53923
1.67379
2.31007
1.93031
1.88652
2.53571
1.28824
1.9398
2.613
2.46579
0.964371
1.81206
2.53344
2.29363
2.44573
1.72003
1.72001
1.84626
1.08751
1.55434
1.2531
1.31184
2.4563
2.08916
1.89085
2.42205
1.87848
1.93633
2.49
1.79311
2.44485
2.35447
1.56701
2.36322
2.50249
2.17898
1.26179
2.42329
2.26164
1.47481
1.97349
1.75431
2.42943
2.48855
1.55637
1.90253
2.11897
1.62931
1.58204
1.43031
2.17192
2.43361
1.28591
1.50789
0.961408
2.34221
1.18686
1.44283
1.80923
1.97224
1.94098
1.25767
2.36503
1.7817
2.39431
2.5192
1.76449
1.30546
1.42202
1.63823
2.12566
2.27978
2.43621
2.34142
1.84047
1.99783
2.38714
2.11504
1.28564
1.62422
2.18424
1.1469
1.76447
1.43751
1.81836
2.16285
1.52821
1.91442
1.97334
1.97743
1.64276
1.93496
1.76171
1.83673
2.02871
1.86765
2.00575
1.92322
1.6308
1.20187
2.48488
2.0467
1.75241
2.30254
2.47316
1.9048
2.06437
2.29347
0.993174
2.33276
2.37072
1.58232
2.41535
1.30609
2.37038
1.83741
1.80954
2.47924
1.78928
1.92286
2.42295
2.43953
2.35533
2.52565
2.45935
1.27314
1.93838
1.35766
2.49598
1.97637
1.77448
1.95246
2.1367
1.67927
2.10607
2.43996
1.95474
2.47755
2.38126
2.04855
1.65807
1.4778
1.79342
2.54919
2.47734
2.32963
2.49691
1.4174
1.53283
2.08551
1.71884
2.09212
1.37402
2.38775
1.48257
2.11217
2.27807
2.3937
2.06356
1.24301
1.39445
1.41448
2.36972
2.57682
1.58614
2.48347
2.17044
2.38763
1.11329
2.48501
2.1214
2.03195
2.32535
1.96761
1.61019
2.42346
2.23545
2.19043
1.3262
2.0424
2.3144
2.44852
1.56895
2.45589
1.41496
2.00636
2.40592
1.49009
2.02903
2.18011
2.36928
2.26156
2.34903
2.43126
2.19679
1.54713
2.13737
2.42501
2.19933
1.44158
2.23638
2.06741
1.25195
1.33305
1.90448
1.3677
2.48832
2.33334
1.84866
1.77574
2.20623
1.8299
1.71678
2.09803
2.26179
1.69587
2.0192
2.56927
1.71784
2.49335
2.21232
1.46318
1.93699
1.26175
2.34268
2.1553
2.19585
1.72593
2.45193
2.42242
2.31937
2.03029
2.09348
1.89648
1.79739
2.50422
2.4628
2.48151
1.0597
0.878825
1.36591
1.28743
2.36436
1.49656
1.53246
2.39709
1.79563
2.46083
2.41347
2.2495
1.94261
2.02528
2.4009
1.74907
2.03759
1.87808
2.14919
1.65363
1.99432
2.52777
1.52345
2.11637
1.453
1.69459
1.11057
2.49585
2.42766
2.55028
1.9176
2.19451
1.57655
2.13491
2.33942
1.75101
2.31489
1.95448
2.514
2.32211
2.48218
2.10454
1.80843
2.12224
2.31182
2.16111
2.22796
2.08807
2.45352
2.47754
1.87682
1.9402
1.8793
2.34475
2.36513
2.43867
2.12527
2.24701
2.59825
1.82513
2.3404
1.82526
2.51663
2.38478
2.48301
2.20772
2.63033
2.25857
2.25865
2.34627
2.33808
1.39491
2.51538
2.35837
1.61574
1.86227
2.0982
2.40323
2.50618
2.17634
2.48062
2.44381
2.49139
1.70976
2.40213
1.74131
2.26215
2.41677
2.21448
1.97674
2.49009
2.15238
2.45779
1.91617
2.27952
1.51835
2.53264
1.55708
1.76973
2.13985
2.26544
1.28093
1.17524
1.48207
1.45787
1.32023
1.89605
1.81866
1.98179
2.20659
1.67339
1.43152
2.08296
2.5215
2.4725
1.23715
1.9941
2.50064
1.98028
2.03079
2.54946
2.14771
2.21208
1.66995
2.48507
1.69827
1.43988
2.03774
1.72817
1.82907
2.30308
2.5338
2.21058
1.66918
1.4203
2.04339
2.23273
2.18332
2.44889
2.00025
2.51851
2.15636
2.48717
1.29788
1.84055
1.4629
2.17725
2.30453
1.16518
2.48085
2.35286
2.49698
1.35766
2.48508
1.86598
1.69594
1.79533
2.60251
2.38755
2.1027
2.06509
2.27789
2.38314
2.21359
1.43528
1.74376
2.11719
2.46683
1.56038
2.19801
2.47496
1.79737
1.8446
2.3386
2.35073
2.38919
2.47233
2.43703
2.53806
1.83753
2.38122
1.38131
2.3768
2.46458
1.92675
1.88743
1.41854
1.60264
2.27517
1.84105
1.78449
2.2542
2.23482
2.35459
1.18651
2.18655
2.46316
1.80501
2.39932
1.40556
2.01137
2.44102
1.35514
2.5244
2.41831
2.27467
2.071
2.19505
1.94316
2.26278
1.89594
2.01011
2.35931
1.95166
2.32439
2.37118
2.56559
1.67893
1.8525
2.48116
2.36391
2.24707
2.23186
1.98621
1.50808
2.44111
2.23692
1.80154
1.86654
2.08026
2.47589
1.52657
2.3744
2.49245
1.36467
2.04625
1.92797
2.32721
1.62736
2.39511
1.95386
2.21922
1.26947
1.25519
2.12392
2.50134
2.01776
2.16717
2.2342
2.39004
1.14317
1.42857
1.80541
2.37449
1.80291
1.49944
1.58978
1.34245
2.2752
2.2599
2.43334
2.38577
1.63484
2.32561
1.98202
2.14747
1.90883
1.4125
2.28613
2.48674
1.95415
2.54785
2.26342
2.01222
2.12956
1.9851
2.09446
2.01242
2.21625
2.38663
2.12175
2.2831
1.91711
2.06659
2.16549
2.36683
2.25826
2.37782
2.44187
2.22385
1.64514
2.26443
2.4316
2.48743
1.58379
1.83255
2.3633
2.3689
2.55402
2.53587
1.17736
2.46028
1.43063
2.131
1.74671
2.2818
1.70262
2.00189
1.51607
2.32136
1.73865
1.71145
2.59984
1.53771
1.36211
2.2107
1.86032
2.32577
2.39686
1.97148
1.4951
1.92947
2.49871
2.55517
2.36522
2.45531
1.57271
2.2162
1.84346
2.45944
1.32156
2.56264
1.97372
2.22759
2.46066
2.39449
1.66379
2.16832
2.37295
1.7871
1.38853
2.41062
1.43859
2.50873
1.71801
1.71686
1.88683
1.96277
1.60276
1.96592
2.56446
2.42816
2.37499
2.37295
2.08519
2.52213
1.89251
1.50296
1.40453
2.45286
1.50763
2.19604
2.15216
2.19526
1.22891
2.57392
2.50617
2.16039
2.01561
1.98625
1.41055
2.35211
1.64716
2.27534
2.48819
2.1986
2.40642
1.65701
1.42571
2.5631
2.0271
2.26106
1.99007
1.43622
1.37368
2.05223
1.33823
2.47418
1.96352
1.48404
1.25997
1.77446
1.43555
2.01914
2.60264
1.68519
1.94287
2.27957
2.1116
2.17165
2.1459
2.19268
1.053
2.51272
1.99231
2.39
2.43953
2.32429
1.94635
1.93859
2.27397
1.22765
2.49233
1.94581
2.29797
2.11554
1.18584
2.28622
1.04763
1.99234
2.38481
2.51341
2.05118
2.16813
1.95291
2.50124
2.37042
2.50631
2.19651
1.89318
1.34654
1.08746
2.37631
1.70548
1.04265
1.89065
1.67321
1.70181
2.47499
2.54105
2.33947
1.58255
1.72799
1.90782
1.23044
1.19924
2.44133
2.22727
1.74594
1.48471
1.00296
2.13652
2.44976
1.69714
1.74229
2.07536
2.22507
2.41855
2.03267
1.1227
2.06305
1.65676
1.60373
2.19745
1.68004
2.54254
2.06006
2.27566
2.06661
2.43178
2.4218
1.4619
2.16203
2.56958
1.88268
1.99269
1.87722
1.33389
1.81981
2.46093
1.25021
2.48461
1.96279
1.67415
2.33992
2.50989
1.32052
1.42769
2.57114
2.20022
1.26616
2.33849
2.17095
2.48339
1.80351
2.01449
2.35231
2.27051
1.35428
1.4527
2.10879
2.56498
2.53014
1.62085
1.16939
1.38796
2.06543
1.8437
1.4218
2.26007
2.49462
1.61923
1.78189
2.19598
2.47921
1.52542
2.30424
2.03333
1.9054
2.03057
2.42517
2.16969
1.71795
2.14772
1.67094
2.41406
2.44217
2.55251
2.32395
1.98299
2.09554
2.48869
2.06589
2.15771
1.87414
2.35763
2.19194
1.2937
1.90579
1.87355
2.45648
1.81288
2.5386
1.98227
1.42256
1.17639
2.28683
2.14324
1.72167
2.22167
2.30719
2.39485
1.87125
1.90594
1.88015
2.3318
1.86548
2.31976
2.32562
1.77023
1.49507
2.36129
1.59436
2.14085
2.46946
2.12105
2.39702
2.39122
2.30527
2.37897
2.10327
1.4996
2.35612
1.34905
1.92346
2.55972
1.56788
2.57208
2.26398
2.31235
1.6215
1.02653
2.46338
1.72657
2.18032
1.52302
2.16846
1.84763
2.58355
1.45458
2.12209
2.4385
2.22223
2.05907
2.11107
2.21394
1.87939
2.46333
1.88667
1.80559
2.58615
2.51235
1.85142
1.60359
1.10275
2.2598
2.46123
2.50743
2.33598
2.1654
1.98634
2.01132
2.12861
2.42093
2.53973
2.20881
2.54777
1.98193
1.91249
1.90142
1.0299
1.69746
1.87773
1.63227
2.51558
2.53589
1.63659
2.06514
2.45063
2.36978
2.08944
1.64757
1.18552
1.9312
2.41046
2.21949
1.98615
1.56086
1.46127
2.46106
1.57281
0.9825
1.51032
1.67639
2.44767
2.28536
2.17931
1.70469
2.39823
1.88008
2.51297
1.72893
1.49188
1.75022
2.54635
2.43939
2.09969
2.49324
2.4195
2.46152
2.55724
1.26764
2.19058
2.06832
1.28634
1.79967
1.4597
2.43792
2.49731
1.6509
1.58815
1.76669
2.18044
1.14376
2.31207
1.46375
2.39456
2.54462
1.4628
2.20546
2.45807
1.93829
1.48287
1.49245
2.32143
2.53243
2.00201
1.84288
2.53425
2.45163
1.98549
2.6031
2.47116
1.9487
1.98767
2.02534
2.33191
1.96093
1.13683
1.87146
1.58994
2.19929
2.29384
1.53786
1.42775
2.05258
1.528
1.68737
2.58444
2.37455
2.19946
2.22565
1.85364
2.12225
1.36563
2.06622
2.21083
2.23838
1.9812
2.54011
1.87869
2.46692
1.96129
2.22394
1.15296
1.97803
2.33992
2.49271
1.99803
1.92286
2.50186
2.36372
2.34188
2.48142
2.18167
1.98026
1.94354
2.18759
2.10631
2.52802
1.25861
2.48639
2.54576
2.07179
2.06871
2.17573
2.4097
2.31223
1.45644
2.07326
2.34851
2.59374
2.58992
1.75391
2.3832
2.23964
1.85189
2.51909
2.40289
1.46192
1.3048
2.48843
2.0631
2.47849
2.45968
2.39733
1.69382
1.93669
1.93099
2.12768
2.54264
1.63128
2.36499
2.35824
1.3887
2.15849
1.92241
1.90307
2.27343
2.22374
1.69392
2.10055
2.27532
1.57786
2.51446
1.88728
0.88702
1.46469
2.33861
2.48565
1.97487
2.37001
1.71205
1.1145
1.22927
2.43672
2.06017
2.43943
2.03015
2.28248
2.01189
2.301
1.78004
2.5457
2.09856
1.36472
1.96466
2.10021
2.20221
1.61042
2.64437
1.67457
2.40437
2.02521
2.26415
2.25375
1.59814
2.44234
2.48586
1.66193
2.41321
1.78861
2.05725
0.974348
2.0669
1.83122
2.30824
1.39518
1.18055
2.4455
1.77521
1.74999
2.15345
2.15106
2.36272
1.99723
1.21877
2.45187
1.98152
1.51958
2.29283
1.1488
2.5422
1.23641
2.13775
1.67261
2.43181
2.43169
2.01595
2.18705
2.14462
2.0037
1.56123
2.47858
2.13459
2.25062
1.9454
1.6381
1.96567
1.62626
2.29045
2.29765
2.51309
1.43879
2.02827
1.09612
1.42363
1.42934
1.48102
1.98938
2.14478
2.56958
2.5154
2.1997
2.21422
1.97754
2.12731
1.43214
2.04025
1.55883
1.8522
1.9936
2.27541
2.36983
2.4625
1.40225
2.35566
1.49978
2.1272
1.05929
2.46673
1.93808
1.96689
2.10543
2.28748
1.891
2.23643
2.49122
2.17024
1.48561
2.5162
2.24215
2.46144
2.29571
1.70723
2.14418
2.24532
1.84812
1.4212
1.36154
1.66709
2.4654
1.68077
2.46126
2.38326
1.99098
2.42603
1.07158
2.11526
2.18249
1.50036
2.47686
1.95361
2.40828
2.55042
2.57519
1.78872
2.31641
2.36888
2.37992
2.37657
2.53246
1.50411
1.8108
1.66562
1.96751
2.17107
2.07903
2.10865
1.71072
2.46978
2.54584
2.03886
2.09431
2.13745
2.48638
2.51651
2.29509
1.21294
2.44775
1.43837
2.2721
2.45531
2.26011
1.50301
1.05937
1.46509
2.19851
1.25132
1.90901
1.74993
1.68196
1.95782
1.65812
1.84042
1.20081
2.37058
1.92221
2.41634
2.21999
2.31603
1.52537
1.49096
1.62053
2.2429
1.45827
2.12336
1.34374
2.38826
1.52616
2.10939
1.68424
1.69271
1.61741
2.48152
2.0697
2.17233
1.92738
1.4281
2.11083
2.12551
2.33644
2.33395
2.2474
2.50736
2.02657
1.94209
1.38897
2.37632
2.45979
1.00565
2.55123
2.04681
2.17901
1.69789
1.77096
2.04991
1.89538
1.19897
1.66195
1.7842
2.45276
2.27104
1.66476
1.50281
2.24323
2.1225
2.47922
2.36897
2.52495
2.455
1.70292
2.2328
1.77649
1.98479
2.53956
1.63849
2.58501
1.30451
1.46021
1.97619
2.61045
2.22836
1.93024
2.27203
2.19911
2.14547
2.37906
2.28928
1.64721
1.78384
2.49553
2.31767
2.26823
1.63552
2.54668
1.38499
2.06493
1.24045
1.70978
2.0694
2.12707
2.14266
1.28501
1.93086
2.43388
2.05283
1.47433
1.12773
1.27211
1.90627
2.11756
1.96342
1.43312
2.1159
1.3963
2.42991
1.96823
1.75037
1.41138
1.50201
1.85715
1.59428
2.05403
1.40032
2.56869
2.49744
1.68745
2.08067
1.41035
2.14542
1.85862
1.24583
1.15869
2.36694
2.36238
1.74094
2.4826
2.47607
2.50313
2.43428
2.18339
1.63145
2.54318
1.76984
0.988444
1.87771
1.99812
1.38829
1.43363
2.51565
2.06382
1.53005
1.99474
2.01578
1.62277
1.82567
1.97203
2.29892
1.98354
2.18569
2.60034
2.52821
1.83155
2.20893
2.24356
1.86603
2.09054
1.92692
1.89962
2.55854
2.42743
2.02139
1.17549
2.16971
1.39369
2.36494
1.99159
1.63784
1.99965
1.96387
2.3616
1.46745
2.45866
2.5415
2.28895
1.24841
2.21388
1.45272
2.29078
1.41683
2.35249
2.10285
1.5579
1.16915
2.28162
2.43801
1.67071
2.53958
2.24672
1.84369
1.84557
2.45433
2.29591
2.58733
2.14617
2.33884
2.47331
2.21232
2.45287
2.1481
2.28575
1.78554
2.40832
2.17124
1.24422
1.97589
1.43294
2.0694
2.24699
1.06865
1.4676
2.33317
2.31406
1.64901
2.08702
2.28753
1.94398
2.36445
2.15341
2.34991
1.21816
1.92889
2.42214
2.1297
2.33467
1.9978
2.44127
2.38397
2.061
2.24729
1.7358
1.43271
2.16405
2.29362
2.42956
2.18186
1.97076
1.93209
1.96327
1.12697
2.07278
1.40965
2.27926
1.72536
1.48033
1.65208
2.11275
2.20513
1.94698
1.82115
1.94529
2.41072
1.23327
1.28094
2.40632
2.26178
1.55294
2.14631
2.28402
1.13893
1.87453
1.87879
2.25377
1.34521
1.82999
1.13389
2.33047
1.51528
2.52634
1.29739
1.10003
1.91011
1.93199
1.56086
2.13499
1.6047
1.72179
1.64364
2.21974
2.29573
2.38729
1.81368
1.87828
1.23137
1.70262
2.12044
1.70018
1.20301
1.61273
2.22857
2.45286
2.26319
1.01377
2.04971
2.29036
1.81786
2.25269
2.43539
2.53415
1.13601
1.90676
2.36128
2.32156
1.45185
2.51879
1.31376
2.12086
2.5213
2.31484
2.2711
2.3561
1.73254
1.89437
2.01612
2.52913
1.45014
1.26476
2.35773
2.46315
2.25733
2.48251
1.59858
2.03645
2.52128
2.21913
2.14344
2.49263
2.49532
1.83608
1.72236
1.97282
1.28171
2.22578
2.46602
2.54084
1.33154
1.86678
2.04939
2.49675
1.35403
2.47317
1.90404
1.82407
2.25793
1.7884
1.88387
1.93291
2.55941
1.54347
2.088
2.1152
2.21498
2.34204
2.10887
2.46512
2.53826
2.41647
2.3772
2.07652
1.975
1.78857
2.35264
2.58156
1.79771
2.01522
2.49273
1.96816
2.13954
2.33707
1.84897
1.33969
1.86012
2.42601
1.0091
1.64265
2.57654
1.78219
2.03675
1.93078
2.46011
1.99279
2.2364
2.20796
2.38721
2.09598
2.32509
2.25494
2.26951
2.19517
2.4147
2.04754
2.41834
1.53544
2.48517
2.21023
2.02064
2.24299
1.50694
1.79524
1.45468
1.49587
1.22711
2.07222
2.16009
1.83596
2.20106
2.43084
1.6373
1.51253
2.22837
1.43034
1.45457
2.20302
1.93381
1.84893
2.30742
2.2541
2.54196
2.22663
2.56775
1.51871
2.16539
1.69487
1.80972
1.78929
1.90078
1.23856
1.87594
1.29728
2.2491
2.33629
2.27797
2.51264
2.35771
2.07855
1.84567
2.53494
1.65914
1.57744
2.32093
1.06783
1.74
2.24577
2.3773
2.51118
1.8385
1.70168
2.37436
2.0506
2.27174
2.59206
2.45943
1.61906
2.21345
2.23025
2.43829
2.12598
2.55021
2.48529
2.28336
2.28264
1.42303
1.82285
2.19398
1.46978
1.93238
1.80831
2.16998
1.69978
2.22106
1.42971
2.58964
1.90253
2.57355
1.79626
1.33472
2.06434
1.37113
1.99062
2.00434
2.34595
1.7832
2.4662
1.68857
2.33173
1.96538
2.02734
1.81631
1.9786
2.03746
1.30873
2.1575
1.3248
2.14731
1.87
2.028
2.44956
1.69147
2.51702
2.25398
1.89447
1.54776
2.04615
2.37237
1.17046
1.22166
2.13247
2.06308
1.5024
2.26635
2.20286
1.83412
2.30962
2.09003
2.43012
1.55889
2.16948
1.55958
1.94461
2.37358
2.45727
2.27774
2.53667
2.41368
2.22396
2.31
2.06458
1.29372
1.99845
2.51493
2.07206
2.41186
2.53444
1.89703
2.47207
2.44443
1.7717
1.30403
2.22718
2.41969
1.96223
1.70078
2.44292
2.40514
2.12247
1.52196
1.40381
1.52534
1.63527
1.75322
2.50501
2.43175
2.40012
2.21117
2.48841
1.62258
1.51167
1.67339
2.27853
1.65656
2.16168
1.79936
1.85175
1.75414
1.67299
2.40898
2.22882
2.28502
1.92269
2.27639
2.03347
2.38355
2.29853
2.42987
1.84074
2.48359
2.24064
2.10042
2.39844
2.15597
1.76928
1.5674
2.1914
2.15558
2.0416
2.18961
1.90003
2.25784
2.57432
1.02483
1.79532
2.17618
2.29675
2.15366
2.06879
2.34644
1.50813
1.32706
2.04198
2.57332
2.26049
1.70095
2.2661
2.30667
1.83112
1.82093
2.39849
2.24334
1.98086
0.86863
1.99588
1.40352
2.36344
2.48103
1.51982
1.47266
1.5517
2.14662
2.26817
2.20752
2.29193
1.5865
1.34878
2.30228
2.49514
1.98099
1.67768
2.48735
1.50902
2.13007
1.61938
1.60934
1.84561
1.51865
1.55809
2.53838
2.41382
1.38971
1.60071
1.90091
1.95531
2.11331
2.49595
2.00378
2.39983
0.985567
2.03981
2.25101
2.36801
2.52173
2.44501
2.35538
2.09488
1.31606
2.27997
2.01371
1.43856
2.34164
1.83662
2.46859
1.25866
1.43851
2.30122
1.10631
2.18881
1.76199
1.94954
2.43019
1.91133
2.14521
1.94532
1.66021
1.76805
2.351
2.28142
2.11197
1.64627
1.43521
2.01379
2.5526
2.02301
1.82169
1.86161
2.32422
1.51879
1.92753
2.52419
1.86064
1.65138
2.28028
2.44206
1.43456
2.29448
1.88971
1.78255
2.37442
1.44021
2.15414
1.79309
2.33781
2.19623
1.94874
2.23812
2.31134
2.02568
1.305
2.5441
2.35527
2.52897
1.69897
2.19599
2.37376
2.18576
2.39443
2.10911
2.00641
2.33896
2.41204
1.63456
2.31
1.11712
1.94061
2.12893
2.1153
2.23628
1.83798
2.38667
2.36552
1.28109
2.4665
1.95373
1.11198
1.55999
2.27489
2.32087
1.78065
0.967642
1.67678
2.39616
2.1927
2.4953
2.1986
1.36621
2.50269
1.63098
1.25785
2.34492
0.760894
2.56073
1.96735
1.76572
2.30927
2.45567
1.70532
1.85574
2.19881
2.05056
2.05431
1.95447
2.01883
2.19453
1.81709
2.54955
1.61208
1.81329
2.10498
2.59174
1.97968
2.46623
2.08557
2.26522
1.92312
1.79569
1.28705
2.11423
1.91298
1.89093
2.20288
1.2618
2.22696
2.34748
2.42167
2.57219
1.99425
1.82164
2.52864
2.35495
1.60589
2.1474
2.48187
2.37736
1.80622
1.37654
2.11217
2.13318
2.51398
2.43051
2.13251
1.28835
1.74184
2.15114
1.94519
1.2297
1.15603
1.33159
1.98602
1.48714
1.86948
1.58728
1.15173
1.82745
2.52898
2.01735
0.839883
1.5158
2.49762
2.20011
2.2941
2.53759
1.88683
1.99965
1.20171
1.61061
1.09159
0.847806
2.12495
1.35544
2.14894
1.94808
2.54634
2.20574
2.53344
0.781795
2.40155
2.03695
1.87845
2.24365
2.15298
2.19717
2.35122
1.73683
1.80627
2.50757
1.67832
1.94314
1.73163
1.61633
2.30998
1.47759
2.60502
1.91118
2.27997
1.66984
1.90337
2.49712
2.40107
1.29829
2.37945
2.3883
2.07822
1.96482
2.19019
2.27337
2.14991
2.48666
2.47684
2.43798
2.30009
2.24679
1.86195
1.93102
1.54718
2.28474
2.53186
1.33495
2.51823
2.18011
1.64632
1.34637
2.20162
2.47358
1.1346
1.65071
2.31612
2.00607
1.95349
2.28941
2.14007
2.36765
1.6241
1.22929
2.43222
2.20342
2.33879
2.32762
2.30934
1.23454
2.00829
2.02768
2.4033
1.57416
2.37803
2.52262
2.33154
1.64575
0.787958
2.4463
2.2817
2.34808
2.32726
2.49733
2.33866
1.90578
2.49847
1.26451
1.67351
2.4774
2.23431
2.54015
2.44314
2.19576
2.43128
1.97715
1.87546
2.57356
2.29557
1.68599
2.12858
1.93182
1.3189
1.62052
2.26571
2.06081
2.20836
2.19925
1.47786
1.52122
1.84625
2.13793
1.68997
2.28569
2.09702
1.62517
1.68646
2.09191
1.76179
2.49774
1.65685
2.22041
1.53597
1.35239
1.18915
1.59704
2.18873
2.08838
1.95379
2.4276
1.18573
2.5982
1.56918
2.49339
1.76435
2.08286
1.16956
2.09346
2.45997
2.33911
2.53691
2.09905
2.51335
2.29036
2.38797
1.87071
2.58454
1.97888
2.49813
2.33415
2.12925
1.93719
2.07423
2.4891
2.38695
2.2541
2.43458
2.49398
1.55614
2.14783
2.10427
1.42623
2.52344
2.20089
1.59273
1.95805
1.41656
2.34306
1.87415
2.13506
2.19229
2.44194
2.2588
2.24947
1.95821
2.25995
1.54112
0.926101
1.77464
2.11944
2.38569
1.37007
2.53714
2.36245
2.41116
1.28634
2.48643
2.15267
2.49657
2.18846
2.03789
1.48906
2.3106
2.10389
2.27258
2.08217
2.00462
2.29559
2.41237
1.80324
1.61579
1.14902
1.84627
2.30628
1.91034
2.12397
2.45408
1.31183
2.50067
2.27319
2.36042
2.55904
2.46139
2.39355
1.62831
2.25358
1.99601
1.69198
1.68577
2.53999
2.34685
2.5734
1.11783
2.49673
1.80745
2.2274
1.69564
1.96054
2.22042
2.5313
2.14937
1.58559
1.52391
1.87378
2.21104
1.57633
2.0963
2.31267
2.45663
2.2506
2.44219
2.18376
2.48343
2.21251
2.33784
2.48418
2.48644
2.2273
1.44942
1.55595
1.89961
2.09845
2.1573
1.365
1.65647
2.09915
1.04965
2.16515
2.27018
1.05037
2.24541
1.89151
2.15407
2.4579
1.64437
1.88992
2.4825
1.65826
1.28616
1.78493
1.84741
1.78618
2.07724
2.45348
2.55137
2.07702
2.3497
1.96958
1.93444
2.12681
1.0754
2.40978
2.44323
0.972443
1.88023
1.76201
2.48396
1.42947
2.41013
2.3996
1.63143
1.98187
2.54561
2.33515
2.2261
1.90005
2.52686
1.90034
1.64828
1.78909
1.86962
2.55772
1.40083
1.99759
1.59499
2.53553
2.46207
2.00995
1.98063
2.35344
1.65073
1.99161
1.18554
1.74175
2.17281
1.79754
2.18065
2.46546
2.52164
1.33855
1.79491
2.31972
2.13504
2.22512
2.24449
2.07919
2.46135
1.95286
1.80725
2.24399
1.99475
2.06601
2.41481
1.98421
2.55374
1.34756
2.37017
2.38986
2.09262
2.32179
1.66839
2.09607
0.854367
2.41378
1.29941
1.84255
1.83071
2.03951
1.26881
1.76764
1.93996
1.64883
1.8875
1.8071
2.25787
1.33171
2.33805
2.48309
2.56769
2.33022
2.49471
2.27758
2.23588
1.69715
1.65068
2.51409
2.06434
2.25566
1.85081
2.35961
2.14817
1.98043
1.15688
2.15678
2.45279
1.98264
1.68579
2.15907
2.30376
2.47899
1.70752
2.47285
1.68251
1.6546
1.00653
2.6094
1.11582
1.47095
1.93555
1.74652
1.91578
2.25029
2.50726
2.26955
1.78876
1.51873
1.51626
1.80785
2.35955
2.03151
1.72604
2.07731
2.29685
1.51082
2.49734
2.42882
2.0094
2.28883
1.54004
2.43014
2.43962
1.49388
2.46676
1.82241
2.12754
0.937753
2.32677
1.85189
1.73866
1.95585
2.411
2.08296
1.62235
2.29072
2.1246
1.2894
2.03304
1.45214
1.50976
1.90717
1.89667
2.50419
1.89394
2.19447
2.42541
1.76883
2.15286
2.47033
2.24228
2.40028
2.45297
1.69493
2.04698
1.49869
2.47887
2.21106
2.22103
2.26542
2.10622
2.55683
1.01482
2.32578
1.27207
1.23886
2.50031
2.09966
2.52163
1.95733
2.15435
1.67173
2.51589
2.45835
2.41465
1.97908
1.84589
1.29503
1.98172
2.17343
2.07273
2.01471
1.51034
1.78348
2.46075
1.76168
2.46095
1.22356
2.1095
1.8892
2.46381
2.00013
1.84817
2.36423
1.9848
1.27337
2.29749
2.13209
2.54263
2.49172
2.50915
2.54428
2.45085
2.53737
2.39091
1.58801
2.32384
2.39361
2.31915
1.82384
2.05038
2.47603
2.32289
1.57343
1.27624
2.32732
2.28624
1.45693
1.49016
1.88528
2.34037
1.04051
2.46903
2.03807
2.03585
2.26091
1.89082
2.45275
1.78407
2.22689
2.50615
2.02924
2.0884
1.66019
2.37353
1.56087
1.97667
1.64347
2.35438
2.38202
1.35478
1.77881
2.19541
1.48941
1.53934
2.13089
2.23937
1.96169
2.22477
2.42059
1.60375
1.45675
2.4199
2.20866
2.53116
1.83921
0.861877
1.97939
2.53115
1.85189
2.27462
1.10038
2.50826
2.38735
2.27439
2.0796
1.41414
1.31328
2.57041
2.46789
2.40085
2.32309
2.50352
1.62266
2.08825
1.67668
2.08496
2.1673
1.56527
1.58899
2.2805
2.23759
2.47561
1.85473
2.07046
2.44555
2.57333
1.80912
1.92333
2.44695
1.45469
1.256
1.84141
2.13518
2.55443
1.54183
1.4275
1.53074
2.15539
1.75945
2.30549
1.8645
2.00187
2.05529
2.33462
2.3842
2.52809
1.7155
1.90614
2.05144
2.32493
2.51141
2.04561
2.13663
1.61345
1.55994
1.70184
1.71397
2.36749
2.07381
2.22664
2.06678
2.52523
2.03027
2.23709
1.39851
2.26205
1.85614
2.47453
2.52214
1.89579
1.43795
2.18123
2.28954
2.24824
1.28642
2.38952
1.82454
2.38694
2.52412
1.96286
2.111
2.49988
2.13228
1.36717
2.18865
1.70719
2.01462
1.63546
2.20223
2.20787
2.0729
2.56337
2.14138
1.65504
2.24542
1.70335
2.11991
2.40408
1.71952
1.57487
2.05309
2.14051
1.772
1.78389
2.51627
2.2783
1.92096
2.27797
1.23269
1.88118
1.89801
1.17819
2.57916
2.04836
0.976101
2.56292
1.69143
1.41499
2.42332
1.53583
2.45387
2.47376
2.3916
1.7063
1.87723
2.23307
2.44837
2.19121
2.40653
2.08722
2.40506
2.45974
1.4095
2.0812
1.94705
2.50561
2.49784
2.45696
1.79895
2.21893
1.00033
2.47263
1.79672
1.39539
2.10075
0.977987
2.51931
1.84964
1.91264
1.95509
2.43844
2.55501
2.4513
2.09224
1.88673
1.32369
1.23431
2.1098
2.16254
2.43925
2.02285
1.75087
2.47904
1.82795
1.99724
2.02705
1.91801
2.26508
2.16746
2.41225
2.4969
2.35999
0.931641
1.82629
2.05935
1.79594
2.16948
2.05442
2.4535
1.41055
2.16943
1.04863
1.86055
1.99231
1.98541
1.99223
1.79909
1.98252
1.42654
2.3398
1.39659
1.61694
2.48544
2.25222
2.55
2.20049
2.27457
1.99198
1.11111
1.95784
2.3312
2.53563
2.24755
1.89076
1.42641
2.43707
2.41666
2.29963
1.79335
2.57762
1.92118
1.66195
2.26454
1.69651
1.9468
2.42348
2.35103
0.959474
0.808451
1.3257
2.52059
2.28084
2.48912
2.37091
2.21705
2.41923
2.0262
1.53414
1.16594
1.26316
2.09925
2.16124
2.3173
1.63717
2.295
1.48667
2.56826
1.98436
1.39302
2.12881
1.38894
1.63598
1.01066
2.25018
2.52267
2.47108
1.74347
1.7305
2.16338
2.52899
2.11415
2.43469
2.21369
1.70757
2.55197
1.78262
1.73398
2.30613
2.50905
2.37131
2.48321
1.91568
2.12368
1.77762
2.25987
2.32485
2.37745
2.33235
2.57672
2.04354
1.73933
1.27817
1.82694
2.04199
1.30928
1.86304
1.78832
2.29928
2.55182
2.47883
2.06163
0.978455
1.43566
2.41508
1.74106
1.75672
2.30254
1.63587
2.52744
2.20782
2.18114
1.96334
1.14858
1.92331
2.32341
2.22255
2.06189
1.66765
1.18482
2.057
2.40796
1.58974
1.84304
1.69205
1.86082
2.31202
1.69072
1.85113
1.30864
2.18301
2.34437
2.49676
2.26673
1.93841
2.01763
2.30358
2.49869
2.13268
1.47832
1.8372
1.61823
1.79372
1.86018
1.61283
2.54796
1.86314
1.48427
1.8211
1.17684
1.96975
2.36488
2.03466
2.03319
1.29199
2.43779
1.75925
2.51021
1.69733
1.63738
2.18173
2.27802
2.48186
1.94036
1.83117
2.53716
1.9399
1.33839
2.35545
1.03583
2.32012
2.04639
2.26863
2.49919
2.03751
2.06076
1.16505
2.40693
2.16464
2.38235
2.4205
2.14059
2.14865
2.53711
2.43725
1.98772
2.32077
1.52769
1.23076
1.36504
2.37747
1.83453
1.73867
2.25572
2.1882
1.78241
1.98596
2.03307
2.45643
1.98749
1.99832
1.17806
1.80697
1.9322
2.15964
2.03554
2.46082
2.12879
2.2423
1.30572
2.36137
1.85534
2.09498
2.07273
1.57041
2.06753
2.26216
1.89375
1.85987
1.56111
2.22053
2.21804
2.6136
1.97847
1.74242
2.04938
2.58474
2.4767
2.47776
2.29293
1.89791
2.1693
2.12602
1.46236
1.24106
1.56917
2.01094
2.17664
2.18585
2.22147
1.56632
2.20937
1.82901
2.10957
1.66367
1.94543
2.31783
1.40096
2.53123
1.37285
2.28426
1.97703
2.42915
2.04429
2.3714
1.90151
1.75069
2.15757
1.77257
1.78098
1.06172
2.42322
2.45258
1.70045
2.42159
2.18953
2.29717
1.472
2.51125
1.88448
0.798955
2.561
1.74898
1.45644
1.93261
1.38379
2.16225
2.38726
2.36244
2.18946
2.19878
1.92497
2.02266
2.42061
2.53663
2.47294
1.85135
2.26822
2.3776
2.38276
2.04294
1.80159
2.31643
1.75407
1.30845
1.75332
2.41415
2.31373
1.41841
2.40747
2.47385
2.51335
1.59342
0.961939
1.56518
1.58015
2.56568
2.33983
1.77026
2.43029
1.76783
1.7519
2.11378
1.63723
1.50553
2.55181
1.73465
2.29849
2.44149
1.816
2.41692
1.5903
1.41158
2.28128
2.12105
2.48154
1.59509
2.35183
2.38826
1.61721
2.11954
1.49049
1.29316
2.31943
2.26934
1.87923
2.18833
2.13147
1.56551
2.18642
1.79487
1.91804
2.52882
2.47681
2.50955
1.72072
2.26727
2.43061
2.12263
2.49703
2.46066
0.9292
1.31669
1.04769
2.3231
2.0533
1.79651
2.57051
2.34323
1.92798
2.57085
2.24558
1.54244
1.4836
2.49522
1.63105
2.57511
1.92628
2.24378
2.38175
2.36321
1.28037
2.19822
2.58423
1.52036
2.28108
2.47335
1.86924
2.48333
1.05653
2.51044
2.31852
1.89434
2.28782
2.51845
2.38968
1.89446
1.76229
1.32761
2.25294
2.27377
1.52453
2.47104
1.58015
1.89518
1.64831
2.27107
2.13141
2.3961
2.01001
2.463
2.40008
1.87945
1.40878
2.16873
1.91612
2.29189
2.0608
1.9562
2.49863
2.55317
2.19777
1.39855
2.18986
2.36035
1.27064
2.34041
1.30931
2.40266
1.68912
2.43355
1.75449
2.58329
1.70881
2.49456
2.30101
1.58208
1.32306
1.53195
1.16141
2.31244
2.2184
2.36471
2.36466
1.84729
2.3527
1.65602
1.13386
2.24523
1.78776
1.27568
1.62648
2.16758
1.69266
2.03417
2.12869
1.88583
1.80959
1.86147
2.54577
1.97814
1.92896
1.3652
2.38401
2.22461
1.78947
2.18136
2.47778
2.22539
1.46335
2.26804
1.79667
1.59119
2.52037
2.27584
1.36895
2.15657
1.29357
1.86344
2.30899
2.35224
1.76883
1.84124
2.46438
1.76622
1.41366
1.53193
2.49872
2.50911
2.42079
1.39539
2.09517
2.24742
2.60435
0.767841
2.30715
1.37502
1.84486
1.23957
1.98824
1.9971
2.22354
2.25411
1.95968
2.28091
1.66945
1.93215
2.25204
1.72924
2.45748
2.52402
2.29423
1.96399
1.5044
2.2755
2.15262
2.52704
2.38149
2.32057
1.72028
2.28927
1.62017
1.77691
1.95635
2.16029
1.82657
2.07201
2.30129
2.10154
1.33891
2.52371
1.71388
2.05584
1.27163
2.07063
1.31836
2.41108
2.01354
1.7798
1.09775
1.9876
2.24047
1.95743
2.27561
2.39529
1.44258
2.5167
1.73033
2.40024
2.04945
2.15655
1.70698
1.90399
1.90199
2.0338
1.93999
2.5207
2.31663
2.1714
1.70637
2.41364
1.91435
2.3436
2.46944
1.92971
2.13591
2.04188
2.05156
0.814033
2.05128
2.49498
2.53582
2.55469
2.5845
2.32164
2.53024
2.43059
2.54964
2.45917
1.91055
1.83535
2.26486
1.24023
2.30684
2.43259
0.711214
2.27162
1.96691
1.88777
1.32518
2.53897
2.43732
1.86906
1.17804
2.5371
2.26824
2.38667
2.14377
2.5513
1.84171
2.28465
1.7062
1.70845
2.54324
2.63253
1.31716
2.52141
1.96195
2.3456
2.22557
1.04215
2.45915
2.35013
1.96228
1.52501
2.34015
1.13925
2.38224
1.76174
1.80479
2.59356
1.95092
1.56453
2.34061
2.37363
1.18462
2.38721
2.09687
1.45475
2.44035
2.33715
1.44727
2.4083
1.53545
2.12024
1.25986
2.36454
2.30738
2.37593
2.49672
2.2587
2.35444
2.10543
2.30778
1.40015
2.37973
1.93818
2.14599
1.61553
1.96365
1.56035
1.91145
1.67009
2.07062
1.52276
2.01791
1.5737
1.94937
2.30059
2.53797
1.49124
2.46203
1.59252
2.01069
2.42528
1.0957
2.23612
1.55222
1.38006
2.49323
0.971645
2.16473
1.83857
1.01203
1.84447
2.24066
1.4999
2.0643
1.45607
1.88763
2.05276
1.21146
1.98974
1.12964
1.79975
2.45612
1.11056
1.81539
1.60994
2.22599
1.96001
2.48957
2.16038
1.74531
2.05374
2.36003
1.27114
1.84777
2.3842
2.5389
2.1856
2.28867
1.89924
2.29639
2.46939
2.44661
2.48588
2.00736
1.70678
2.36302
2.20244
2.23884
1.20634
1.63159
2.39318
1.1337
1.72265
1.72677
2.38392
1.48368
2.17868
1.64174
1.94534
1.8473
1.77063
0.874016
2.0977
2.56014
1.76239
2.15991
2.319
1.61797
1.72615
1.52848
1.78284
1.37155
1.76367
1.87952
0.873522
2.54119
1.58607
2.14927
2.42918
2.01649
1.82461
1.86356
2.33322
2.55843
2.12316
2.10797
1.92818
1.66718
2.46425
2.3571
2.10527
2.49247
2.02644
1.76664
2.10345
1.77119
2.29903
2.36721
2.11022
2.19827
1.88853
2.55351
2.36539
1.91134
1.6031
2.18139
1.72773
2.28716
2.25393
1.83201
2.25228
2.25798
1.75034
1.58474
2.43321
2.09413
2.15408
2.43949
2.49013
1.96317
2.15447
1.77579
1.89631
1.77528
1.67629
1.5769
1.60145
2.23434
2.53092
1.89481
1.45496
2.25785
1.55301
2.05683
2.53035
2.35649
1.824
1.49467
2.46307
2.16639
1.80562
2.12291
0.919287
2.07821
1.87207
1.68205
1.91927
1.52536
2.57695
2.18933
1.56514
2.5501
2.48514
1.37522
1.8931
2.17511
1.52377
2.08482
1.95564
2.39963
2.44552
1.61234
1.1156
2.24874
1.27579
2.29253
2.28309
1.99489
2.29417
2.34125
1.60087
2.13217
2.47519
1.68419
2.32773
1.37373
2.49177
2.53223
1.71264
2.24027
1.52594
1.95846
1.75348
2.23365
1.88
1.93511
1.40464
1.15292
1.652
2.31677
1.78552
1.47432
2.30424
2.10231
2.39543
2.0986
1.11291
1.5433
2.41938
1.34304
2.52096
2.06652
2.3282
1.85888
1.9516
2.38698
2.32346
2.23263
2.41486
2.1371
1.05925
1.4665
2.1402
1.37427
2.31766
2.2591
2.29523
1.59437
2.33943
1.56541
2.15208
1.56169
2.54118
1.82318
2.23368
2.5716
2.37708
2.35531
2.4583
2.10742
2.25218
2.54171
2.38826
2.35699
1.85801
2.18186
1.89418
1.8737
2.24902
2.52835
1.73781
2.27139
1.48658
2.11214
1.45355
2.0414
2.04634
1.7865
1.76039
1.98756
1.75393
2.22571
2.04285
1.7092
2.54031
2.01085
1.47199
1.56335
1.5788
2.56671
2.52293
2.07729
1.67936
1.66651
2.09828
2.54676
1.64522
2.01752
2.38277
1.47271
1.57426
1.87202
1.77964
1.37266
1.32902
2.28335
2.45239
2.25105
2.02737
1.41347
1.69303
2.49929
1.49594
2.20929
1.96695
2.0229
1.26098
2.01165
2.45063
1.99917
2.30193
1.99811
2.32653
1.52563
2.33304
1.81446
1.61419
2.41485
1.29381
2.00928
2.39364
2.36755
2.18332
2.19669
2.35958
1.82624
1.57224
1.87731
1.96045
1.39365
1.25014
1.96212
1.86254
2.33912
2.39249
2.13841
2.17535
2.18002
1.08369
1.96476
1.72095
2.47447
2.08714
1.71731
1.73145
2.46446
1.65896
2.3467
1.80672
2.49775
2.41233
2.09974
1.93822
2.31759
2.12249
2.32423
2.08042
1.57219
2.29477
0.925442
1.98195
2.49584
1.7259
1.35182
2.57175
2.50799
2.55639
2.23277
2.25295
1.99664
2.59099
2.4414
1.88081
2.35204
2.28307
2.59724
2.49649
2.42869
2.14375
1.95374
1.89897
1.83933
1.74302
2.14864
2.47693
2.53732
2.58468
1.542
1.47321
1.39468
2.38607
1.85981
2.54924
2.07077
1.61895
2.35076
1.94704
1.53072
1.41844
1.93434
1.91952
2.42801
2.42154
2.14674
1.87186
1.34133
1.61437
2.46241
1.74912
2.48333
1.86729
2.2401
1.74595
1.39251
2.38808
2.2101
1.25261
2.41355
1.65791
1.99128
2.50535
2.11922
2.50374
2.07542
1.1065
1.77602
2.16435
2.24223
2.34253
2.41007
1.46598
2.35656
1.23673
2.50684
2.04718
2.24292
2.13565
1.80641
2.29535
1.98911
2.38652
2.40714
2.50176
2.28167
2.08678
2.56956
1.53577
0.81646
1.55359
2.4643
2.26601
2.10398
2.29513
2.13058
1.8828
1.46647
1.06384
1.70622
2.54274
2.19421
1.87868
0.997754
1.7581
1.29713
1.54707
1.75767
1.68904
1.86591
1.57413
1.41965
1.80651
2.28318
2.27963
1.82808
2.06384
1.93311
1.52714
1.30846
2.44243
1.7047
1.57164
2.51046
2.33578
2.36156
1.77001
1.49979
2.33687
2.09862
1.45538
2.27981
2.48371
0.903563
2.55133
2.48524
1.54022
2.55189
2.17912
2.50298
1.4857
2.27456
2.55222
2.08035
2.27771
1.97605
1.62454
2.073
1.50711
1.92177
2.424
2.0835
2.48763
1.27438
2.34922
1.51886
2.26465
1.91075
2.51379
2.23685
2.00576
1.80824
1.89149
1.91135
2.15219
2.33612
2.31734
2.10361
0.931591
1.21263
1.73018
2.16238
2.37622
1.37929
1.64643
1.50052
2.41605
2.37215
2.06993
1.52252
1.6965
2.05492
2.37205
1.13032
1.63225
2.40365
2.04602
2.52661
2.55214
1.76431
1.47979
2.41548
2.23183
2.46304
1.88492
2.24127
2.19882
1.58499
1.95594
2.42956
0.986417
2.47942
1.75055
2.52919
1.60254
1.69561
2.33046
2.26076
2.11575
2.32804
2.24276
2.53431
1.61575
1.98851
2.45989
1.07188
2.11731
2.01347
1.57482
2.49254
2.15786
2.35937
2.51027
1.72594
2.07607
1.39781
2.17347
1.83903
1.84615
1.6301
1.12462
2.46409
2.33262
2.50871
2.50325
1.94053
1.1896
2.17593
1.33993
2.20789
1.22091
2.54542
2.37082
1.72011
1.96035
2.1533
2.13549
1.90995
2.36503
1.1836
1.63037
2.31525
1.39929
1.40231
2.39398
1.72199
1.95889
2.03089
2.3068
2.37427
1.46585
2.46273
2.52589
1.92027
1.759
2.24748
2.50589
1.46357
1.13321
1.48414
2.49667
1.53385
1.85807
2.38458
2.1457
2.44219
1.94004
2.11333
1.59732
1.9481
1.91488
2.04597
2.05426
1.52702
2.36627
1.51485
2.32507
2.55967
1.76993
2.06223
2.45764
2.38331
1.74139
2.55807
2.25209
1.51816
1.74721
2.03089
1.55005
1.89118
2.3649
2.3458
1.85206
1.68501
2.18825
2.29589
1.92238
2.58689
2.4111
1.92054
2.09254
1.87328
2.37078
1.42988
1.54618
1.80773
1.48632
2.1702
2.5072
2.52006
1.70074
1.94284
2.39559
0.925478
2.59818
2.1933
1.8386
1.60737
1.86527
2.48285
2.16282
1.91607
1.94837
1.44486
1.908
2.31591
2.05219
2.01119
2.29197
2.29971
1.57608
1.56028
2.49809
1.84258
2.19462
2.27241
2.53293
2.22796
1.80105
2.02538
2.05666
2.17163
1.02342
2.50987
1.14386
1.3602
2.45116
2.42488
1.70557
2.06202
1.8191
2.55363
1.72403
2.25465
1.97128
2.13227
2.35318
2.03789
1.27775
1.36867
2.58086
1.12967
2.56116
1.72949
1.5317
2.43491
2.07497
2.54652
1.25979
2.13973
2.53937
1.73329
1.94646
2.45679
1.43523
1.35456
2.50615
2.30846
2.41942
1.8646
1.77431
1.65228
2.13106
2.47422
1.83196
1.79788
1.88991
1.19835
2.18538
1.3718
1.7391
1.8815
1.80714
1.73264
1.46253
2.00948
2.54666
2.41202
1.3357
1.73205
2.307
2.29977
2.30419
1.64633
2.06523
2.13117
2.48685
2.56629
1.87696
2.32072
2.12762
1.8734
2.55889
2.08473
2.41506
2.12629
2.38923
2.51631
2.10798
1.66723
2.57434
1.96922
2.12785
2.12886
2.31801
1.75179
2.39454
1.39254
1.9877
2.46825
2.06449
2.33308
2.42447
1.57853
2.31857
1.07126
2.57655
2.53985
2.02087
2.34608
1.69646
1.69138
2.1448
2.07922
1.48127
2.11321
1.43666
1.75369
1.27005
1.7606
1.19739
2.58119
2.37599
2.44742
2.52705
2.07603
2.50251
1.77163
1.78708
2.35373
2.41497
2.30968
1.07758
2.20362
1.96373
2.07555
2.24603
2.14045
2.45186
2.5031
2.45909
1.77208
2.57042
2.48361
1.94608
2.29911
1.96165
2.04455
1.91428
2.29301
2.51397
2.29004
1.33146
2.42754
2.01935
2.15384
2.27713
2.15107
2.11905
2.40159
1.96485
2.25349
2.17548
2.0915
2.17866
1.50564
2.55855
1.96891
2.23873
2.16859
2.52652
1.0067
2.2921
2.5038
1.11168
2.129
2.27988
1.86688
2.52448
2.33639
1.49116
1.79973
2.39214
2.43682
1.93552
2.20976
1.84642
2.50001
2.54077
2.02764
1.58828
1.19731
2.33184
1.96132
2.44475
2.34496
2.04239
2.58578
1.72373
1.09142
2.5323
1.65466
2.15472
2.39184
1.68793
2.52669
2.18822
2.34725
1.67169
1.58185
2.45421
2.35049
2.31807
1.23757
2.5126
1.55099
2.4078
1.97805
1.6861
2.10703
2.44291
1.15768
1.34089
2.16541
2.27999
2.23886
2.30502
2.42761
1.72013
1.76733
1.42493
1.15276
2.43502
2.16105
2.33678
2.04966
2.57196
1.49018
2.10365
2.5658
2.11418
1.47226
2.23573
1.86796
1.95158
1.34104
1.52653
2.15722
2.04241
1.85311
2.21078
1.73534
2.33614
2.44673
2.10823
2.47492
2.08193
1.73934
2.49837
1.56506
2.21717
1.37593
1.15638
1.79105
2.20851
1.90782
2.56934
2.13743
1.64235
2.37877
1.87245
1.92808
1.3703
0.718024
2.38075
2.5527
2.2525
1.9533
2.05835
1.50416
1.61622
2.26226
1.4505
1.54445
2.22132
1.30056
2.38507
2.33751
1.73084
1.44115
2.30275
2.05151
1.91679
1.36848
1.81245
1.5041
2.50524
2.20678
1.80729
1.2872
2.49507
1.59077
1.4207
1.7486
1.48613
2.37193
2.36332
2.5024
2.62767
1.15873
1.10693
2.28925
2.07859
2.1144
2.27371
1.35881
2.14411
2.21432
2.14409
1.63578
1.76768
2.43187
2.49916
1.8033
1.85864
2.20644
2.39548
0.896444
2.45876
2.14399
2.49266
2.26854
2.4391
2.06027
2.31624
1.42018
2.35717
2.46909
2.08053
1.93629
2.09577
2.08385
2.39876
2.39451
2.46904
2.20496
1.52051
2.23461
1.68695
2.49018
2.52698
2.28719
1.53824
2.49579
1.13808
1.70899
1.63893
2.47162
2.21061
1.69996
2.07742
2.0463
1.82462
2.32715
2.36766
2.23818
2.24615
2.56015
1.9761
2.16396
2.29384
1.48321
2.30128
2.18277
2.49522
2.3122
1.1916
2.303
2.00444
1.92728
2.36977
1.97693
1.84139
1.83212
1.70484
2.20335
2.5179
2.16636
2.40026
2.22754
2.3291
2.30877
2.3163
2.40952
1.65462
2.21573
2.58156
2.41663
1.49402
1.82848
2.00236
1.27262
2.13276
1.98694
1.95827
2.41355
2.28692
2.46594
2.36718
1.5179
1.70276
2.30484
2.15673
2.21857
2.23219
2.04006
1.08168
1.18518
1.96437
2.38213
2.09888
2.21152
1.83137
2.06185
1.54868
0.982285
2.06782
1.64746
1.99082
1.66537
1.82463
1.59683
2.41871
2.53741
2.57351
1.82439
2.32044
2.47801
1.67625
2.33409
1.77648
1.33183
2.48433
2.07797
2.25144
1.83069
2.0346
2.58342
2.38525
1.96603
2.13407
2.41316
2.05395
1.32895
1.96307
1.76112
1.78258
1.52883
2.49242
2.49072
2.42319
2.38286
2.13831
2.1115
2.49925
1.6303
1.5932
1.08053
1.90762
2.29388
1.83956
1.75044
1.68821
2.46316
2.03536
1.45927
2.52513
2.10795
1.57021
1.47291
2.03092
2.50492
1.64428
2.25767
2.01129
1.49168
2.32919
1.56757
1.2518
2.52952
1.64711
2.16353
2.13344
2.4222
2.4235
1.41445
1.85398
2.14967
2.31592
2.11194
2.3212
2.47779
2.09451
2.08342
1.77724
2.3128
2.33213
1.52249
1.75808
2.07308
1.74002
2.35623
2.27588
1.85356
2.17498
2.48092
2.57549
2.29169
2.4641
2.29262
1.09684
1.78754
2.40722
2.04461
1.60693
2.39614
1.87556
2.39967
2.06327
1.5313
2.23745
2.08751
1.93703
2.36711
1.37998
1.89286
2.13417
1.92911
1.4395
2.21846
2.43187
1.83329
1.95657
1.67118
2.10474
2.35406
2.35972
1.37392
1.69748
1.88726
1.45244
2.39837
2.28913
1.62282
2.53464
1.21269
2.52187
1.58668
2.11847
2.22354
1.23707
2.35919
2.05009
2.12852
2.43286
0.98951
1.37939
1.9392
1.39482
2.44091
1.6278
1.72269
2.61723
2.17057
1.56935
1.29601
1.65048
2.0986
2.30006
1.59372
1.54718
2.56597
2.32759
1.81784
2.06977
1.55674
1.82929
1.75786
2.31221
1.54842
2.14406
2.16349
1.5268
1.70324
1.60322
2.50809
2.18703
2.57776
2.50529
1.77029
1.54396
1.65381
2.45012
2.19618
0.980426
1.9018
2.43793
1.69759
2.36883
1.18101
1.7122
2.57464
2.43476
2.55865
2.22418
1.77681
2.3841
1.77641
2.13507
1.67764
2.33921
1.49717
1.60068
1.64568
1.52555
1.98962
1.38938
2.42777
2.28637
2.23032
2.20806
2.35428
2.52866
2.33138
2.47155
2.23247
2.26298
1.72652
1.93497
1.65648
1.2988
2.48213
2.57307
1.94344
2.49112
2.33016
2.23261
1.79206
2.07885
2.50054
1.55969
2.2553
2.0227
2.15101
1.78181
1.19437
1.59261
2.49133
1.74225
2.12489
1.18746
1.94753
1.33329
1.84246
1.33194
1.37734
2.14109
2.45043
2.23063
1.85305
2.47892
1.32095
2.29445
2.35381
2.46538
2.14172
2.38042
1.19159
2.14882
2.24252
2.142
1.88553
1.95623
2.63862
1.87344
1.90878
2.17098
2.04587
1.97737
1.24168
2.16893
2.2517
2.19848
1.84608
2.14143
2.05807
1.50149
1.89829
2.07219
2.56005
2.32551
2.1428
1.90193
2.10089
2.4493
2.49549
2.2371
2.17747
1.53923
1.95364
1.605
1.38427
2.55894
2.54058
2.10701
1.59154
1.59749
1.16197
1.5915
1.42591
1.56871
1.97181
2.0346
2.43651
2.49653
2.3826
1.71068
2.04235
1.97365
2.19389
2.2077
1.31974
1.08547
2.11147
2.54577
2.10567
2.45519
2.56443
1.62213
2.12819
1.73312
2.04327
2.30166
2.24596
2.38307
1.39045
0.764524
2.18881
2.47938
1.90766
1.9217
2.1892
0.953009
1.80983
1.93059
1.66363
1.45293
1.52219
1.92179
1.16204
1.70565
2.11681
2.34012
2.47509
2.45648
1.85285
1.66342
1.87369
1.51271
2.15448
2.51681
2.36625
1.57589
2.31496
1.90926
2.38563
1.82944
2.246
2.02977
1.98785
2.16265
1.92505
1.44455
2.10924
1.53669
2.3158
1.5589
1.82257
1.97857
2.47834
1.98981
1.28534
1.5627
2.42471
1.58483
2.0995
1.93921
2.11194
1.97624
2.10725
2.30232
2.43049
1.90745
2.3397
1.31847
1.45209
2.17089
1.90736
1.56481
1.34823
1.98961
1.72728
1.0487
1.72071
1.70575
1.34172
2.56562
1.28033
2.34213
2.1725
1.52668
2.37248
1.37233
2.12492
2.26551
1.92011
1.51715
2.29483
2.29165
2.51579
1.55421
2.0357
2.17078
2.1739
2.3338
1.77666
1.99708
2.38862
1.97517
2.04755
1.94493
1.29529
2.02312
1.80274
2.38462
2.2358
1.59807
1.67107
2.01721
2.328
2.43356
2.25694
1.76384
2.08702
2.35055
2.28842
2.18557
1.83174
1.65663
1.83808
1.50358
1.67851
1.58021
2.44859
2.30613
1.70169
1.9145
1.36362
1.42013
1.62407
1.1998
2.36492
1.68106
1.73453
1.15709
2.1414
1.81719
2.15624
2.5348
1.83859
2.48073
1.62026
2.26694
1.24779
2.15191
1.49149
1.53088
1.88737
2.35193
2.4779
2.18028
2.44867
2.02827
1.84623
1.61685
2.09008
1.78792
1.25921
0.937899
1.66732
1.94745
2.36625
2.29285
2.22834
0.991629
2.5568
2.07207
1.63557
2.0085
2.44226
2.27717
2.09554
2.58997
2.32013
2.32136
2.11222
1.40106
2.06811
1.50397
1.98017
1.24458
1.57994
1.35437
1.55114
2.43927
2.24424
2.24028
2.39896
1.37583
1.25447
2.41807
2.14684
1.599
1.38633
1.14358
2.20688
1.5416
2.21835
1.89587
1.22713
1.95998
2.1058
1.99877
1.9726
2.35177
2.47313
2.52075
2.4407
2.31537
2.03956
1.53319
1.37739
2.05698
1.47423
1.99111
2.25497
2.42677
1.58678
2.13717
1.74201
1.333
2.11324
1.33234
1.82766
2.03925
2.24132
1.81842
1.65377
1.29684
1.72253
1.69978
2.27617
1.86561
1.94837
1.93365
1.70711
1.40703
1.90482
2.05724
2.21855
1.34606
0.775722
2.15635
1.29683
2.265
2.16677
1.93493
1.62867
2.21128
2.17307
2.10581
2.01009
2.49405
2.40185
2.44439
2.21331
1.50876
1.7987
2.5087
2.16467
1.85042
1.5753
1.57223
1.33159
1.5649
2.42553
1.65341
2.48637
2.52923
1.81442
2.35663
1.63067
2.42349
2.51936
1.91911
1.88746
2.36686
1.76495
2.52495
2.26219
2.12986
2.03854
1.83697
1.42576
2.50283
1.7183
2.31218
2.50398
2.40249
2.27225
1.35706
2.0853
2.4886
1.42852
1.85441
1.72046
1.80488
2.47697
2.4053
2.42752
1.95323
2.21127
2.44001
2.35881
2.05823
1.94449
1.56516
1.34282
1.84007
2.54663
1.41347
2.27531
1.87597
2.46533
1.21894
2.25725
2.56357
2.52187
1.4012
1.54661
2.1924
2.16787
2.25338
2.27321
2.44532
2.38995
2.27883
2.56926
1.76888
0.972554
1.3517
2.18738
2.26883
1.68906
1.52159
1.94585
1.94717
1.61386
1.99623
1.71973
1.44955
1.86438
2.51674
2.21787
2.45249
2.4513
2.16968
2.0922
2.57033
1.1149
2.22379
2.43993
2.3948
2.31772
2.26407
1.76507
1.67479
2.38562
2.15892
2.43157
2.47953
1.96658
2.57586
1.58669
2.02496
2.13359
1.30989
2.07697
1.81546
2.32453
1.61591
2.14344
1.74475
2.43021
1.63275
2.37238
2.48022
1.34094
2.56424
1.52545
1.22385
1.84664
1.97906
2.311
1.82488
2.06584
1.64316
2.09774
2.2837
1.62752
2.54767
2.29691
1.4853
2.1728
2.42121
2.29383
1.58005
2.22856
2.02642
2.03309
2.41901
2.52385
2.06397
1.94655
1.65911
1.33731
1.656
2.4345
1.96036
1.74814
2.02964
1.81811
2.03046
2.4925
2.20447
2.45284
2.34428
2.38398
2.28466
2.16169
2.26922
1.90361
1.85708
2.51073
1.87426
2.09976
2.14258
2.01664
1.48425
2.53242
1.37412
2.07088
2.40371
2.58362
2.24432
2.00306
2.1189
2.49134
2.453
2.45799
2.37823
1.90615
1.92132
2.48012
1.48032
2.20108
2.48798
1.64651
2.62888
1.53528
2.1001
2.40985
2.16795
2.34073
2.38901
2.49803
2.46392
1.4349
1.96886
1.68143
2.05144
1.48703
1.55296
1.53337
1.54078
1.81498
1.66662
2.43906
1.72519
1.74601
1.69053
1.21553
1.53812
2.24982
2.16155
2.52021
1.84629
2.43459
1.31826
1.2989
1.75193
2.43223
1.20752
2.50166
2.10351
2.52101
2.18874
1.99865
1.53288
2.54688
2.40514
2.18431
2.42385
1.91425
2.23049
1.73514
1.88229
1.7085
1.8154
2.66835
2.43592
2.13121
2.6409
1.57635
1.4233
2.49411
2.35357
2.42245
2.3619
1.97606
1.9823
2.2744
2.07809
2.52207
2.46277
2.59539
1.06038
2.29538
2.0875
2.15028
1.24525
2.31355
1.76329
2.47663
2.13784
2.37258
1.39432
1.20555
1.9702
2.37677
1.17396
2.13591
2.39679
2.45267
2.37236
2.38917
1.61421
2.3441
2.37808
2.34789
2.38855
2.54676
1.22037
1.1719
2.48104
1.66161
2.43039
1.96157
2.34615
0.944499
2.46758
1.82128
2.17851
2.13632
2.11592
1.46861
2.13836
1.84445
1.02747
1.92506
1.44362
1.30601
1.95217
2.44476
1.61547
2.18454
2.43643
1.538
1.72595
2.51679
2.23032
2.31251
1.8278
1.4137
1.50777
1.74268
1.77325
1.37896
2.62023
2.0831
1.33521
1.63851
2.25471
1.13111
2.51241
2.29002
2.35085
2.14678
2.40244
1.842
2.51584
2.25746
2.20884
2.57283
1.13461
1.8822
2.39704
2.24016
2.16379
2.3915
2.02316
2.24365
1.96017
2.54876
2.07116
1.88008
1.77321
2.38509
2.30936
2.55437
2.08506
1.45849
2.38276
2.05189
1.63826
1.84759
1.73074
1.6745
1.66969
1.97669
1.37952
2.35869
2.1906
2.10699
1.99121
1.48234
2.55057
1.69456
1.24921
1.48775
1.82558
2.46857
1.83419
2.26959
1.84977
1.89879
2.20872
2.21821
2.26726
2.37334
1.21965
1.85195
1.90138
2.20947
2.00986
2.00478
1.85333
2.45276
2.17788
2.43452
1.78073
2.32827
2.18955
2.2688
2.55754
1.22148
1.9625
2.45521
1.66305
1.34944
2.43496
2.57613
2.37972
1.20181
1.92833
1.45888
2.05626
2.51473
2.21683
1.52866
1.36719
1.61669
2.06265
1.43045
1.98977
2.10762
2.43703
2.3514
2.48434
1.3041
2.50204
2.34681
2.23252
2.52138
2.32549
2.49453
1.76625
2.35942
2.01863
2.20282
2.49958
2.23544
1.73507
1.94737
1.99649
2.04627
2.09034
2.46453
2.55237
2.11535
1.08907
2.16661
1.22997
1.66267
2.12382
1.89906
1.92078
2.49893
1.97644
1.88522
1.49697
1.65782
2.4709
1.4231
2.16688
2.2059
1.57999
1.80999
1.64582
2.16173
2.09292
1.8588
2.26453
1.72847
1.53479
1.77955
1.92304
2.21761
2.42529
1.90049
2.50339
2.42205
2.30746
1.16836
2.34042
2.37211
2.12202
2.0657
1.32971
1.09671
1.8325
1.89353
1.91969
2.19709
1.93751
2.35528
2.44946
1.96369
2.2174
2.37425
1.43242
1.20594
2.25954
2.08433
1.57603
2.19125
2.17845
2.24307
1.93546
1.59691
2.14685
2.00181
1.43565
2.59951
1.93429
2.4262
2.16792
1.52504
2.12099
2.56401
2.44751
1.71172
1.76822
2.33766
2.01369
2.46873
1.72588
1.79074
1.91545
1.6993
1.67441
2.32953
1.86549
1.7687
1.12982
2.39099
0.998374
2.25006
1.27063
1.76554
1.55436
2.45304
2.09201
2.22071
2.2794
1.45185
1.32625
2.14157
1.94675
2.18758
1.36854
1.38671
2.54868
1.96922
1.29659
1.17266
1.32019
1.62664
1.93381
1.59759
2.26783
1.15295
2.09145
1.33918
2.13084
1.61706
2.44278
1.60849
1.4303
2.37961
2.37952
2.48966
1.81399
2.24661
2.25071
2.43047
1.55694
2.13427
2.06299
2.16558
2.405
1.68514
2.50809
1.75364
1.89829
1.87032
2.26568
1.09955
1.01906
1.22886
2.34365
2.08614
2.09974
2.26405
1.23686
2.17111
0.940873
1.92868
1.2412
2.46394
2.46011
1.77864
1.32186
2.5156
1.34809
1.30103
2.1544
1.55916
2.31241
2.29776
1.85429
2.01278
1.74792
2.52469
2.49717
2.07309
2.45603
1.9369
0.907027
1.97337
2.39744
2.32393
2.08033
2.18815
2.51488
2.39994
2.47002
2.45055
2.35528
1.48225
2.36651
2.02564
1.25533
2.25206
1.86145
2.24668
1.24883
2.38657
2.07129
2.28122
1.98713
1.3196
1.69725
2.16364
1.56011
2.51881
2.12317
2.51019
2.15333
1.94929
1.90203
2.45404
1.48389
1.82842
2.43721
2.2149
1.53087
2.41836
1.95935
1.4671
1.58418
2.34052
2.45804
1.74992
2.51189
1.52264
1.92277
2.49992
1.89413
2.38993
1.51981
1.94122
2.28959
2.15428
2.29081
2.00738
2.18287
1.97596
1.42713
1.30443
2.57628
2.20398
2.43878
1.56268
2.04987
1.80784
1.68758
2.17121
2.16346
2.40666
2.22993
2.42324
2.30502
2.26194
2.42943
2.39383
1.78129
2.16773
2.12391
1.64987
2.06536
2.24057
2.55825
2.07637
1.85405
1.97406
1.88417
1.73662
1.49435
1.29408
2.42993
2.47984
1.9707
2.03066
2.14016
2.4219
1.90468
2.32367
2.35563
2.24223
1.97937
1.96858
1.83794
2.21953
1.63326
2.41022
1.86288
2.01732
1.45683
2.01812
2.02368
2.33532
2.38172
1.62772
2.11028
1.26715
2.23334
2.48757
1.96198
1.60574
2.13322
2.20414
2.18539
1.98024
1.97767
2.3254
2.56334
1.82671
2.39201
1.87784
2.49739
2.41183
1.47328
1.96953
1.5846
2.51466
1.59761
1.66296
2.4666
2.51034
1.2395
1.21758
2.24819
1.45383
2.09942
2.54355
1.66746
1.9517
1.87624
2.0541
2.52878
2.38391
2.38956
2.45763
1.34604
2.00926
2.09323
2.32505
1.01349
2.45121
1.23294
2.19987
2.4631
2.28463
1.96625
1.72638
2.11184
2.16249
2.4719
2.10328
1.67739
2.48204
2.34608
1.50994
2.14536
2.23702
2.4971
1.6574
2.44464
2.23451
2.05825
1.06714
1.70773
2.44489
2.46503
1.91094
2.0947
2.01883
2.30282
1.6693
1.19368
1.63023
2.30721
1.4472
2.05248
2.34569
1.88656
2.33823
2.30326
1.9775
1.67384
1.72335
2.29561
1.58523
1.70083
2.47285
1.88659
2.41475
2.13453
2.34354
1.34552
2.35217
2.00112
2.35715
2.23325
2.51457
2.07698
2.22609
1.33324
2.51436
1.37662
2.28945
2.34873
0.731309
2.28401
1.99107
1.79265
2.4847
1.32465
1.7758
1.22111
1.75347
1.64508
1.12333
1.33412
2.47079
2.11894
2.48988
1.30771
2.25839
2.01791
2.49798
1.44502
1.84653
2.49025
1.73151
2.22742
1.78205
1.67555
1.74621
2.25705
2.06317
1.92533
2.47653
1.79056
2.02182
1.39529
2.55494
1.5835
1.74681
1.18923
1.22573
2.57378
2.19468
2.5598
2.5797
2.27391
1.86185
2.39433
2.0289
2.25352
2.22582
2.35104
2.30454
2.41003
2.20275
1.42542
2.20879
1.6305
2.54083
2.18797
2.15803
2.38015
2.04877
2.43376
2.16733
2.19929
2.52514
1.41184
1.90866
1.48747
2.01292
2.55833
1.59322
1.45749
2.52419
1.50063
2.55266
2.52536
2.0932
2.25873
1.97117
1.38401
2.45924
1.64746
2.33923
2.29969
2.14024
2.32715
1.60531
1.70874
2.57267
1.99521
2.51408
2.03139
1.991
2.51443
2.49948
2.15155
2.43451
1.50292
1.72736
1.19846
1.81468
2.28485
1.38677
2.53252
1.44848
2.52414
1.93591
2.473
2.17487
2.45282
2.39126
1.51102
1.35681
2.48763
1.57237
2.23027
2.48523
1.27728
1.93881
1.98465
2.12561
1.5623
2.26634
2.41995
2.55939
1.60083
2.48337
1.70179
1.24871
2.41163
2.50275
2.4183
1.4489
1.92055
1.78245
2.19438
1.85515
2.47894
2.1179
2.06154
1.75816
1.27751
2.59461
1.92978
2.3295
1.64051
2.16538
2.1165
1.39395
1.51216
1.91138
2.53717
2.52665
2.36631
2.49569
2.36313
1.6541
1.50093
1.45592
2.46108
2.51017
1.6638
1.91916
2.4784
2.56954
2.29008
1.88803
2.47189
1.7603
1.53239
2.18672
1.11118
2.4166
2.47356
2.11935
2.5493
2.5188
2.04372
2.31169
1.35713
1.627
1.08205
2.38299
1.40272
2.53266
0.855787
1.97487
2.41251
1.97179
2.5166
1.63631
1.39734
2.16653
1.92181
2.3544
2.11839
1.82061
2.27997
2.01357
2.55071
1.91409
2.18002
2.22136
2.57355
2.21432
1.39663
2.03877
1.71645
1.22548
2.17614
2.47066
2.25572
2.1156
1.29883
1.54751
1.60734
2.50271
2.55674
1.61454
1.60568
2.28362
2.07188
1.4732
0.996599
2.37682
1.75075
2.26504
2.54771
2.54916
1.55533
2.23758
2.35902
2.25662
2.38585
2.57121
2.349
1.26516
2.33971
2.11459
2.44467
2.2951
2.54639
1.47972
1.61863
1.91509
1.28077
1.48417
2.49508
2.61463
2.51256
2.51492
1.70238
1.54793
2.33469
1.87885
1.57912
1.4935
1.35692
2.35758
1.63172
2.20225
2.51163
1.523
1.27646
1.87696
2.00912
2.45985
2.30968
1.97012
1.57071
1.76382
1.45824
2.3147
1.17441
2.31861
2.39861
2.33689
2.19095
2.12396
2.34184
2.46184
2.24858
2.18824
2.16274
0.928574
2.19733
2.00066
1.85034
1.51752
2.16097
1.3926
1.91262
2.14981
1.30671
2.3969
1.34956
1.43833
2.26992
2.3063
1.75558
1.99165
1.95812
2.31545
2.44774
2.35865
1.9792
2.10825
1.01018
2.49035
1.84479
2.51246
2.3235
2.29661
2.10414
2.00247
1.80075
2.30002
1.52042
1.07547
2.02241
2.42626
1.29663
2.1246
2.28162
2.48718
1.33788
1.81708
1.92933
1.08748
1.53351
1.91308
1.40933
1.20782
2.39598
2.0057
2.15554
2.3541
2.35335
2.0697
1.40834
1.90611
2.18296
1.89501
2.44623
2.45652
1.77068
1.8976
1.947
2.43957
2.50624
2.25192
1.88773
1.57157
2.30123
1.54517
1.60984
1.47779
2.21303
2.24421
2.37417
2.05292
2.19252
1.61966
2.39451
2.33394
2.54609
2.49263
2.19658
2.11026
2.37871
2.26681
2.49273
1.82313
1.69336
1.74285
2.54824
1.96197
2.15864
1.89362
2.10757
1.88055
1.60549
2.03103
1.70653
2.44645
2.26492
2.53837
1.22291
1.95506
2.56129
2.13934
2.30386
2.62153
1.90986
2.21735
1.65921
1.83424
2.32622
2.39469
1.96696
2.35526
2.5263
2.21935
1.79703
2.1248
1.86767
2.35658
1.12571
1.17023
2.07032
2.47812
1.40141
1.29356
2.24335
2.34879
1.42577
2.51548
2.36222
2.38662
1.3767
1.34566
2.33236
2.33103
1.02525
2.16635
2.38706
2.43579
2.50699
1.66256
1.36982
1.92214
1.6798
2.25821
2.08096
1.83412
1.86718
1.47478
2.54663
2.28843
1.55932
2.04702
2.30853
1.6135
2.01755
1.35779
2.32019
2.5301
1.77774
2.33389
2.53548
2.0975
2.42252
2.45754
2.14443
2.27219
1.96315
1.25969
2.52665
1.9857
1.56559
2.30101
1.86455
1.99
1.48562
2.53361
1.5998
2.3426
2.38099
1.5115
2.32685
2.46489
2.47974
1.79008
1.97622
1.32552
2.06146
2.54025
2.49637
2.0244
2.06248
1.5975
1.46688
1.66667
2.33474
1.68629
2.41375
2.5559
2.29522
2.14569
1.75073
2.35547
2.2233
1.33931
2.30864
1.3241
2.39949
2.24261
2.40455
2.35488
2.3862
1.89459
1.20642
2.06651
2.25976
2.15666
2.2641
2.10386
2.04236
1.43542
2.13397
2.3227
2.47993
2.51198
2.3354
1.43984
2.29361
1.76648
1.09698
2.39961
1.9355
1.85491
2.51105
2.47301
2.23066
1.25451
1.58384
2.47944
2.08811
2.56641
2.14018
2.28017
1.87392
2.05005
1.31301
2.26689
1.90001
0.991958
2.47008
2.52498
2.09291
1.94765
2.50129
1.20761
2.43495
2.21632
1.66702
1.39366
2.17327
2.56649
1.36242
2.03116
1.20148
1.83038
2.35639
2.29775
1.3985
1.58155
1.70936
2.38993
2.08619
1.5556
2.42897
2.42062
1.72979
2.14043
1.28244
1.62076
0.907651
2.20174
1.63931
2.40193
2.41115
1.22356
1.85808
1.73797
1.87079
1.20898
2.05536
2.21425
1.35413
1.17831
2.23069
1.78406
2.06556
2.02218
1.11534
1.75629
2.22591
2.42649
1.989
1.43287
1.74013
2.39985
1.48138
1.96319
2.4472
2.46538
1.40281
2.45298
2.00497
1.11945
2.40449
1.18337
1.83777
1.83772
2.12215
1.33656
2.05749
2.4884
2.45292
2.56187
2.19847
1.64796
1.92052
1.81818
1.28432
2.51335
2.44927
1.51653
1.92664
1.24949
2.36131
1.90696
1.51228
1.5473
2.03957
1.12596
1.51395
1.96937
1.5634
1.49777
2.38327
1.45445
1.92188
1.81724
2.47777
1.2376
2.18376
2.29327
1.75389
2.06051
2.52188
1.86996
1.29644
1.3654
1.905
2.4577
2.14258
2.08836
2.4857
0.944363
2.48394
2.3796
2.409
1.83017
2.40272
1.6668
2.22427
2.22939
1.21025
1.96146
2.35817
2.46865
2.45828
2.37884
1.36303
2.52899
1.89911
1.5575
2.26947
2.35936
2.22626
2.06147
2.55912
2.28005
1.38436
1.84359
1.52527
2.06131
0.893371
2.33842
2.39954
1.79871
1.90115
1.8028
2.45607
2.31147
2.17845
2.33083
1.77475
2.58801
2.03293
2.23473
1.65486
1.7513
1.77056
2.62979
2.03719
1.52683
2.54262
2.57912
1.50181
2.00983
1.63268
2.4094
1.66837
1.51843
1.50649
1.77635
1.64118
2.15561
1.83432
1.87076
2.53138
2.26757
2.45465
1.66884
2.27533
1.01856
2.4762
2.21837
2.0847
2.12488
2.39895
2.53612
2.2691
1.54203
2.03331
2.59554
1.34665
2.32778
1.18677
1.3209
2.60541
2.4861
1.35671
1.55584
2.2631
1.33022
2.37168
1.89756
2.07079
2.25656
2.4454
1.77347
2.18427
1.52606
1.5636
2.13467
1.11663
2.40237
1.7165
2.08392
2.3504
1.88017
2.51091
2.18692
2.60824
2.37986
1.51755
2.08942
2.54856
2.49503
2.5158
1.46465
2.39138
2.48191
1.09587
2.31468
1.73328
1.26793
2.54007
2.16812
2.26972
2.08169
2.0416
2.07363
2.54284
1.89598
2.21905
1.74062
2.43482
1.91473
2.65111
2.28997
2.32353
2.33154
1.87543
2.09791
2.38352
1.53082
2.29549
2.19359
2.06683
2.54675
2.47671
2.37922
1.30162
2.58854
2.32237
2.13042
2.26715
2.38759
2.12831
2.29618
1.50258
1.04716
1.93656
2.40305
1.81693
2.00899
2.43786
1.95599
2.46345
2.31479
1.61858
2.53477
1.76813
2.43708
1.84266
2.41336
1.37789
2.4253
2.42445
2.09007
2.1741
1.54104
1.93
1.85507
2.34644
2.37975
1.77627
2.5706
2.39489
2.11662
1.98302
1.89919
1.82313
1.39791
1.47534
1.49367
1.39626
2.43403
2.49063
1.89312
1.96724
1.04193
1.75154
2.34466
1.66566
1.60909
1.40693
1.82887
2.21282
2.54327
2.05088
2.54633
1.83428
2.34387
2.52266
1.89666
2.43512
1.71996
2.43605
2.40318
2.29113
2.23545
2.50008
1.05601
1.97872
1.77546
2.26895
2.25344
2.6048
2.272
2.11042
2.48404
1.55231
1.64341
2.2122
1.55697
1.73709
2.50379
2.20058
2.28078
2.54836
2.07294
1.64393
2.39449
2.12864
2.38149
1.58561
1.77257
1.66682
2.25809
2.50427
2.05937
2.4345
2.05053
2.36458
2.33445
2.03851
2.1314
2.32468
2.1683
1.35041
2.50555
1.88172
2.25772
1.20925
2.54245
1.7648
1.83101
1.67339
1.70931
2.43177
0.938961
1.73541
2.55596
2.29105
1.8643
2.24649
2.07738
2.38199
2.1593
2.10202
2.45398
2.01784
1.52768
1.71461
1.49288
2.53765
1.13873
2.07224
1.54954
2.18272
2.36289
1.71072
2.30455
2.37414
2.28857
1.24922
2.46866
2.50492
1.73481
1.46172
1.92012
1.97015
1.70124
1.67299
2.56209
1.46586
2.34666
1.9416
2.29798
2.42885
2.03161
2.22272
2.36804
2.24957
2.14621
2.48329
2.00071
1.93643
2.18734
2.49492
2.29323
1.33289
2.35857
2.2851
2.47743
2.29719
2.50395
1.96419
2.25565
1.83023
2.2832
1.61285
1.35515
1.2251
2.49823
2.47861
2.5583
1.76117
2.31657
1.55463
2.49319
1.97101
1.63152
1.92202
2.27286
1.0815
2.43192
2.0833
1.41812
2.36117
2.01846
2.2944
2.20719
2.31182
2.1123
2.49728
2.43315
1.84773
2.31026
2.37552
2.17563
1.70413
1.8362
2.30992
1.19096
2.05703
2.61747
1.26567
2.33258
1.84258
2.25304
1.5942
2.55715
1.9128
2.54046
1.24223
1.36262
1.87194
1.91836
2.42395
1.58404
2.15838
2.23407
1.43857
1.25578
1.42812
2.38489
2.11414
1.60676
1.35119
1.90449
2.41266
2.27994
2.42097
2.50365
2.18483
1.31014
2.1458
2.4703
2.59943
2.50868
2.21551
1.72746
2.53475
2.20708
2.01433
1.95854
2.37266
2.17262
1.52551
1.75389
2.46438
1.726
1.69998
1.97993
1.37366
1.68046
2.61731
2.44119
1.78626
2.45673
2.41968
2.26978
1.66485
2.08385
2.36801
2.30763
2.45299
2.03389
2.22658
2.14764
1.03915
2.19702
2.50303
1.5316
1.54423
1.4309
1.37536
2.21868
2.33029
2.34871
1.95216
1.81158
1.32537
2.07579
2.07481
1.73413
2.35473
1.97279
1.46222
2.13481
1.71029
2.33034
2.38146
2.35535
2.52829
2.40599
2.12615
2.19963
2.45658
1.71146
2.005
2.29488
1.26814
2.22359
1.5085
1.3914
1.92966
2.5162
2.41705
1.85163
2.46587
2.42893
2.51059
1.78184
1.54673
2.2656
1.88337
1.1437
1.85148
2.4343
2.46366
1.94151
2.4853
2.16843
2.05299
1.96233
1.18807
2.31621
1.34816
2.4823
2.44823
2.2615
1.63296
2.44719
1.73306
2.52454
1.71046
1.84203
1.7202
1.83735
1.60525
2.00872
2.41137
2.34181
2.02395
2.26904
1.95104
2.34825
1.93874
2.22761
2.51559
1.58466
2.15339
1.85006
2.45251
1.85977
2.1775
1.6544
2.05301
1.85417
1.19909
2.42215
2.14479
1.98389
2.08007
2.46739
1.50147
2.49305
1.1646
2.06171
2.05765
1.28435
2.25768
2.03578
2.30934
1.41052
1.48838
2.24365
1.88855
2.5944
1.80929
2.19907
1.68347
2.51193
2.05032
2.42219
1.34113
1.78156
1.83237
1.46707
2.40348
2.38716
2.20496
1.63041
2.05644
1.91249
1.7342
1.65639
2.16643
2.46422
1.92379
1.33981
1.854
2.47481
2.19048
2.26111
1.66702
1.06636
2.2233
1.71239
2.34957
1.16041
2.42934
2.34567
1.68974
1.87406
1.16141
1.91367
2.04822
1.38005
2.05141
1.62345
2.43929
1.7665
2.22657
2.34667
1.66396
2.52114
1.57971
1.61518
1.13461
2.35819
1.43843
1.77292
2.53561
1.03301
2.0288
2.34165
2.55798
1.85563
2.08308
2.26197
1.54601
2.20678
1.15122
2.3181
1.81712
2.38614
1.61701
2.45961
1.71249
1.90484
2.03482
1.86638
2.42836
2.43071
1.73974
2.39636
2.11771
2.35983
1.98804
1.69911
1.52074
1.86373
1.68657
2.54903
2.42112
1.57776
1.85159
1.81234
2.224
2.3597
2.52884
1.39952
1.95718
2.50981
2.15805
1.75441
2.34828
2.43709
1.89575
2.13575
1.983
1.39197
2.47862
2.56628
2.01824
1.4842
1.64785
2.4694
1.53367
2.29726
1.34888
1.89837
2.53259
2.03483
1.84267
1.25609
1.59291
2.06305
2.50779
2.38938
1.6207
1.83189
1.66709
1.81344
1.92828
2.05295
1.87069
2.20567
1.85789
2.4883
1.36581
2.31433
2.56245
2.19676
1.73164
1.6503
1.57388
2.4446
2.45321
2.25319
2.11993
1.47297
2.19721
1.16182
1.92901
2.20602
2.2019
1.75247
1.9911
2.45759
1.26916
1.94264
2.2397
2.11255
1.38809
2.44552
1.78876
2.15657
2.27043
1.85268
2.40473
2.09862
1.59777
2.26371
1.88048
2.39229
2.53968
1.04298
2.08645
1.94443
1.16641
2.41942
2.24559
2.48876
2.57741
1.87107
1.17989
1.83097
1.82194
2.05941
2.02755
2.08842
2.50356
1.53738
2.53049
1.17142
2.05058
2.29104
2.57795
2.09581
2.10563
1.79358
2.64844
1.45499
1.38503
2.56345
2.22873
0.935473
2.20704
2.50659
2.25866
2.50544
0.872346
2.48603
2.3591
2.41944
2.32206
1.90658
2.32363
0.948672
2.00679
2.48329
1.72363
2.21034
1.37573
2.39834
2.21963
2.2404
2.54907
2.20981
2.5219
2.43247
1.87475
2.52003
2.22874
2.55589
1.36281
1.60915
2.54025
2.47027
1.69654
2.45779
2.11592
1.90436
2.42517
2.4859
1.19911
2.38139
2.19331
2.29142
1.67327
2.51444
2.35232
2.43547
2.27043
2.28983
2.17066
1.68128
2.02662
2.27926
1.3953
2.36729
2.04409
2.14595
1.955
2.50864
2.50126
2.34679
2.18546
2.20586
1.98067
1.99579
1.52189
2.03331
1.69222
2.1251
2.32988
1.634
2.53023
1.53524
1.88032
1.72244
2.23542
1.90701
1.1945
1.78968
2.20216
1.1529
2.52929
1.67868
1.15192
1.81407
0.947045
1.29771
2.04529
2.11899
2.57654
2.54913
2.3456
1.64802
2.38178
2.04558
2.26525
1.35321
1.66761
1.68234
2.00985
1.21525
2.25712
1.61335
1.63095
2.32663
2.28181
2.19592
1.95907
1.78192
1.95488
2.5312
1.66124
2.39542
2.48132
1.87805
2.33222
1.83699
1.55917
1.4374
1.53206
2.22301
2.34766
1.37677
2.01121
1.21872
2.46303
1.81573
1.35407
1.37703
1.84422
1.72019
2.2578
2.09978
1.40439
1.50452
2.40554
1.52685
1.58693
1.50931
2.17502
1.33126
1.88732
1.33067
2.30682
2.4765
2.34046
2.44417
2.11347
2.25735
2.15022
2.08701
1.59324
0.98207
2.05268
2.52388
2.0428
1.21533
1.94839
1.89433
2.29046
2.35824
0.877633
2.2949
1.36197
1.64619
0.962597
1.92282
2.16003
2.54273
2.44218
2.45403
1.59408
2.34998
2.44994
1.85629
2.14836
2.30489
2.09284
0.663304
1.48918
1.63387
2.16769
2.42304
2.19229
2.01179
2.50882
2.17605
2.45832
2.21667
1.50273
2.30839
1.21115
2.41761
1.4357
2.41309
2.31721
2.14755
2.58612
1.81104
2.20269
2.47749
2.17056
1.90414
1.34502
2.17563
2.52693
2.49212
2.03252
1.90538
2.27359
2.55988
1.30391
2.19845
2.21641
1.9595
2.42176
2.34857
1.52752
1.24043
2.41857
1.17663
2.07302
2.3334
2.08741
2.37811
1.89272
2.15386
2.06726
1.91204
2.42768
1.99157
1.13799
1.63351
2.03895
1.97922
1.7952
2.24733
2.29534
2.45538
1.38482
1.64356
2.31164
1.94034
1.5016
2.36934
2.56412
2.32305
1.98092
2.37363
2.368
2.60003
2.44326
2.46959
2.199
2.38989
2.09816
1.31254
2.49837
2.46581
1.74416
1.74485
2.16549
2.09453
2.12678
1.51431
1.51588
2.00237
2.18379
1.62975
1.61108
2.31949
2.48968
2.44634
2.5419
1.80485
2.50149
2.3506
1.75437
1.56172
1.14293
2.17491
1.97399
2.23594
1.96207
2.44711
1.79242
0.832681
1.94434
1.93426
2.56773
2.36981
1.86487
2.41441
2.37973
2.28215
2.24899
2.39985
1.35649
1.89514
2.36761
1.52627
2.4884
1.83568
2.10057
2.46741
2.41579
2.06333
2.23922
2.58728
2.14137
2.40204
2.30301
1.86959
2.39697
2.44208
2.50296
2.46437
1.94102
2.6102
1.53379
2.58458
2.53555
1.7912
2.4864
2.27557
1.70177
2.40663
1.31016
2.27726
2.03903
1.95335
0.943385
2.30928
2.16356
2.46735
1.72023
1.3652
1.92143
2.51186
2.05001
2.39464
2.25285
2.00198
2.45787
2.41608
1.57936
2.54668
1.15724
2.59475
2.05968
1.37716
1.54143
1.24112
2.15749
2.40934
2.10408
1.40681
2.44391
2.3739
1.70829
1.92048
2.26097
2.5325
1.82457
2.45204
2.55118
2.57804
2.47663
2.2958
1.85641
1.62752
1.78847
1.9216
1.51686
2.5691
2.4037
1.66925
2.35569
0.723972
2.24391
2.16026
1.96699
1.39586
2.06141
1.20682
2.16993
2.0818
1.24529
2.10695
2.00832
2.16186
2.26274
1.49292
1.50591
1.60227
2.07024
1.89496
1.41063
2.2096
2.10719
1.33341
2.46108
2.53566
1.56484
1.55943
1.97301
2.15863
1.88779
2.50293
2.22873
2.42465
1.24053
2.44093
2.04609
2.26737
1.92774
1.71306
0.926365
2.20654
1.5699
2.32134
2.21554
2.20872
2.35105
1.67296
1.65097
2.15914
2.10851
2.1291
2.50684
2.31867
2.37685
2.32722
1.11812
1.60289
1.58248
2.52092
2.51846
1.98142
2.1718
2.35311
2.31362
1.82385
2.51108
2.50393
1.27177
2.2148
2.13734
2.34567
2.2205
1.43226
2.40295
1.94859
1.95973
2.55306
1.25668
1.94209
2.07106
2.1768
2.33421
1.6001
2.04955
1.89576
1.19898
2.27644
1.43627
2.2323
2.55954
2.44518
2.47503
2.31855
1.7896
2.24065
2.50084
1.91283
1.81236
1.87314
1.65729
2.28135
2.3543
2.54166
1.92793
2.50995
1.99104
1.82963
1.85842
1.70115
2.35178
2.33674
2.00407
2.45337
2.26059
1.97492
1.56723
2.01231
2.59397
1.7378
2.16422
1.63228
1.74417
2.22144
0.765832
2.20834
2.51332
2.54389
2.11519
1.44541
2.11108
2.23898
2.3051
1.57774
1.49709
2.00322
1.54087
1.72376
1.62632
1.8535
2.42883
2.26006
2.08899
2.50399
2.31228
1.39904
1.28555
2.25417
2.09176
1.24876
1.17071
2.15062
2.26602
2.46153
2.39209
1.8086
2.2059
1.46623
1.55321
2.37998
1.87827
2.255
1.99038
2.10806
1.93467
2.52985
2.27965
1.86481
2.47023
1.93808
1.91212
1.92251
2.56218
2.25652
1.84225
1.18563
1.93923
1.17469
2.44523
1.60442
2.09414
1.4803
1.46533
1.93301
2.47464
1.70399
1.96183
1.26847
2.50054
2.27877
2.58232
2.04621
2.03936
2.13782
2.34442
2.17569
1.52472
2.45639
1.10639
1.38212
2.44441
1.41306
1.28084
2.52691
2.06484
1.47272
1.96496
2.20778
2.11347
2.47806
2.3787
2.45123
2.11282
2.52073
2.56164
1.94752
2.19409
2.44547
2.11558
2.298
2.29473
2.18643
2.34882
2.30879
2.62858
2.47384
2.45744
2.31156
2.03819
1.80194
1.12391
1.89979
1.94899
2.18862
2.46938
1.81332
2.56078
2.57799
2.25446
2.0888
2.44425
2.21127
2.13747
2.27798
1.88715
2.03303
1.67228
1.46821
1.74505
2.08579
2.34834
2.53794
1.8791
2.3937
1.16917
1.56322
1.85611
2.22316
2.10283
1.18494
1.73159
1.359
1.41893
2.56215
2.17817
2.30217
1.49004
2.52541
1.81933
2.3472
2.34972
1.73235
2.33259
2.30653
2.44186
1.3804
2.08086
1.3679
1.732
2.07031
1.69939
2.44059
2.34561
2.48733
1.09138
0.719131
1.38802
2.37604
2.51813
1.89934
2.25428
2.30472
1.76951
1.10005
2.26811
1.63032
1.4286
2.44154
2.21581
2.23125
2.41172
1.87804
2.34969
1.15601
2.35699
2.207
1.51406
1.82246
1.95943
1.45144
2.4553
2.187
2.29094
2.50301
1.62597
1.72255
2.2692
1.31057
1.49036
1.98859
1.99134
1.83838
2.29054
2.33752
2.34278
1.50159
1.85842
2.24423
1.66518
2.52617
1.69262
2.07709
1.58179
2.40042
1.91828
2.59658
2.30163
2.51886
1.82504
1.35474
1.10878
2.11769
1.80582
1.90523
2.5031
2.20259
1.91202
1.14721
2.09582
2.48177
2.3889
1.77795
2.02126
1.15122
1.998
2.46358
1.87792
2.23832
1.93913
2.51213
1.26968
2.51484
2.33365
2.0236
1.94261
1.61064
2.29023
0.898051
2.55386
2.32819
1.57162
2.07903
1.37955
1.58248
2.31577
2.36265
2.21936
2.41041
1.5488
2.3369
2.53238
2.00518
2.54215
1.44492
2.05388
2.04889
2.31193
2.07299
1.45716
2.30218
2.2766
1.63958
1.83114
2.12388
2.43154
2.35681
1.87302
2.44722
1.76712
2.48794
2.19359
1.62119
2.53769
1.19537
1.54799
2.09645
1.69472
1.33922
2.11306
2.12398
2.52687
1.52292
1.90073
1.93183
2.35418
2.5003
1.79447
1.37569
2.45739
2.3321
2.11609
2.36667
1.76678
1.95898
1.29027
1.87693
2.60837
2.28114
2.43562
1.81077
2.54428
2.38014
1.1295
1.53432
2.22894
1.64154
2.31383
2.13705
1.92487
2.17821
2.26904
1.56268
2.58464
2.45291
1.09875
1.86645
1.95692
1.91747
1.83262
2.4419
1.94412
2.44014
2.06581
2.13398
1.83485
2.38869
1.39103
1.54623
2.052
2.34306
1.5141
2.39893
1.34853
1.27509
1.37836
2.08165
1.65326
2.24371
2.60833
2.33961
2.46311
1.77942
1.99153
2.00679
1.62465
1.32863
1.62949
1.82548
2.32197
1.5174
2.41405
1.97999
1.69849
2.2275
2.36651
2.29317
1.65964
1.96345
1.89874
1.95127
1.81736
1.46689
1.7191
1.33146
2.55517
1.0944
2.03951
1.62226
1.30124
2.55322
2.32648
1.65399
2.27708
2.36009
2.35818
2.51524
2.02981
1.44267
2.53554
1.44767
1.35467
2.23102
1.6201
1.18365
1.61301
2.53411
1.24368
1.72303
1.59108
1.53963
1.96452
2.14034
2.42431
1.61093
1.84872
2.1918
1.54389
2.30044
2.26218
2.00349
2.0239
1.22541
2.14394
1.85862
2.1218
1.68788
1.79956
1.1957
1.34533
2.0499
2.53828
1.59121
2.24045
2.1144
2.06936
2.51624
2.48761
2.30764
2.03106
1.08327
1.49499
0.834896
1.87193
1.62698
1.78218
2.11979
2.35279
1.55186
2.42152
1.29191
2.2236
2.41103
2.1176
1.69652
2.44955
2.32331
2.45367
2.26455
1.87612
2.07735
1.76728
2.41071
0.95563
2.12437
1.98573
2.17218
2.08946
2.31703
1.98037
2.11396
1.17208
2.04301
2.34013
2.03199
2.09972
1.56536
1.89731
2.10614
2.42361
1.32982
2.22684
1.55088
2.36818
2.3756
2.03443
2.22579
1.72567
2.3214
2.3611
2.14118
1.77808
2.32809
1.66169
1.18913
1.92957
2.48961
2.40089
2.15703
2.57938
1.53962
1.7659
2.36425
1.58771
2.09236
2.36785
2.374
1.08024
2.08821
1.50044
1.99586
1.97402
2.35229
2.23598
2.00453
1.33412
2.0727
2.49044
1.56248
1.52972
2.57605
1.96
1.75107
2.09217
1.41311
2.38483
2.44684
2.08675
1.74829
1.84577
1.65884
1.66959
1.46832
2.47262
2.52816
2.254
1.86623
2.32485
1.10229
1.56318
1.29791
2.30928
1.20339
2.16301
1.66908
1.29479
1.27056
1.87934
2.47154
1.6347
2.45134
2.59236
1.30984
2.30208
2.08476
2.43888
2.52225
2.47095
1.16219
2.318
2.18926
2.1597
2.43101
2.21611
1.97472
2.09195
2.48026
2.26911
2.02146
1.10286
1.51062
1.84295
2.60642
2.21568
2.51807
1.22785
2.01205
2.5512
2.149
2.03324
2.31403
2.48021
1.6641
1.44736
1.72165
2.37569
2.41926
2.46007
2.54478
2.34482
1.17085
2.53677
1.17225
1.38179
2.10612
2.49225
2.30704
2.29658
1.8534
1.46973
1.58667
2.28869
2.40874
2.37784
2.20307
1.35618
1.94835
1.13322
1.93035
2.50966
2.52816
1.76667
2.40335
1.2836
2.02821
1.24897
1.96631
2.05506
2.53761
2.53779
2.46095
1.53381
1.77144
1.4834
1.18066
2.11237
2.34015
2.38809
2.43338
2.17083
2.44903
2.49157
2.28985
2.02648
1.39305
2.12074
2.41686
2.56734
2.20501
2.32414
2.09791
1.39052
2.41664
2.23175
2.00769
1.99182
1.66644
2.23229
1.35906
2.14107
2.3565
2.32994
1.75442
1.77271
2.50438
1.89722
2.5572
2.28753
2.38516
2.32176
2.27308
1.7036
2.20345
2.47362
2.34656
1.78394
1.35735
2.01349
2.07323
2.52742
2.41597
2.55815
1.92658
1.80385
2.19135
1.66896
2.53645
2.42227
2.12472
2.07914
1.85263
1.69853
2.33764
1.2548
0.909238
1.65259
2.48252
1.87815
1.69254
1.76574
2.02973
1.57077
1.9191
2.13625
2.12374
1.83216
2.00604
1.73754
2.43048
1.43588
1.24649
2.19258
2.05318
2.25577
1.45788
2.34832
1.4092
2.1107
2.19705
2.36001
2.53651
2.40327
2.44286
1.90123
1.88478
1.19513
2.3819
2.47874
1.32314
2.2538
2.28974
1.87624
2.30249
1.84646
2.49276
2.34924
2.30068
1.38396
2.49037
2.25765
1.44514
1.99819
1.7139
2.24556
1.95318
1.22731
2.42453
2.45924
2.27536
2.3601
2.27928
1.55976
1.79592
1.76646
2.52119
2.30787
2.35764
2.44487
2.39888
2.19944
2.20619
2.05768
1.58709
2.33061
2.31566
1.56813
2.26138
1.76308
2.34686
2.56071
2.43781
1.56568
1.66095
1.53077
1.8388
2.25533
0.993937
2.30476
1.72892
2.16203
1.99531
2.15911
2.5266
2.43411
2.28557
2.52315
2.27181
2.17956
1.66378
2.20285
2.16484
2.43021
0.982613
0.972295
1.94722
1.23266
1.70482
1.53783
1.68788
2.50451
2.43101
1.79138
1.21828
2.52417
1.43802
2.01556
1.7001
2.38443
2.32979
1.84843
1.56253
1.91562
1.81369
1.62622
1.56459
1.31829
2.51434
2.36001
1.867
2.24229
1.90778
2.30131
2.33853
2.22964
1.52935
2.31519
2.54287
1.67831
1.58117
2.23461
1.96764
2.35385
1.94408
2.51267
2.37425
2.38294
1.35759
2.26863
1.88394
1.71835
2.16414
2.14829
2.04402
2.11747
2.12259
2.31151
1.74728
2.36177
1.42675
1.61014
1.52148
1.57548
2.3731
1.5983
1.57492
1.95938
1.61196
2.48765
2.47759
1.50814
2.02324
2.05106
1.80946
1.70524
2.44634
1.54716
2.54033
1.81711
1.45052
2.13855
2.47756
1.87291
2.12231
1.46743
1.69452
1.87987
1.84732
1.26992
2.52975
2.43372
1.60177
1.52944
1.83428
1.67798
1.32917
2.58949
2.24787
1.7812
2.07125
2.0884
2.17667
2.28143
2.00739
2.52168
2.09665
2.28361
2.12652
2.32419
1.83433
2.38024
1.30933
2.24218
1.39023
1.98141
2.54976
2.37095
1.82866
1.92916
1.96337
2.50375
2.5769
1.09562
1.31951
2.47551
2.17225
2.06151
2.26579
2.46729
1.66072
1.53989
2.25458
1.54087
2.48257
2.29786
2.19003
1.8071
2.13362
2.4716
1.3101
1.39342
1.96217
1.97007
2.4461
1.96775
1.76947
1.71762
1.72486
1.49804
1.25332
2.17713
2.22945
2.35259
1.01192
2.24219
2.30951
2.41344
1.97313
2.4919
1.54615
2.47363
1.33871
2.11708
1.94959
1.72107
1.92296
1.57401
2.0962
1.90819
2.24097
2.12297
2.51258
1.28844
1.3449
2.381
2.45464
2.51812
1.76776
2.36344
1.82486
2.25488
2.49737
2.50915
2.22732
2.31269
2.08148
2.20735
2.0802
1.46273
2.26249
1.83321
1.69639
1.77562
2.38402
1.58543
2.24154
2.4933
1.48683
1.74441
2.23826
2.27926
1.7738
2.23814
2.19448
2.13569
2.57596
1.54554
1.88535
1.82905
1.67165
2.16841
2.14539
2.16145
2.29322
2.43131
2.29705
2.58379
2.31931
1.17647
1.69949
1.73171
1.33833
1.15935
2.24319
2.52993
2.03238
2.08776
1.98023
2.43407
1.81575
1.97397
2.28347
2.01592
2.18183
1.94601
2.25007
1.00103
2.34532
1.38504
2.35435
1.85935
2.47055
1.56141
2.48453
1.29079
2.07023
1.77584
2.21135
2.40024
2.3343
2.08228
2.42337
2.10418
2.50768
2.36752
2.51003
1.49734
1.89957
1.55756
2.47083
1.43093
2.1655
2.04529
1.16896
1.73426
2.27444
2.35814
1.6981
2.44801
1.69711
2.39402
1.32867
2.35508
2.09471
1.90645
2.43089
2.01525
2.21209
1.75928
1.29983
1.53195
2.05919
2.14824
1.55227
1.61374
1.81206
2.22243
2.26585
2.05346
1.0776
2.40764
2.05118
2.07584
1.40619
1.75179
1.82044
2.56211
2.10433
1.90313
2.31083
2.19005
2.4196
1.48056
2.54115
1.95283
2.45857
2.01413
2.51258
2.45983
2.22244
2.0268
2.03687
2.09395
1.32529
1.66681
2.19884
1.51305
1.49333
2.08547
2.11227
1.80874
1.77569
1.59164
2.10352
2.4623
2.17303
1.52011
2.01443
1.83913
2.3558
2.22352
1.83032
2.21557
2.18328
2.33106
1.52412
2.39829
2.4294
1.72272
1.61741
1.8303
2.3722
1.50968
2.45666
1.74328
2.45995
2.37027
2.60222
1.61727
2.08207
1.64449
2.15239
2.47183
2.31078
2.4246
2.23895
2.10504
2.46279
1.72509
1.7455
1.45363
1.85355
1.98163
2.47593
1.86792
2.16945
1.5855
2.15941
2.50637
1.65513
2.13899
1.7264
1.60514
2.37492
2.21149
1.32702
1.66036
1.20984
2.39494
2.50057
2.05671
1.7076
2.30631
2.35106
2.08089
2.07011
1.19583
2.53188
2.43345
2.08449
2.04212
2.44753
1.37058
2.03297
1.63816
1.619
1.43726
1.67517
1.14877
2.23826
2.26024
2.13734
2.43582
1.5131
1.81997
2.11676
2.22848
2.41654
1.26405
2.40368
2.18706
2.44254
1.14947
2.13998
1.14358
1.02509
1.52516
1.77875
1.42419
1.8905
2.35847
1.91019
2.01706
1.73867
1.66623
2.37249
2.05755
2.42157
1.62454
1.35946
1.51453
2.29168
1.27743
2.46789
2.30194
1.94794
1.9714
1.58033
1.29986
2.10159
2.38792
1.79133
1.95619
1.40285
0.951237
1.48319
2.4954
1.88356
2.40831
2.13957
1.99963
1.7219
2.26797
1.26523
2.23508
1.64171
1.3748
2.22035
1.44682
2.13158
2.23079
2.52904
2.42367
1.89045
1.21834
2.08943
1.35689
1.93233
2.06883
1.78103
1.36999
2.29546
2.4199
2.36818
1.33404
1.34969
1.89894
1.32342
2.13787
2.08475
1.62417
2.48862
2.21552
1.52912
2.44003
1.61504
2.2928
2.49273
2.59592
2.3419
2.52497
2.23628
2.56057
1.72973
2.51328
2.28183
2.52407
2.10569
1.37301
2.16008
0.534587
1.32149
1.46151
1.83492
2.1525
1.83118
1.84991
1.99
2.23041
2.33891
1.93602
1.43805
1.27169
1.898
1.8739
2.41968
2.27359
1.95974
2.09054
1.52669
1.58096
2.29597
1.40376
1.40405
2.29424
2.45335
2.48021
2.33873
2.48243
1.86758
2.35223
1.66807
1.916
1.72628
1.65225
1.74164
2.41373
2.18326
1.62126
2.06851
2.50605
2.20433
1.98364
2.20224
2.05971
2.03961
2.0025
2.40538
2.06032
2.5811
1.41188
1.58488
2.08699
1.26317
1.92623
2.2322
2.58768
1.95621
1.31962
1.45649
2.16173
1.27717
1.53217
1.66872
2.18304
2.15616
1.01955
1.63206
2.51894
2.23548
2.52554
2.33909
1.67277
1.93706
1.17669
2.21012
2.50353
1.62397
2.23092
1.89196
2.16875
1.11375
2.40374
2.23598
2.26677
2.41581
2.2242
1.66196
1.60616
2.15239
1.93789
2.06614
2.14173
1.92116
2.07323
2.54575
1.09819
2.50668
2.41956
1.74996
1.62274
2.4081
1.63435
2.41444
1.31743
1.73687
1.32103
0.913248
1.70717
1.89918
1.57435
1.912
2.35034
2.48884
1.27741
1.41495
2.0942
2.16531
2.15348
1.4008
2.45561
1.41718
2.4224
1.83823
1.94777
2.36805
1.9822
2.47519
1.86179
1.64864
2.21201
1.52238
2.35144
2.38394
2.59749
1.40323
1.8057
1.45067
2.42136
1.87966
2.39128
2.50551
0.861679
1.53303
1.61556
1.28978
1.62628
2.14939
1.84263
1.98413
1.10341
1.58883
1.18709
2.0635
2.31351
0.700368
2.46359
2.41514
1.58667
2.37319
1.20394
1.23127
1.26178
2.25904
2.4018
2.36464
1.8526
1.69271
2.12275
2.51554
2.19118
2.1508
1.99231
1.68911
2.16563
1.86467
2.43451
1.4675
1.54011
1.3707
1.26225
2.5044
1.4693
2.27996
1.17508
2.34448
1.91969
1.63604
1.79847
1.64195
1.3439
2.34637
2.32174
1.79145
1.74031
2.22874
2.38413
1.91034
2.24798
2.03925
1.04898
1.2146
1.67942
1.64106
2.29412
2.52799
2.53006
1.21843
1.98123
2.02568
2.13817
2.38068
1.58839
2.22818
2.38867
2.28833
1.90587
2.0771
2.54026
2.10306
2.39802
2.34228
1.8222
2.38417
1.41086
2.48073
2.25618
2.50975
1.8851
2.00961
1.19357
1.41167
2.21553
1.51382
1.80775
2.138
2.13207
1.46958
2.38595
1.47306
1.52369
1.7018
2.39629
2.38675
1.74855
1.98375
1.62695
2.46843
2.38697
1.77425
2.22749
1.9363
1.81685
2.42594
2.26731
1.77462
1.6764
2.16744
1.66326
1.91663
2.45426
2.37315
1.99207
1.85492
1.74979
1.3929
2.35312
1.8317
2.22296
2.26178
1.49032
2.4008
2.35676
1.48058
2.21843
2.33346
2.58486
2.23412
2.50884
1.73561
2.20571
1.34916
2.03521
2.57613
2.09984
1.4947
2.19281
2.09593
2.42988
1.4433
2.53943
1.99088
1.90836
2.42897
2.46084
2.44947
2.29749
2.13109
2.07298
2.3007
1.98922
2.38126
2.00974
2.48659
1.88592
2.21232
2.00538
2.39487
2.01863
1.63655
2.25704
1.96079
1.71876
2.57536
1.84751
2.02094
2.32869
1.82898
1.16542
2.24581
2.15811
1.68985
2.42117
1.4274
2.48188
1.30919
2.00369
1.86452
1.5624
2.25362
1.63804
1.51088
2.2968
1.89968
2.4792
2.08988
1.61894
2.34917
2.27188
2.45244
1.59158
2.37324
1.58132
2.50396
2.22157
1.38659
2.16195
1.80196
2.48677
1.86218
2.46471
2.35469
1.69647
1.29248
2.48974
2.31821
2.04508
2.01038
1.73828
1.77273
2.1453
2.52172
1.8296
2.41174
1.68942
2.05983
1.61611
2.51831
2.02828
2.54221
2.42569
2.49696
2.49372
1.59483
2.46375
2.54841
2.55237
2.57179
2.50022
1.79784
2.22527
1.34352
2.08228
2.05236
1.83703
1.5372
2.09572
2.22383
2.49413
2.18706
1.24496
2.52875
1.03173
1.74666
