3.49947
2.98497
2.54956
2.79462
2.50747
2.71319
3.3837
2.80893
2.79653
2.7729
2.90878
3.99843
3.77027
3.76235
2.93185
2.94082
3.01103
3.87216
2.40989
1.99512
3.24409
2.45383
1.70993
2.88106
2.76556
2.91489
3.8905
3.1282
3.16443
3.42656
3.59952
2.72072
3.48935
2.62368
3.50328
2.25741
3.1102
3.18411
2.9792
3.46033
2.7841
3.92541
2.76318
2.00231
2.48818
2.70202
2.90702
3.40478
2.81955
3.18617
2.28763
2.88462
3.30543
3.36743
1.75284
2.84175
2.87343
3.40774
3.32146
2.62838
3.40045
3.41077
1.86898
3.92575
2.27904
3.30078
3.00585
2.81782
3.36351
1.78308
2.88181
2.57909
2.61906
4.11236
2.67154
2.87689
3.49994
3.29855
2.4632
2.41816
2.53214
3.07519
3.49365
3.18356
2.89336
3.96248
3.67476
2.90178
2.42297
2.92465
4.06331
3.09573
3.39081
3.82595
3.15236
3.27312
2.57848
2.53494
3.29169
3.56715
3.0882
3.21388
3.29525
3.10849
3.27366
3.19437
2.96158
3.61218
3.01927
3.14376
3.42217
2.97503
2.53421
3.13964
3.01825
4.16802
3.43011
2.26181
2.43966
3.5069
3.30183
2.23381
2.64824
3.64605
3.39704
3.51516
2.50155
3.41762
2.16761
3.04997
4.35383
2.35748
3.2343
3.51352
2.582
2.42114
2.97174
3.26648
4.18536
2.26716
2.98055
2.27302
2.47616
3.62252
3.65742
3.13969
3.04568
3.3771
2.49307
2.6901
3.46456
3.00324
2.91502
3.17808
2.1206
3.0501
2.61628
2.56048
2.55563
3.23493
3.1371
2.76497
3.43007
3.46828
2.95994
2.68675
2.37471
3.60577
2.77254
2.40568
3.62072
2.87424
3.91305
3.25554
4.05084
3.41597
1.10173
3.054
3.08051
2.83021
2.08658
2.35429
2.82158
2.74239
3.92001
2.89729
2.98048
3.40428
3.1837
2.78165
2.73605
2.90489
3.33951
3.04301
1.67366
2.7337
3.88571
2.95048
3.0794
3.19293
2.81014
3.63368
3.10011
3.86926
3.31
3.67641
3.68021
2.52585
3.59621
3.1971
3.37269
2.19217
1.91182
3.5977
2.65523
2.45915
1.84824
3.84455
3.11085
3.92869
3.20651
3.46189
2.61347
2.32026
3.77463
3.21958
3.86363
2.81564
2.52437
3.1064
3.64761
3.05497
2.50079
3.49237
3.43913
3.45729
2.71308
2.92511
3.08676
2.55243
3.23595
2.99282
3.4646
2.49516
3.36472
2.92203
2.98173
3.76277
2.98197
3.86239
1.95039
4.06651
3.90281
2.79106
3.33506
3.5235
2.87054
3.52692
3.59539
3.24456
3.04252
2.92044
3.23145
3.26486
2.83256
2.36244
4.15681
3.38758
3.60278
3.1174
3.06224
3.19379
2.77599
3.12605
2.54579
3.43229
2.8215
4.019
2.96321
2.49594
2.59165
1.94139
3.09962
2.22473
2.73389
3.0363
2.85172
2.97883
2.66289
3.57949
2.94299
2.7719
3.39409
1.84743
3.19446
3.03461
3.01856
2.28733
2.61165
3.62187
2.54088
3.27972
2.81236
3.25913
2.63701
3.08211
3.13569
3.62688
2.80429
2.60009
3.01752
2.77867
3.62057
3.75279
2.68782
3.4361
3.91169
2.56203
2.41625
2.98411
3.56667
3.13223
2.53788
3.92605
3.1809
3.18727
3.02531
2.84442
3.44644
2.91771
3.88551
2.91244
4.25609
2.89413
3.55275
2.3902
2.74283
2.71803
2.59948
3.71774
3.27986
3.28292
3.34363
3.68102
2.91292
2.8471
3.19578
2.73281
2.58188
2.71991
2.64124
3.3897
2.48489
2.2909
3.60184
2.71509
3.12962
2.46814
2.56409
2.79812
2.68727
2.82227
3.16934
3.10024
3.94293
3.16861
3.19043
2.10326
2.92397
3.64044
3.76455
3.26527
3.08997
2.55542
2.21208
3.03315
3.5737
3.41462
2.8234
2.54717
3.07424
2.41219
2.76923
2.90598
3.61368
2.12987
2.57784
3.19332
3.56446
2.70326
3.09356
2.5712
2.73754
3.16964
3.44678
3.283
2.9571
3.49089
3.71062
2.19722
2.91075
4.01362
2.89935
3.11323
4.79467
3.0922
2.05899
3.02221
2.58754
2.87685
2.34144
2.58347
4.0791
3.49091
2.71828
2.82318
2.64836
4.13976
3.23029
2.50701
3.50524
2.0531
3.15435
3.13552
2.93015
2.96741
3.34549
2.50978
3.34351
2.94929
2.85004
3.43334
3.08592
2.94019
2.01325
2.91406
2.2017
4.02166
2.46426
3.55151
3.16047
3.37156
3.73261
2.91387
3.28107
2.75268
3.37719
3.75153
3.0829
2.75301
2.86036
2.46232
2.14471
2.67383
3.82768
3.18565
2.76124
2.86421
2.91381
2.9144
3.03986
3.365
3.36487
2.72686
3.14294
2.52181
2.02506
1.77476
2.57331
3.37863
2.84809
3.33816
2.86844
2.57255
3.39731
3.52601
3.10157
3.11929
3.27186
3.51048
3.36126
3.00509
3.47758
2.36054
3.20354
2.48426
3.79531
2.94012
2.70892
2.53589
3.37767
2.76905
3.38854
3.50663
2.61661
3.61383
3.13182
2.84232
3.4793
3.51893
2.68793
3.22713
2.56646
2.59261
3.06327
2.69266
2.60368
2.99008
2.8883
2.60184
2.84636
2.42188
2.7344
3.24363
3.35995
3.02575
3.59632
3.04144
3.07491
3.48407
3.20468
2.76611
3.00001
3.48364
3.33142
3.74381
3.18193
3.3496
3.36544
2.58514
3.35736
2.92911
3.30714
2.85176
3.47331
3.29251
4.23046
2.84434
2.65881
2.94696
3.21439
2.9044
2.7369
2.26651
3.83624
2.3328
2.36219
2.67581
3.11122
2.87688
2.6095
2.63319
2.3726
2.78162
2.10997
2.23842
3.04614
2.97924
3.37732
2.92437
2.81414
3.17109
3.38689
2.71004
3.58149
4.16618
3.12285
2.81984
2.15341
2.5225
3.31649
4.24827
3.16749
3.71355
3.34008
3.74471
2.98808
2.91768
2.38925
3.37789
3.66296
3.19727
2.06472
3.50437
3.22544
3.32543
3.08744
2.67734
3.05402
2.20018
2.58691
3.13856
2.62339
3.03037
3.19019
3.15276
2.57838
2.93417
3.12308
3.46593
3.2987
3.77818
3.61212
2.99691
3.17233
2.8252
2.79063
3.11847
3.48477
2.35686
2.46229
3.56793
2.94493
2.83606
3.02131
3.13037
3.31223
3.05804
3.46489
2.80603
2.68355
3.11923
2.68288
2.98446
1.80154
3.98475
3.88944
3.41025
3.19711
2.6397
2.89596
2.98767
3.41935
3.30519
2.79242
3.04955
3.44518
3.32137
2.84546
2.9082
2.15838
2.61305
3.01468
2.85487
2.28411
3.30876
2.88727
2.24285
3.20806
2.92009
2.64166
2.98441
2.3642
2.783
2.7813
2.76733
3.44934
2.96678
2.24868
3.35385
3.39579
3.24716
2.93771
3.3239
3.09704
4.14395
3.81088
3.17895
2.89782
2.67959
3.55448
3.02894
3.46592
2.46209
2.35694
2.92828
1.48862
2.40042
3.5564
3.29639
2.46038
2.69213
3.09492
3.95801
3.57978
3.74313
3.68041
2.76709
2.89772
2.77739
3.09815
2.62954
3.03856
2.94563
3.09828
3.1612
3.55067
2.11401
2.73255
3.434
2.45094
3.08823
4.12224
4.16266
3.00876
2.56695
3.5784
2.93083
2.82629
3.17802
2.97358
3.31728
2.68214
3.37019
3.42433
3.36384
3.26401
2.77387
1.88043
2.68764
2.68345
3.83184
2.65929
2.30501
2.76516
2.71862
3.18188
3.51675
2.75769
2.91883
3.32016
2.95365
3.55905
3.19775
2.26108
3.6469
2.66189
2.80064
3.0065
3.68573
3.22716
2.71948
3.7804
3.47295
2.18905
2.83625
2.58252
2.50502
1.85444
2.03361
3.09753
3.55021
3.3445
3.15554
3.20612
4.09186
2.38769
3.04622
3.50595
2.95182
2.70796
2.76869
2.57328
3.03074
3.09836
2.70898
3.64099
3.53405
3.17225
2.97001
2.84937
3.04123
3.22452
3.33306
2.29413
2.36377
2.72934
3.36257
2.24731
4.15505
1.82855
3.42424
2.83743
3.07695
3.04038
2.20975
2.18447
2.88444
3.3382
3.08036
1.55536
1.76713
2.48918
3.25957
3.69326
3.10635
2.78974
3.31641
3.03326
2.97851
2.92446
3.42374
2.48718
3.03171
2.98949
3.37314
3.96089
3.28058
3.00481
3.77171
2.87759
3.11312
3.38326
2.42807
3.22424
2.6819
1.91605
3.06481
3.78694
2.71838
3.01535
2.54998
2.592
3.64026
2.79564
2.94105
3.39448
3.04069
3.19261
2.84622
2.65285
2.4709
3.49556
3.30136
2.70993
2.62932
2.60207
1.71314
2.35931
3.50845
4.13988
1.96652
2.76165
2.90026
3.24359
2.90993
2.6758
2.30924
2.97287
2.06925
3.19892
2.20505
3.23196
3.70162
3.23203
2.11679
3.44219
3.33294
3.59677
3.39207
3.74457
2.87521
2.66514
3.80685
3.46718
3.90023
2.90996
3.18897
2.96819
3.19659
3.01986
3.2924
2.36601
2.6082
3.64117
2.12662
3.03638
3.30251
2.25932
2.71165
2.74939
3.04398
2.94527
1.98992
2.39846
2.60617
4.02334
3.10324
3.56406
3.25515
2.5309
2.45347
2.96768
1.93382
2.85451
3.42616
3.6896
3.86121
2.52623
3.32685
3.07688
3.17765
2.70589
3.59107
2.84245
2.78231
2.95048
3.27497
3.67672
3.43722
2.81387
3.33914
3.05008
3.47148
3.69632
3.04963
3.33998
2.4512
3.29461
2.62777
2.76259
2.84758
2.83939
2.6459
2.85184
3.31896
3.20038
3.03808
3.42424
3.53146
2.61822
3.62077
3.09465
2.88873
2.69994
2.79417
3.40128
3.26064
2.96252
2.75168
2.27375
2.10371
3.02529
3.12218
3.52661
2.56793
2.63981
2.60233
3.37069
3.34157
3.10055
2.32971
3.21181
3.47676
2.74733
2.15733
2.573
2.44332
2.57919
3.20152
3.15035
1.93586
3.46609
3.00609
4.00991
1.84186
2.4988
2.34021
2.95005
2.94257
2.91405
3.90595
2.76207
3.45025
3.58564
2.81976
3.05696
2.53274
3.79012
3.22875
3.28344
3.45569
3.09953
3.10247
3.26151
3.3187
3.4073
3.5815
1.75015
2.70731
3.24836
3.66877
3.49608
2.33897
2.58325
2.00963
3.0657
3.26935
3.23811
3.25781
3.93006
2.78902
4.12414
2.48637
2.46782
3.53483
2.85229
3.6595
2.65632
3.19481
3.49174
2.98496
3.21805
2.80734
3.70679
4.12027
2.01281
2.77128
3.7567
3.05184
3.03397
2.83126
3.05068
1.8252
2.81467
2.10281
3.28302
3.58804
3.07349
3.97752
2.84773
3.33183
3.34677
3.42352
2.05902
3.00604
3.70597
2.42194
3.41759
3.14951
2.64878
2.60918
2.66887
3.04954
3.29494
2.81489
2.64739
2.82035
2.65823
3.4728
3.45881
3.33561
3.21042
2.49143
2.96228
3.27972
3.07114
3.94147
2.83454
2.74382
2.76191
2.52079
3.24136
3.24484
2.90304
2.83638
3.28069
4.12374
2.93427
3.74628
1.70522
2.9785
3.17163
2.84869
2.93826
3.58787
3.3311
2.51445
3.24632
2.25523
3.07447
2.17779
3.40506
2.64967
2.91284
1.92587
3.55776
2.24016
2.32659
2.44881
3.72317
2.00863
3.3112
3.39756
2.88578
3.09393
2.74953
2.96856
2.80858
2.4105
3.02485
2.89367
1.99654
2.78392
3.0629
2.97079
2.63669
4.28983
3.21812
3.65983
3.46054
3.49515
2.67094
3.11776
2.86903
2.09466
2.46804
2.34011
3.1657
2.6595
3.49956
2.55185
3.01123
3.50701
3.5321
2.60929
2.6859
3.09556
2.73187
2.88816
3.12622
3.05671
2.90204
2.51547
2.71832
2.21629
3.51833
2.59481
2.25307
3.86282
2.61369
3.03328
3.47345
2.52397
2.25729
2.18769
2.78034
2.64902
3.47872
2.11243
2.7645
3.48632
3.38538
2.99471
3.72357
2.29814
1.41798
3.13859
2.72732
2.57329
3.29078
3.19383
3.71618
2.79358
2.38272
2.80625
3.24271
3.3888
3.56372
3.05733
2.24486
3.33104
3.02864
2.7443
3.06731
2.93207
2.59807
3.40108
3.22653
3.33945
3.18301
3.411
2.09931
2.56899
3.56379
3.23053
2.89243
3.92447
3.22888
2.8023
2.2868
3.28202
2.63389
2.43588
3.31878
3.38651
2.75047
3.07429
2.18085
3.01929
3.40205
3.65959
3.16027
3.9168
3.10131
2.30974
2.11934
3.12748
2.69111
2.80025
3.23624
3.2055
2.86073
3.14681
2.15023
3.19593
3.3799
3.76463
2.56122
2.56664
3.47546
2.95814
2.92811
2.43709
2.25438
2.33611
3.06701
3.32062
2.84544
3.64376
3.16722
2.45887
3.4064
2.62971
2.4085
3.56637
3.74798
2.3806
3.24093
2.98262
2.68374
3.52761
3.47449
3.59661
3.71179
2.88582
2.65504
3.32405
3.21608
3.22307
3.49453
2.29033
4.41417
3.5227
2.49565
3.13347
3.21742
2.29747
2.84064
3.63676
2.90767
2.96112
3.53273
3.84861
2.93589
2.5859
3.59686
2.65007
2.35448
3.16594
2.58609
2.76399
2.60772
3.31228
2.21744
3.15893
2.82578
2.8256
3.00625
3.8792
3.02411
3.79608
3.1514
2.83188
2.12215
2.38154
3.09424
3.52029
2.52282
4.04076
2.55851
2.49819
2.91055
3.36198
3.60182
2.80803
2.58786
3.03733
3.00362
2.87172
2.8318
4.29663
2.59429
3.19681
3.51827
2.73437
2.78247
3.77642
3.34694
3.04607
2.60613
2.61293
2.23606
3.36549
3.0779
2.07583
3.28954
3.93685
3.55523
3.15972
3.63209
2.88222
3.65913
2.69708
3.29048
3.21037
2.15446
2.10788
3.46872
3.32704
3.1537
3.23446
2.81716
2.52366
3.23424
2.27034
3.57433
2.21814
2.86064
2.88032
2.17189
3.11693
3.27214
3.53701
3.51055
2.46182
3.51529
2.6339
2.98737
4.00328
2.93672
3.53734
3.49435
3.98209
3.29582
2.69892
3.4634
2.84941
2.95183
3.24906
3.07137
2.72547
3.57491
3.05033
3.33162
2.67688
2.5051
3.10514
2.9727
2.90014
2.74397
2.89139
2.97539
2.68641
3.91898
3.91463
3.21126
2.80579
2.93867
3.50843
3.25502
2.95392
2.74613
2.81882
3.21068
3.30254
4.27778
2.90673
3.1914
3.56551
3.15566
3.46375
2.15208
3.41836
2.08523
2.82986
3.05336
4.06071
2.83819
3.29466
3.32042
3.01011
3.48824
3.6768
2.4162
2.93647
2.84316
2.68559
2.92286
2.0409
3.77216
2.32501
2.90025
3.20748
2.714
2.65164
3.68761
3.14819
3.60231
2.97997
2.57312
2.63548
3.26523
2.45664
3.68647
3.15074
2.75763
4.01196
3.55697
2.74636
2.82785
2.98303
2.807
3.19198
3.333
2.28653
3.11588
2.97354
3.29798
2.93312
2.76903
2.79677
2.34744
2.2607
3.32116
3.6351
2.44693
2.05963
2.85896
3.06898
2.48698
3.43125
3.0548
3.28898
2.73628
3.28628
2.78005
3.10762
3.06928
2.8099
3.30228
3.7004
4.46067
2.78335
3.45132
3.50878
3.11473
3.31328
3.05877
3.60743
2.94797
2.5203
3.07453
2.37204
2.58098
3.9757
1.66782
3.74945
4.08763
2.99735
2.87244
3.09228
3.82487
3.31761
3.25498
2.82292
3.21422
3.81653
2.01516
3.32265
2.59989
2.61906
2.83976
2.88671
3.84448
3.28231
3.39291
3.31552
3.00754
3.59849
2.12451
2.84059
2.33285
3.09519
3.19548
3.12522
2.97395
2.86517
3.12591
2.78684
1.99057
3.24733
2.97786
3.85198
3.04321
2.3831
3.19189
3.45669
2.19374
2.60314
2.90794
1.90068
2.30206
2.8405
3.254
4.14585
3.73267
2.95477
3.61419
2.58803
2.97528
2.8915
3.19213
3.27774
2.59612
2.96331
3.29138
2.81
2.78871
2.43526
3.24578
3.97755
3.47085
3.56921
2.97854
2.70983
2.96704
3.35395
2.06713
2.60696
2.09351
4.01659
3.20194
2.8308
3.6602
2.25001
3.46748
3.15015
3.57239
2.607
2.23533
2.5802
2.90531
3.4882
3.4636
2.90263
2.10501
2.72006
2.46616
2.96854
1.99925
3.64545
3.00192
3.24587
3.58547
2.62794
2.62753
3.08558
3.09562
3.55968
2.80356
2.94787
3.3922
3.09799
4.31521
3.26758
3.69443
1.80811
3.38817
3.03718
2.72651
2.29217
2.4124
3.17873
3.58434
2.60073
3.34931
2.22072
2.55314
2.49875
2.87012
2.47168
2.98743
3.47819
4.00957
3.46245
2.33341
2.90114
2.91581
3.49902
2.89566
3.08846
2.33764
1.85138
2.86047
2.07012
3.75436
3.2224
3.3635
2.85495
2.98711
2.70383
3.44727
3.23047
3.65528
3.62819
2.69733
2.90618
2.93237
3.00409
2.9653
2.11032
3.24777
3.4209
3.26074
2.69992
2.52729
2.44384
3.45691
2.84645
3.12071
3.42843
3.2372
3.65556
2.78458
3.15742
2.41284
3.31195
3.40859
3.15181
2.72237
2.55998
2.93568
3.37715
3.54804
2.35628
2.83591
3.40393
2.44951
3.30307
2.72711
2.20878
2.0579
2.42422
3.61949
3.47393
3.45109
2.44235
3.35702
1.97721
2.76803
2.59063
2.39382
3.56386
2.73755
3.19108
2.39186
2.25731
2.82788
1.97688
2.92772
3.64432
3.41946
2.4779
3.73647
2.3755
1.96386
3.06055
2.63968
3.64529
2.83758
2.6589
3.03829
3.49513
3.30265
2.64561
3.38292
3.46142
3.26311
4.13094
2.86039
3.83369
3.33992
2.64914
2.69959
3.21541
2.76372
3.34875
2.59191
2.28007
2.75178
3.08221
4.15697
2.64424
3.17892
3.47873
2.60559
3.491
2.74045
2.18815
3.04132
3.31115
1.69453
2.18319
2.53824
3.81113
3.66311
3.15859
2.62022
2.40461
2.77381
2.39175
2.08068
2.73757
2.8219
3.31488
2.83204
2.93095
3.3694
3.25793
3.40807
3.43923
2.65322
3.38639
2.42901
3.49712
4.11853
2.96911
3.02287
3.47787
2.53875
3.19128
3.15324
3.71649
3.38731
3.01492
2.58566
2.89832
2.96389
2.53781
3.23725
2.68999
2.82096
3.7331
2.91053
2.74514
2.59312
2.63255
2.31625
3.21559
3.17227
2.8671
2.79945
2.23905
2.5227
3.81918
3.10063
3.31032
3.10138
2.87258
2.66408
3.05096
3.15356
3.45225
3.32267
2.83551
3.35587
2.63387
2.25551
2.83982
2.97364
3.11655
2.05354
2.50782
2.75053
3.55688
2.61583
3.46809
3.65023
2.7445
3.3067
4.03372
2.88298
2.77893
3.92867
4.16674
3.60497
2.25356
2.97251
3.56709
2.64321
3.8015
2.40014
2.02266
2.78911
3.16137
3.4441
2.80378
3.25684
2.95912
3.09583
3.74653
2.80861
3.0233
3.57385
3.38019
3.34225
3.44242
2.56741
4.04225
2.59923
2.8017
3.0817
3.29475
2.67642
2.83394
3.34735
3.29865
2.35494
2.46271
2.97652
3.10065
4.12673
2.22996
2.82585
2.79233
2.69074
4.65199
2.25279
3.22934
2.9339
2.79004
2.68166
4.07187
2.35954
3.05619
3.22432
2.87883
2.08415
2.73627
3.41769
4.14053
3.22824
3.19356
2.56284
2.10759
2.90193
3.55493
2.46774
2.11461
2.85484
2.15428
2.7433
2.93539
3.74263
3.07155
3.07689
2.29158
2.57535
2.92842
2.99492
2.85723
2.69415
3.39052
2.93662
3.90681
3.40199
3.37713
3.54018
3.43385
3.18355
3.21199
3.6485
2.37713
3.18327
3.25471
4.04747
2.60722
3.02683
3.34205
3.16503
3.66904
3.43817
3.26559
3.43116
2.82819
2.54934
3.22108
2.82769
4.28743
2.34924
3.45851
3.20894
2.98691
2.78585
2.16026
3.57496
3.27006
3.074
2.2451
3.10115
3.57705
2.73007
2.56984
2.55168
2.19836
2.9596
2.9929
3.62761
2.30495
2.75606
3.48742
3.00593
3.01262
2.82621
3.54526
3.13073
2.98493
1.7787
3.03315
3.18986
2.31037
2.63636
3.10328
2.76975
2.38574
3.61145
2.68115
2.99694
3.8162
1.90348
3.24143
2.61658
2.62716
3.5204
2.58768
3.92748
2.815
3.04923
2.21906
2.45764
3.15556
3.02113
3.13976
2.87755
2.99622
3.83202
2.87767
2.73181
3.11635
3.19469
3.37906
2.88698
2.81452
2.86077
2.91332
3.0485
2.6004
2.93977
2.78756
2.26572
3.24213
3.71871
2.80505
3.53842
2.37078
3.49555
3.25694
3.37212
3.66526
2.8927
3.30364
4.11722
3.23839
3.08176
3.055
2.64118
3.5838
2.86378
2.5774
2.95641
3.49103
1.90802
3.05853
3.55045
2.6626
2.74948
2.41294
3.19569
3.90463
3.35847
3.63118
3.81086
2.13335
3.2251
3.4015
2.81038
3.12698
2.88282
2.80275
2.75325
3.14124
1.88599
3.15036
3.16839
1.95996
2.35666
2.42359
2.59138
3.17054
2.92603
3.32112
3.58277
2.76676
2.65636
3.66199
2.73559
2.98805
3.53199
3.10238
3.06683
3.0201
3.09123
1.95646
2.93735
2.6117
3.30807
2.74837
3.29514
2.61997
3.28258
2.3972
2.43518
2.94899
2.54794
3.34081
3.08064
2.84865
3.37262
4.38385
2.81418
3.08763
2.35267
3.47357
2.55542
2.97161
3.10954
3.37224
2.56905
3.14561
3.09341
2.71775
3.85813
3.80548
2.14803
2.77722
2.97404
2.7906
2.50447
2.50299
2.47875
3.55615
3.02428
2.51215
3.92934
3.49336
3.60476
2.71732
2.36626
2.94236
3.09859
3.54619
3.37204
2.81017
2.64647
3.13157
2.89041
3.38499
2.47386
2.82927
2.94565
3.25921
3.39408
3.29471
3.45764
2.48824
3.10285
3.50124
2.57793
2.52039
3.8552
1.9703
2.59789
2.8687
2.23404
3.21658
3.25206
2.26055
3.3125
2.72379
3.12078
3.37122
2.74726
3.36528
3.20583
2.64113
3.28682
3.39733
2.49973
2.62619
2.3413
3.12008
2.89101
2.72643
3.26053
2.68188
3.0397
3.19392
3.82845
3.02429
3.51005
2.54691
2.07162
2.63122
3.72139
3.0303
2.30399
3.01811
3.24538
3.44208
3.24029
2.96103
3.11841
2.66416
3.34165
3.41726
3.26954
3.12317
1.3672
3.21761
2.93213
2.18086
2.8924
3.18332
3.21601
2.9838
3.18221
3.25327
1.7969
2.56124
3.65586
2.7293
2.30397
3.23378
3.55119
2.65976
2.65301
3.03803
2.79682
2.40422
2.04807
2.52104
2.76545
3.64184
3.39485
3.89272
3.86532
2.8179
3.00512
2.66046
2.73938
3.3829
3.23081
2.83876
3.28948
1.69345
2.96099
3.45057
2.56549
3.57509
3.40283
3.62577
3.04463
1.9755
1.90805
3.35527
3.659
2.96261
3.33473
4.47157
3.78272
2.85656
2.86328
2.39937
3.24724
3.31622
2.14488
3.3072
3.17779
3.60252
2.49191
2.37742
2.84775
2.62135
2.51312
3.2859
3.17533
2.84773
4.08879
2.74887
3.20007
2.38761
3.62837
2.86331
3.60336
3.01207
2.2003
2.71784
3.15964
3.01016
3.26681
2.5583
3.35148
3.07947
2.62145
2.34677
2.94123
2.89342
2.62125
3.56238
3.52928
3.40778
3.32336
2.60555
2.70286
3.31474
2.32734
2.998
3.30613
2.52072
2.80946
3.37338
2.8068
3.03186
2.99969
3.2156
2.43748
2.91362
2.99589
2.68164
3.33033
3.56966
2.72956
3.87639
2.73188
2.63169
2.94051
2.89784
3.00515
3.05458
3.28428
2.76642
3.36784
2.6367
2.69359
2.54461
3.4691
1.90604
3.03835
3.29185
2.68961
3.98292
3.01586
3.68218
3.05139
2.76744
3.61017
2.52526
2.85454
2.58532
3.59005
3.23699
2.58399
3.00045
1.97929
2.36121
3.03138
3.34271
3.10447
3.15121
2.77857
2.29029
3.5276
3.42068
2.23917
3.76041
3.51192
4.30024
2.58321
2.58668
3.90621
3.36127
4.24451
3.33481
1.9111
2.46714
2.60275
4.00096
3.21036
2.57909
2.67755
2.38484
1.98889
3.33891
3.51944
3.28328
2.48493
2.84069
3.17926
2.90476
2.63632
3.453
3.67961
3.55029
2.02927
3.11325
3.64454
2.52135
2.75708
2.8828
2.69459
3.38686
3.44358
3.15369
3.21057
2.75618
2.22785
2.66566
3.33888
3.1977
4.02144
2.1468
2.242
3.44487
3.48629
2.64774
3.61559
3.00084
3.34955
3.3195
3.02619
3.21926
3.62553
3.15172
3.23596
2.14499
3.73936
2.5594
3.69174
4.43511
2.07292
2.70026
3.15014
3.2926
2.51721
3.85301
3.78288
2.42828
3.63579
3.78955
2.86731
2.7126
3.66239
3.0062
3.50426
2.21284
3.45952
2.82392
1.98269
2.83026
3.74098
2.36912
3.63343
2.27114
2.73054
3.47575
3.59766
2.22206
2.99191
3.0052
2.47957
3.29241
2.76163
3.00448
3.26446
3.57921
3.10799
3.13128
2.87184
3.22552
2.76625
2.63879
2.8921
3.50827
3.49086
3.44439
2.85744
3.24018
2.83303
3.16712
2.32238
3.16534
2.96019
2.98951
2.94168
3.01249
3.13588
2.48505
3.56425
3.5666
2.60514
2.77193
3.44396
2.8581
2.89047
2.79257
2.71114
2.28124
2.4097
3.68073
2.25925
3.04145
3.11675
3.61696
3.31453
2.53353
3.10006
3.8458
3.10054
2.87104
2.95373
3.18159
2.58727
2.9103
2.65859
2.53961
2.08791
3.46912
2.72405
2.5996
2.90418
2.51943
2.16058
2.64191
2.514
3.73024
2.71006
2.6629
3.76303
3.09877
3.075
3.53791
2.12282
3.19738
2.73104
2.47372
3.16136
3.19921
3.63913
2.95795
2.8611
4.26947
2.59856
3.34057
2.80275
2.59342
2.58266
3.16611
3.44488
2.42331
2.61891
3.35818
2.76735
2.83539
3.16864
3.28445
3.38628
2.52013
1.91389
3.36268
3.26927
2.71186
2.75669
3.10064
3.89481
3.30283
2.58103
3.1587
2.27223
3.0496
3.14718
2.96974
2.71223
3.42635
3.18264
2.80294
3.08367
2.62866
3.16465
3.03058
2.62938
3.47101
2.50438
2.48441
3.79113
3.22234
3.44459
3.20598
2.39816
3.21261
2.22773
2.03137
3.2682
3.22399
2.98376
2.35197
2.65393
2.04181
1.88127
3.97159
2.57016
3.53928
2.58127
3.08916
2.67717
3.61728
2.87049
2.75431
2.95151
1.94129
2.60233
2.34072
3.49797
2.46956
3.44753
2.69293
2.69583
2.09927
3.25334
3.00487
2.4569
3.28711
2.97688
3.50182
2.91564
3.17925
2.81798
2.62856
3.41408
3.00325
2.68092
3.074
3.47329
3.21361
4.03769
3.19122
3.37418
2.69846
2.71762
2.80745
2.27038
3.01394
3.79351
4.28667
3.20491
2.7649
3.35455
3.58351
2.20955
2.7166
3.61588
2.18296
3.38263
2.77656
3.25443
2.73376
3.42703
2.85211
2.60638
2.68937
2.86576
2.80078
3.40613
2.30768
2.0036
2.27267
2.44364
2.85715
3.31211
2.9578
2.798
2.36042
3.04163
3.56201
3.50432
2.54696
3.26047
2.69609
2.57035
2.51863
2.82784
2.14005
3.7491
3.04067
2.95336
3.15586
3.46543
3.38392
3.51547
2.9663
1.99928
3.55345
3.2864
3.24898
3.03917
3.13323
4.06546
3.11821
3.01921
2.62478
3.17932
3.70112
2.90154
2.79181
2.70751
2.56221
2.84845
3.04627
1.94634
3.34368
2.13853
2.79162
3.30334
2.09113
3.2501
4.10396
2.67348
2.39301
3.32792
3.08864
2.63729
3.40344
2.40666
3.32209
3.41158
3.8072
2.5178
2.92348
2.75044
3.13227
2.9329
2.98988
3.3591
2.67729
2.88198
3.56087
3.2478
3.08631
2.83794
2.9595
3.40162
2.76177
3.04438
3.64517
1.88987
2.77509
3.20171
2.91064
2.88655
2.8629
3.09647
3.47
2.9311
3.57609
3.01091
3.07836
3.33277
3.02985
3.78242
3.13216
3.5683
2.6424
2.3503
3.28359
3.84467
3.29458
2.23985
2.48681
3.14778
2.80378
3.52711
2.63482
3.423
2.89055
3.38964
3.36348
2.9682
1.90907
3.15731
2.09681
3.13083
2.57179
3.15761
2.87962
2.5458
2.56228
3.01908
3.82195
2.8849
2.47519
3.23071
2.27862
3.29166
3.51205
2.93913
2.65783
3.29408
2.85957
2.72873
2.70624
2.8518
2.70456
3.39501
2.23426
2.81954
3.42375
2.44219
2.64881
3.79007
3.08226
2.31704
2.98278
3.21129
2.60133
3.38304
3.64417
2.61382
3.29095
2.90269
2.35353
3.01221
2.94701
3.17291
3.40731
3.08745
3.04461
3.85326
1.82962
3.12569
2.25447
3.17938
3.16797
3.13156
3.39321
2.70552
3.64585
3.0258
2.58295
2.6823
2.81921
3.81877
3.43399
3.14629
3.16062
2.76008
3.37426
2.68624
3.64008
3.21431
2.3976
1.9625
2.74606
2.59533
3.59274
3.65563
2.44683
3.62904
2.75671
3.0086
2.67204
3.87457
3.12505
3.53744
2.78121
2.64526
3.16913
2.98289
3.48927
2.7736
3.36603
2.36911
2.5413
3.46784
3.28308
2.81977
2.97122
2.89169
3.91674
3.77552
2.5857
2.87864
2.6209
3.07758
3.62514
3.12518
3.69181
3.54571
2.89375
2.59102
3.29243
3.34752
3.26746
2.6555
2.51872
2.87586
2.45421
2.36521
3.39304
3.12101
2.01162
3.2357
2.97727
2.75299
3.00234
3.12835
2.94871
3.83878
3.61682
2.82251
3.67164
2.54156
1.97577
1.81672
3.04586
3.29483
2.89932
3.55416
3.82508
3.57083
3.26332
2.47943
3.08076
2.65766
3.5362
2.95738
2.45761
4.43303
3.83073
2.35604
3.74068
2.6089
2.86187
2.81033
3.04067
3.95575
2.59313
1.98097
3.66368
2.49319
2.97736
3.51296
2.78207
2.96924
3.2531
2.28816
3.03192
2.88475
3.55857
3.45171
3.06691
2.99001
2.68914
3.15886
2.93475
2.31875
3.41932
3.44974
2.11476
3.78847
2.85699
3.3065
2.82156
3.19059
2.25537
2.62225
3.04565
2.5193
3.47196
3.03091
3.25651
3.32664
2.54878
3.62466
3.14764
2.6041
2.25372
1.38857
3.49314
3.14842
3.02355
2.24596
2.88086
2.29381
3.14823
3.06748
3.33648
2.49773
3.25269
3.3161
3.52422
3.00909
2.70211
2.93951
2.5013
4.66637
2.81285
2.31428
3.90585
2.78272
2.80157
1.67222
2.83134
3.43111
3.03728
2.30884
3.3682
2.90227
2.95184
1.94202
2.95758
3.3354
3.14951
2.2465
3.83552
2.36246
2.35095
2.62121
3.17704
1.81217
3.14704
2.72849
2.52528
2.52323
3.20268
4.05031
3.23338
2.11543
2.18739
3.0248
2.8868
2.526
2.86151
3.2397
3.07792
3.41844
3.04667
2.47562
3.01614
2.19112
3.47183
4.04441
2.21773
3.31138
3.25459
2.51702
2.92133
2.45602
2.63677
3.14894
3.33545
3.3889
2.91863
2.73413
2.79816
2.87169
3.07303
2.57568
3.07381
2.71743
2.49568
2.18779
2.95892
2.48206
2.56614
2.43144
2.61188
3.12069
3.05041
3.20904
3.31831
2.8124
2.35593
2.48473
3.94528
2.90937
3.5534
2.73505
3.01873
3.37132
3.50558
2.5922
3.32991
3.52148
3.39627
1.92404
2.82583
2.99352
2.57251
2.94663
2.44239
2.90431
2.78255
2.81467
3.11261
2.62844
3.07961
2.41914
3.05102
2.89709
3.23134
3.85144
3.3049
2.36463
3.0877
2.85861
3.19319
3.06624
2.31885
3.45839
2.0913
3.09208
2.41797
3.44746
2.45289
2.7374
3.01431
2.11533
2.84679
2.81391
3.30937
3.35705
2.75705
2.44886
2.45188
2.367
2.73972
2.85483
2.74764
2.82507
2.98785
2.87223
2.54019
3.04773
3.10943
2.88704
3.14024
2.60837
2.92388
2.1093
4.28145
3.21842
3.70529
3.19135
2.62917
3.15338
3.54303
3.01594
3.86661
3.51783
3.62453
3.78848
3.68679
2.81949
2.70165
3.44059
3.17367
2.10433
3.36184
3.24
2.1121
3.58661
2.81882
2.7352
2.1871
3.61929
3.4841
3.32469
2.73769
3.68533
2.50259
2.70101
3.24276
3.25912
2.22404
2.66122
2.24591
3.04999
2.79821
2.1433
2.1739
3.62826
3.15197
2.46071
1.75958
3.8073
3.14633
3.35867
2.77235
2.73778
3.51795
3.15247
3.05734
3.25425
2.89415
3.47511
2.7891
3.09661
3.07783
2.91101
3.15844
3.52146
3.35128
3.49765
3.16994
2.4271
3.12095
2.64716
2.31125
2.26941
2.71869
2.68524
3.00992
2.6994
2.7796
3.58873
3.04604
3.29038
2.2994
3.60734
2.32592
2.86907
4.18235
2.81913
3.61733
2.76579
3.04392
3.71677
2.9589
3.13825
3.24259
2.9575
3.74245
2.33122
2.83937
3.26892
2.80435
2.62876
3.1132
3.48751
4.15433
2.99379
2.81457
3.29935
3.28368
2.70189
3.09796
3.22633
2.67121
2.88886
3.4434
2.51013
3.54751
3.08222
3.42684
2.2539
2.88783
3.03706
3.08489
3.09602
2.44804
3.26526
3.58092
2.96835
4.25752
2.44538
3.13022
2.6416
2.7124
2.34062
3.41871
2.9259
3.42396
2.36203
3.39443
3.41117
2.56278
3.40351
3.09713
2.68514
3.02912
3.42276
2.34884
2.72261
2.40281
2.43942
3.85175
3.06319
2.93215
3.57118
4.13584
3.12296
2.6454
3.08665
3.65836
2.97369
3.0052
3.34286
2.7671
2.63067
3.10243
3.53642
1.92218
2.86063
2.83709
3.36406
2.70934
2.13574
2.60555
3.2442
3.16245
3.84333
2.94672
3.14696
2.62677
3.06447
2.52869
2.43998
3.22453
3.56133
2.80397
3.62424
2.83758
2.64426
3.67217
3.10461
2.67239
2.55708
3.02302
2.90627
2.47793
2.55719
3.19809
2.65205
1.99917
2.40661
2.56857
3.37121
3.97002
3.63506
2.50397
2.67882
2.56575
2.36318
2.92998
1.65311
2.22528
3.6233
2.63971
3.79086
1.71217
3.40134
2.76946
2.6866
3.14905
4.28148
3.38756
3.43015
2.77881
4.01185
2.92025
3.00519
3.1157
3.40527
2.60602
3.409
3.50224
3.6121
2.83798
2.74375
2.99964
3.40668
3.474
3.82306
3.3739
3.67686
3.08621
3.59847
2.83059
2.42682
2.0332
3.1134
2.65135
2.15638
2.54682
4.20338
1.77528
3.05845
2.02871
3.7862
2.90911
3.38239
1.90194
2.96276
3.85086
2.97529
2.61395
2.23336
3.67681
2.99583
3.29145
3.08088
2.08017
2.33082
2.69262
2.86351
2.97237
2.63947
3.13203
2.84823
2.38092
2.71502
3.41273
3.30244
3.45496
2.59908
3.14439
3.17281
3.00389
3.03906
3.57797
2.32444
2.82464
2.04788
2.80471
3.29123
4.11251
2.8547
3.17877
2.70356
3.34391
2.89161
3.44449
3.1696
2.55557
3.09611
2.94147
2.94405
3.36587
2.64919
2.97809
2.97149
3.44352
2.50652
3.3523
2.6457
3.50918
2.71862
3.37339
2.46498
3.23785
3.61541
3.51021
3.15314
3.11708
2.92156
2.99562
3.27502
3.05335
2.46788
2.66724
3.5369
2.8844
2.41929
3.39694
2.94213
3.30193
3.05103
3.452
3.17007
3.03332
2.98431
3.092
3.11934
2.54775
3.28294
2.9433
3.58667
2.47551
1.53551
2.08048
3.04392
2.47116
2.71756
2.66255
3.20433
2.99826
4.03155
3.35431
2.46813
1.96168
2.98053
3.59919
2.77383
2.72037
3.43719
3.05761
3.95615
3.15921
2.43039
3.73747
3.06753
2.92081
3.86946
2.71172
3.48048
3.60188
3.10669
3.34981
4.01236
2.63747
1.97356
3.79643
2.88524
2.26116
2.79924
3.33525
2.49002
2.69445
2.82749
3.62917
2.67916
2.78157
2.72198
2.89244
2.81912
2.74675
3.35314
2.91158
3.20506
3.26348
3.45857
3.01355
2.32058
2.98768
3.0318
4.3121
2.41225
2.33082
1.92254
3.14217
3.92697
2.61876
5.16458
2.99875
2.61608
2.14568
2.66803
2.89154
2.65708
2.77671
3.27858
2.76065
2.30514
3.72855
2.36009
3.80681
2.39669
2.37407
3.83777
2.40037
3.56887
2.9518
4.04694
3.64301
2.86896
3.52675
3.4726
3.59873
3.05725
3.20744
3.68996
3.27135
2.50428
2.68755
2.95409
3.13649
3.86655
2.72329
3.115
3.7153
3.31882
2.78998
3.13993
2.50365
2.96517
3.14046
2.98433
3.41182
3.00277
2.39127
3.65386
2.25469
4.57846
3.36945
2.3635
2.84156
3.11318
2.98651
3.47465
1.69552
2.76772
2.32828
2.30445
2.31932
3.15538
2.76105
2.88749
2.47637
2.80355
2.77241
1.82371
3.11255
1.9834
2.90485
3.38227
3.67966
2.99205
2.43576
3.68349
2.78681
3.67325
3.18126
3.48112
2.82324
2.76257
2.44371
3.8096
2.3606
3.28173
3.06494
3.26545
3.39911
3.56107
2.12833
3.15666
2.46965
2.58308
3.02961
1.52277
3.44015
3.01317
3.67438
2.89652
2.53956
3.46132
2.60035
3.49024
2.52446
3.69968
2.16402
2.69205
3.31749
1.85129
3.86985
3.3714
3.41967
3.25674
3.55739
2.60836
2.10171
2.23987
3.30327
1.93564
3.66376
3.20089
2.18379
2.3105
2.50345
2.78859
3.07159
3.3035
2.96293
3.23175
3.69399
2.79029
3.2524
3.15227
3.54057
2.60591
2.41213
2.47036
3.58108
2.69057
3.13659
3.24141
3.25984
3.45045
3.66264
3.2056
3.50626
2.85404
2.3222
2.54412
2.83335
1.91277
3.01035
2.79791
4.17521
3.29327
3.84742
3.42294
3.03442
3.26756
2.47963
3.07158
2.8558
3.29797
2.7161
2.47583
3.23329
2.73198
2.8914
3.15633
4.00382
3.09891
2.70822
3.33732
3.21697
2.83609
2.71204
2.81859
3.22326
2.25919
3.13572
2.74896
2.75992
3.26726
3.54199
3.28058
3.06374
3.03763
3.66849
3.93115
2.82357
2.80415
1.95212
2.61333
3.08
3.45994
2.74634
3.03443
3.12451
3.40565
3.0692
3.23637
3.16525
2.68059
2.29236
2.81312
2.30817
3.40012
2.46663
2.6486
2.41286
2.46274
2.94452
3.02548
3.03801
2.93235
3.3201
3.43437
3.92001
3.31193
3.31512
2.41571
3.14534
2.79676
2.78391
2.94939
3.18182
2.46991
3.53862
3.2358
3.279
3.26269
3.41975
2.50039
2.5263
3.61363
2.75321
3.39544
3.0249
3.26885
2.90798
3.6085
3.1985
3.72554
3.25102
3.53317
3.84796
3.3564
1.41373
2.79843
2.69318
2.9812
3.31416
2.42088
3.18269
3.44278
4.07989
3.04606
2.63529
2.96728
3.68174
2.57436
2.72374
3.20339
2.84041
2.45777
3.22852
2.44466
3.00686
3.05172
3.25604
3.00394
2.74476
3.4647
3.34265
3.39428
3.13557
3.38123
2.87938
2.93961
3.60268
1.8566
2.9991
2.5011
2.91023
2.81271
2.98508
3.40382
3.24258
3.22379
2.78955
3.05363
2.90264
2.77152
3.55098
3.72598
3.24055
3.3036
3.37487
3.01471
2.92667
2.12845
3.16895
3.29791
2.70769
3.94189
3.60967
3.64367
3.59334
2.31831
3.08206
3.19587
2.23553
3.21252
2.16201
2.97915
2.89021
2.53806
3.05438
3.14702
1.77548
3.15931
2.74536
3.3034
2.99794
2.61904
2.39338
1.96562
3.41476
3.44838
2.53287
3.87053
3.50826
2.84399
2.53276
2.8233
2.75424
2.22125
2.53926
3.20296
3.44819
2.12484
2.73009
3.27681
2.75312
2.93195
3.59109
2.8087
2.77
2.65224
2.7639
3.20648
2.96006
2.50321
2.79204
2.09494
2.83964
3.25375
3.35406
3.53983
3.41843
3.2219
3.13761
2.86809
3.08266
2.56784
3.27295
2.63446
2.33116
2.67794
3.37336
3.15334
2.03529
2.3172
2.34978
2.62468
3.70198
3.47192
2.3566
2.37733
3.03908
3.92593
3.5131
2.9531
2.90585
3.15478
2.95346
2.52189
2.85509
3.42564
3.03783
4.10208
2.6018
3.25722
3.60442
3.15719
3.46288
2.80318
3.20641
3.71714
3.21716
3.09364
2.92013
2.55816
2.79598
2.76507
2.65014
3.50003
2.83739
2.62655
3.36616
3.56196
2.90745
2.78475
2.87316
2.20555
3.24204
3.49257
2.78768
3.13848
3.115
2.59274
2.82537
2.62527
2.82751
2.78445
3.76085
2.8059
3.04823
3.32369
3.33794
2.4193
3.80336
2.73493
2.77575
3.59807
3.82533
2.78305
4.60395
3.95482
2.97622
2.60977
2.992
2.16812
3.32267
2.03796
2.7834
3.4826
2.38981
3.09352
2.54313
2.92332
2.81161
2.5219
3.03241
2.68668
2.67394
2.17939
2.49714
3.57076
1.88861
3.74795
3.04494
2.71307
3.01523
3.65083
3.21903
3.42516
3.15773
2.8925
3.02529
2.12469
2.37499
2.82984
3.70916
2.79848
3.22692
2.35038
3.84061
3.19905
3.0152
2.27094
3.86344
2.95026
3.02476
2.27343
3.09567
2.43031
2.9388
2.99973
2.56295
2.78614
3.59796
2.64924
2.96125
2.62863
2.72424
2.60199
3.04763
2.71283
4.68316
3.38021
2.28776
3.09984
3.41652
2.43827
3.40588
2.2045
3.88414
3.24004
3.3265
2.27505
2.28004
2.77863
2.98547
2.80347
2.58523
3.30738
2.51141
2.93667
2.89969
2.93334
2.87847
2.46435
3.04818
2.38881
2.9724
2.81173
2.43758
3.05312
2.92666
3.08192
3.00341
3.20081
3.03768
2.60376
3.38392
2.75038
3.62045
2.7321
2.65115
3.54305
3.13594
3.29795
3.25726
2.69709
1.27591
3.20881
3.29815
2.99792
3.05625
2.70684
3.51975
2.42784
3.35858
2.87104
2.95186
2.39527
3.03798
3.28735
3.55869
2.47852
3.20815
3.44927
2.52444
2.66879
2.96882
3.68103
2.80882
3.28428
2.76895
2.62734
2.86991
3.00559
2.93721
2.75353
3.44625
3.36523
3.14569
3.4732
2.6164
3.64498
2.80397
3.60949
3.20933
2.71538
2.89553
3.02844
2.95697
2.64311
3.2768
2.40576
2.3854
2.11202
3.32805
2.88752
2.72183
2.45878
3.30222
3.63164
3.22345
3.20126
4.08135
3.60226
3.39419
4.1993
3.20516
3.07346
3.31343
2.51235
3.08185
2.92213
3.233
2.21163
3.10292
3.1629
2.54798
2.83534
3.17582
3.05781
3.28808
3.26295
2.18438
2.12183
2.90047
3.00552
3.25808
2.59205
3.88861
2.19825
2.1709
3.34843
2.48652
3.17237
3.01295
3.55447
2.57068
2.4776
2.40791
2.70094
3.32811
3.53182
1.42119
3.09868
2.58821
1.82814
2.22844
2.36933
2.66126
2.62691
3.26702
2.6534
4.50849
3.35191
3.69025
3.61277
3.40189
2.49239
2.58723
3.61009
3.63668
2.63342
2.70612
2.47032
3.19513
3.05676
3.63617
2.82129
2.74333
3.28304
2.62379
3.00186
3.21062
3.41549
2.66468
3.36378
3.19123
3.31357
2.16968
3.30648
3.11445
2.54152
3.54895
3.01712
3.48114
3.05391
3.5318
4.42059
3.89132
2.53383
3.0756
3.2954
2.99626
3.72149
2.7689
3.07814
2.14385
3.37785
3.74566
2.98299
2.52355
3.27911
3.18078
3.58506
2.44045
2.76356
2.24824
2.20883
3.15535
2.71157
4.37352
2.5345
2.67338
2.28055
3.13226
3.33645
3.1685
3.12721
2.85368
2.54599
2.55046
3.26335
3.40864
1.95209
2.46155
2.98007
2.21072
2.70785
2.86315
2.76452
1.91181
3.94769
3.16846
2.55718
4.10897
2.45078
4.18318
2.9332
3.15381
3.22455
2.80465
3.21406
2.99578
3.27426
2.64719
2.63256
3.78167
3.42014
3.2675
2.59754
3.29821
4.01706
2.67603
3.59569
2.41162
2.73455
2.54686
2.89109
3.27409
2.66088
2.77803
3.13878
3.12595
2.40904
3.32241
2.70044
3.46101
2.93646
2.40683
1.73938
2.7719
4.2095
2.81692
3.21745
3.1877
2.75201
3.08423
2.54003
2.17951
3.34443
2.72989
3.25851
3.28117
3.69897
3.84945
3.7705
2.48029
3.46292
4.05855
3.32716
2.37256
4.1798
3.32513
3.79009
3.4426
3.25966
2.9134
3.4929
3.50892
2.84897
3.33523
3.52905
3.02364
3.65489
3.17453
3.53282
3.79724
2.70278
2.30516
2.96021
2.9342
2.8882
3.31202
3.14897
2.79295
4.24166
3.27515
3.59915
3.4645
3.29348
3.42498
2.3817
2.65017
3.29646
2.50101
2.77049
2.79644
1.54996
2.77776
2.74527
3.24083
2.5588
2.87599
3.40691
2.65144
2.78471
2.71288
2.40797
2.90496
2.97099
2.41048
3.43175
2.7716
3.98265
3.49898
3.63555
3.25357
3.11034
2.7542
2.94316
2.82484
2.32697
3.28928
4.11581
3.42191
2.71445
3.04781
2.80327
3.56925
3.52553
2.32277
2.53973
2.19084
3.38854
2.71104
2.3619
3.71949
2.23199
3.0242
3.27274
2.49585
2.63007
3.94939
2.75131
2.91365
2.78846
3.81089
2.24183
2.21357
3.38014
2.72513
2.8901
3.25603
3.335
3.41371
3.68042
2.43191
2.4399
2.8636
3.15646
3.73981
3.84758
2.48629
3.05177
3.02959
2.64537
2.87478
3.2054
3.50648
2.72895
3.26705
2.27309
3.60461
2.77083
3.97981
3.53419
3.49394
3.90904
2.12321
2.67283
2.99942
2.28764
2.77933
3.11683
3.1297
3.62761
2.3019
2.27564
2.33395
3.62055
3.02114
2.31515
2.32382
3.10505
3.11513
2.9021
2.91692
2.31633
2.70986
4.23394
3.21549
3.9194
2.25371
3.22011
3.348
2.8277
2.47019
3.19905
3.52824
2.85133
3.28088
2.43954
2.9041
2.83855
2.92573
2.62901
2.75886
2.52155
3.37787
3.25036
2.82474
3.02101
2.57891
3.68547
2.24168
2.16286
2.66467
2.0333
3.15089
3.54976
3.41072
2.6436
2.81454
3.11036
3.17137
2.83226
3.29858
2.86775
3.12338
2.57349
2.42989
3.10897
2.94972
3.80055
3.91385
3.26089
3.52035
3.53986
3.29144
3.59487
2.40689
2.82273
2.67495
3.50824
2.89159
3.39046
2.27224
3.52399
3.03452
2.40186
2.59353
2.95553
3.70903
2.41903
2.72621
3.68829
2.96951
2.475
2.40474
2.64761
2.73425
3.12622
3.34341
3.23148
2.76495
3.46333
2.9175
3.34441
2.96969
2.7857
3.3334
3.08263
2.4665
2.26687
3.12697
3.164
2.82241
2.83024
3.16866
1.99296
3.54624
2.10847
2.83544
2.70392
2.55638
2.9458
2.90531
3.3278
2.45697
2.61898
3.0072
3.03155
2.40718
2.49148
2.26233
3.10207
3.49695
2.91559
2.94991
2.47627
2.81553
2.8034
2.48479
3.65973
2.55934
3.39761
3.695
3.44414
2.39765
3.31053
2.82911
2.73088
2.95295
2.70243
3.65252
2.42536
2.92852
2.67854
2.46067
3.11139
3.81719
2.30185
3.10087
3.09216
3.16278
3.92669
2.3968
1.92628
3.10256
2.52402
2.85251
2.21634
1.68146
3.33713
1.72904
3.5594
4.09372
3.73931
2.43
3.85674
3.93312
3.29059
3.67713
3.47021
3.19872
2.52061
3.12995
3.22148
3.60417
3.48419
3.29672
2.54047
3.01446
3.0892
2.20725
3.4943
3.31714
2.84468
3.56908
3.58818
2.60555
3.04425
2.19931
3.1733
3.13185
3.96421
3.36222
2.56352
3.56785
3.6545
2.9469
2.96935
2.29431
3.62802
2.44224
2.77559
2.26256
2.8557
3.21085
3.28689
3.0474
3.41919
3.41945
3.07902
2.82519
2.5711
3.7433
3.24753
3.20442
3.73423
2.60931
2.70845
3.07491
2.25558
3.32568
3.07262
2.70325
1.67664
2.9781
3.08362
3.37629
2.59991
2.9212
2.91947
2.09948
3.5484
2.13132
2.5583
2.20262
3.61543
3.20508
3.17697
3.78096
3.70454
2.74312
2.46431
3.14108
2.37867
3.28666
3.71884
2.72802
3.26762
2.35858
3.12521
3.39615
3.46887
2.98747
2.16597
2.72269
2.70606
3.58927
2.86627
2.95878
2.29597
2.6621
3.20215
3.43323
2.43426
2.23723
2.95153
3.26343
3.10857
2.37724
2.64957
2.60279
3.77347
3.30289
3.68128
3.08683
3.78153
2.61417
1.91641
2.96674
2.59331
3.01357
3.58756
3.00758
2.59129
2.78164
2.48246
3.46162
3.46022
3.0945
3.05611
3.3923
2.80678
3.52494
2.74459
3.42118
3.21586
3.26019
4.4133
3.34203
3.6503
3.42757
2.89264
3.13272
2.72099
3.35247
3.22491
3.302
3.84306
1.93673
3.69584
3.63137
2.12201
3.21204
3.34071
2.73792
2.35839
2.14593
3.02779
2.98063
3.25865
2.50755
3.6355
2.8909
3.00934
3.14969
2.50147
3.23233
3.10538
2.94603
3.47292
3.09388
2.31374
2.49688
3.28546
3.18717
2.77006
3.48937
3.17515
3.73789
3.21259
3.14098
3.09357
3.26979
2.66513
3.05792
3.53468
2.07551
2.48568
3.697
2.64959
3.53048
2.89572
2.80442
2.78012
2.85397
2.73091
4.44453
3.66519
2.78751
2.68202
2.90808
2.0695
2.75697
3.32391
2.59719
3.51631
3.11553
2.62884
2.94285
2.6686
3.47941
3.72037
3.00531
2.45498
2.26454
2.77656
2.47485
3.99806
2.75878
3.28618
2.46768
3.27004
2.56785
3.26554
3.29502
2.93181
2.17519
4.00074
2.67814
2.96162
2.07284
2.8987
3.05677
3.38093
3.78739
3.27724
3.43224
2.76052
2.92267
2.68917
3.67112
2.62257
3.77352
3.37786
2.76018
2.30039
2.88449
3.60153
3.09332
3.13258
2.57964
3.92895
3.61832
3.84307
2.01904
3.282
3.74419
3.46121
2.82561
2.38351
2.68216
3.75772
2.60418
3.88314
2.97667
3.33139
4.21754
3.0248
2.36525
4.23509
2.30311
3.57948
2.48069
2.25314
2.49722
2.86826
2.37644
3.70224
3.65657
3.21656
2.5071
2.90107
2.12318
3.07839
2.87477
2.94303
2.9451
3.59904
2.86348
2.51059
2.25791
3.80745
2.40178
2.39973
3.22738
3.43872
2.59933
2.58192
2.98
3.91741
2.53449
3.31891
3.10695
2.85274
3.23047
3.23267
3.67759
3.55803
3.17729
2.09346
2.66819
2.26349
4.114
3.66661
3.46609
2.52598
2.74698
2.01482
3.67138
3.204
3.21999
3.3509
2.3102
2.95108
2.95563
3.29415
3.48159
3.26117
2.02422
2.18723
3.26146
3.39847
3.24976
4.14415
3.74361
3.93759
2.79568
3.16378
3.54756
3.70299
2.49836
3.34343
2.91557
3.73056
2.85017
3.79691
2.80944
2.79297
2.63759
2.90469
2.64636
3.45412
2.00437
2.68653
2.74543
2.57863
3.94346
2.22566
2.49964
3.88619
2.59414
3.72835
3.04529
3.88134
3.05682
2.64123
2.94204
3.14802
2.09536
3.11742
2.52108
4.37501
2.83839
2.62198
2.62468
2.76635
2.95686
2.45927
2.76276
3.19097
3.75067
2.50534
2.36224
4.06469
2.31203
3.76956
2.56992
2.83909
2.94765
2.16638
2.57743
2.52054
2.90984
3.88597
2.51025
2.14787
3.1979
2.45978
3.38396
3.23508
2.74198
3.90718
3.62831
3.50979
3.26306
2.98699
2.50509
2.73711
3.06903
2.68846
3.02727
2.90041
3.55991
3.03737
2.29484
2.37278
2.06535
3.18187
3.16159
2.98662
2.90725
3.41245
3.21522
2.54543
3.00427
3.09151
2.58787
3.02422
2.54852
3.75574
2.95385
2.52514
3.14938
2.98382
3.14055
2.89139
3.62083
3.67075
2.61222
3.30649
2.81609
2.85081
3.00155
4.30857
3.06086
3.18053
1.96839
2.89796
2.8557
3.4736
2.93825
3.91051
2.51248
2.74027
2.36671
2.43949
1.9763
2.48935
3.38428
3.17935
2.89295
2.89779
2.20999
2.75844
2.75515
2.43506
3.40964
3.30154
2.65242
2.33735
3.61985
2.30458
2.44253
3.95025
2.38634
3.72966
2.93155
2.4077
3.29331
3.51625
2.60384
3.24919
3.34363
2.92091
2.96274
3.13926
3.83143
3.2877
2.82896
3.30302
3.88181
3.46281
2.75168
2.77411
3.55729
3.426
2.82944
3.83994
2.70453
3.42466
3.59332
2.24936
3.26727
2.79009
3.87469
3.69653
2.91247
3.29109
3.34684
2.21568
3.22823
3.88302
3.08941
3.41771
3.49288
2.88086
2.94407
3.06686
3.29676
2.88715
2.75333
3.30398
2.33534
3.13191
2.9305
2.81464
3.47367
3.69871
3.5973
2.92804
2.64891
2.92092
2.67722
2.71506
2.64011
3.46996
2.82954
2.50929
2.21123
2.27013
2.93319
3.82461
4.15353
3.10915
3.45982
2.48326
2.84306
2.45467
2.65838
2.88252
3.14669
3.04285
2.32498
3.52409
2.61371
3.4998
3.16655
3.30744
2.8995
2.77328
2.40149
3.86757
2.33522
3.03522
2.77584
2.92387
2.66608
2.93738
3.18877
3.1966
2.59253
3.41758
2.82645
3.46919
3.15315
2.73496
2.80866
2.15778
3.4371
1.45415
2.61258
4.18401
2.79111
2.55901
1.38136
2.94827
3.44143
2.90337
2.81277
3.09543
3.56848
2.89988
3.14442
3.41279
2.49984
3.00201
3.72465
4.07663
3.93816
3.16035
2.17724
2.40992
2.58147
2.65825
3.17709
2.43995
3.73273
3.24319
3.25695
2.62601
3.07142
2.48119
3.35835
3.04684
3.03457
2.65417
2.96068
1.96131
3.06928
1.77318
2.06476
2.18728
3.28792
3.62911
3.32817
3.78703
3.5037
4.07401
3.47816
2.43649
3.22718
2.70618
3.0995
3.84317
2.48087
4.45696
3.34315
2.71667
3.59256
2.68127
3.6483
3.00751
3.90967
3.2741
2.85315
3.36604
3.61289
2.98147
3.22239
2.39639
3.16041
4.23814
3.26829
2.68476
3.81843
2.67882
3.2192
3.22821
3.07206
2.392
3.02881
2.5299
3.39241
2.15512
1.60988
3.06418
3.56346
3.401
3.40931
3.54617
2.51306
2.98175
2.36732
3.0535
4.0645
3.20702
2.49748
3.51122
2.54789
3.03565
3.2687
2.39813
3.72935
3.29484
3.27764
3.37954
2.48493
3.20574
3.78913
2.01478
2.3629
3.25434
2.32759
2.76494
2.80897
2.56317
3.10614
3.50008
2.8135
3.66033
3.10251
2.86882
2.72886
2.79925
3.29332
1.6262
2.51119
2.45562
2.97679
2.29577
2.92838
3.05521
3.11075
2.7602
3.29514
2.98353
3.2751
3.47832
2.69291
3.42985
3.54039
3.03261
2.48616
2.54297
3.04938
3.36422
3.29782
2.06507
2.80698
2.97921
3.49426
3.30982
2.81178
2.84013
3.70626
3.98171
2.92119
2.98575
4.05882
2.59976
3.10251
2.54931
2.32231
4.36063
2.49749
2.52371
2.47796
2.97209
2.19285
3.93242
2.80104
2.80715
3.68934
3.33544
3.56946
3.31643
2.51057
2.51794
2.79129
3.12702
3.01994
2.97219
2.70082
2.72263
3.32619
2.95947
3.76172
3.13366
3.09755
2.56834
2.25732
3.16933
3.12906
3.64798
2.3724
3.21871
2.03351
2.37514
3.22718
3.06948
2.93711
3.16469
3.4154
3.49947
2.23126
2.81988
3.19302
1.94552
2.95348
3.17153
3.84156
3.35301
3.60509
2.62446
2.46078
3.28711
3.08329
2.71112
3.12371
3.39538
2.86061
1.9604
3.25571
2.99805
3.21218
3.51168
2.98173
2.54688
2.65436
3.76201
3.19279
3.52852
2.54035
2.62353
2.98804
3.46973
2.76636
3.44002
2.68107
3.27455
2.9612
3.2505
3.00026
3.32818
2.11182
2.96478
3.13592
2.69112
2.37313
2.8069
3.21963
3.20363
3.07822
2.88712
2.58307
2.68836
2.65353
3.11243
3.05179
2.66998
3.07968
3.2333
3.3716
3.11582
3.28538
1.52276
2.20072
2.38959
2.37155
3.63087
4.05852
2.50244
3.79002
3.16185
2.69531
3.07777
2.98249
2.39205
3.27656
3.18961
3.0347
2.61393
2.80244
3.65577
2.80309
3.75382
2.48197
2.80737
2.83291
2.64984
2.64856
3.09194
3.06129
2.06555
3.34998
3.39459
2.32826
2.86976
2.70335
2.47524
2.78996
2.92049
3.62249
2.83612
4.23789
3.31056
2.43337
2.50744
2.98899
3.64655
2.79205
3.69893
3.03771
3.09827
2.07821
2.61834
3.41238
3.48006
2.92617
3.84645
2.69223
3.0027
3.55736
2.16005
3.03473
1.96041
2.80675
2.10304
3.70642
2.75923
3.48521
3.36554
3.57568
2.29819
2.38595
2.79002
2.55844
3.41957
2.38873
3.14863
2.88859
2.56272
3.11754
3.46752
2.66643
2.97554
2.80538
2.44117
2.8688
2.18749
3.7777
3.15199
3.21356
3.33559
2.67677
2.90774
3.24968
2.70166
2.90928
2.87068
2.57964
2.80451
2.98282
3.80004
2.51217
3.47388
3.2992
3.15619
2.28357
4.11354
3.1752
3.40012
3.00723
2.17977
2.92858
3.84298
3.66929
2.59135
1.8862
1.95186
3.30463
2.67451
3.66991
3.02932
2.93596
2.64964
2.67208
3.58291
3.20349
3.25206
3.51831
3.16253
3.98548
3.31382
2.76231
2.71194
2.55654
2.82824
3.62952
3.14122
2.11389
3.9027
2.51891
3.22371
2.85365
3.22318
2.45909
2.84659
2.88085
3.04604
2.94286
3.59572
3.26988
2.84613
2.58881
2.78962
3.96728
2.75013
3.38128
2.76833
3.25005
3.61569
3.02046
2.91156
3.15521
3.15951
3.53006
2.1056
4.02881
2.88063
3.33763
3.16652
3.29843
2.82229
3.3294
3.06031
4.05672
2.24753
2.42202
2.28933
3.27665
3.73546
4.79936
3.09444
2.57063
3.62351
1.76039
2.82702
1.82694
3.98921
2.90314
2.80666
3.25965
2.94752
1.96232
2.5734
1.6392
3.0014
2.74363
3.79978
4.00648
1.97459
2.74932
3.41446
3.16638
2.87939
2.43594
2.71699
2.16798
2.41104
3.19875
3.32045
2.80967
2.93827
4.01825
3.18185
2.31832
3.84129
2.80496
2.56188
3.10699
2.66446
3.34566
2.56614
2.74899
3.79782
2.92024
2.52473
3.28684
3.1246
3.17676
2.08329
2.94025
3.29092
2.91617
3.68649
3.00176
2.71271
2.39999
3.67371
3.60705
1.84614
3.07483
3.52225
2.64318
3.64384
3.08338
2.56204
2.32442
1.99533
1.91954
3.21392
3.07894
2.59597
2.64303
2.49215
2.91752
2.6257
2.91711
2.65645
2.93631
2.69046
2.867
3.23216
2.93823
3.70108
2.15804
3.08828
3.62912
2.47513
3.01075
3.09636
3.71012
3.05445
3.4108
2.87718
2.68392
3.47203
2.10945
2.6699
2.6916
3.14754
3.2385
2.24723
2.41126
3.55524
2.63408
3.0397
3.03937
3.57889
3.39849
2.82425
3.25457
2.74267
3.28248
3.13105
3.13231
3.2162
3.50333
3.70733
3.3844
3.9533
2.5321
3.5376
2.99571
4.32232
3.62225
3.05695
2.47269
2.49315
2.91552
2.85867
4.03455
2.877
2.46102
2.87796
2.69294
3.53893
2.97854
2.70619
2.89083
2.85643
2.5323
3.63992
2.53251
2.72142
2.72988
3.61791
3.57285
3.29376
2.35905
3.72332
3.59375
3.55826
2.6774
3.08983
3.04724
2.96342
3.647
4.05004
1.89953
3.1626
3.15026
2.85474
3.09738
3.19329
3.12609
3.68715
3.53326
3.66945
3.09324
2.6972
2.49155
3.4057
2.9962
3.57444
2.66999
3.85151
3.45094
2.96036
2.7585
3.15692
3.32452
3.69387
2.9186
2.83979
3.33122
3.30673
2.59253
3.44958
2.29199
3.3739
2.93792
3.45184
3.6847
3.72559
2.82175
3.55684
2.67512
3.21202
2.35318
2.90417
3.66832
1.81136
3.66051
1.88704
2.70542
3.27706
3.61545
3.0463
2.14601
3.04735
3.34543
2.84473
2.56355
3.23411
3.43103
2.70599
3.57759
3.08349
3.32419
3.03332
2.66643
3.9094
3.64094
2.05129
2.56181
2.34614
2.9577
2.99636
3.80838
2.5206
3.11349
3.22927
2.83511
2.79552
3.60304
2.68162
3.42518
2.98172
2.2708
3.51697
2.7623
2.08331
2.84327
3.21745
2.83366
2.96121
3.58681
3.18023
3.2326
2.44827
2.64102
2.6312
2.48607
3.827
2.82088
2.3447
2.79203
2.98686
2.90968
2.30855
3.48082
3.82654
3.28287
2.877
3.59931
3.49964
2.83481
3.57319
2.97762
3.23548
2.83731
3.31407
4.43175
2.73097
3.61398
4.1272
2.60959
2.91046
2.9073
2.50373
2.78002
2.50671
3.16064
2.59174
3.11149
3.79705
3.23202
1.9749
3.44445
2.44516
3.03466
2.84436
3.18807
2.99362
2.68671
3.28066
3.08022
2.7507
3.45253
3.25799
3.27893
2.21541
3.62693
3.0506
2.89593
2.82852
2.54918
3.20651
2.99173
3.13928
3.01307
2.87288
2.89859
2.2115
3.14352
2.68955
3.1241
2.34525
2.58756
3.49291
2.59042
3.63005
2.04401
3.46202
2.63068
2.42269
2.69793
3.69247
3.36601
3.07432
3.36782
2.66553
3.30524
3.41401
3.05408
3.12255
2.82244
3.17178
2.74681
3.21924
2.25596
2.66954
4.13238
2.76292
3.65292
2.83637
2.88831
2.11743
3.20609
2.72364
3.31605
4.04517
3.292
2.53799
2.72482
2.41983
2.39381
2.82347
3.17445
2.96863
2.63564
2.93238
2.96611
2.48353
2.34917
2.51534
3.27056
2.76641
2.84477
2.55868
3.43384
3.12244
3.14717
3.40966
2.74732
2.29151
3.17996
2.35466
3.12485
4.15402
3.29265
2.06681
2.97695
3.09495
3.36283
2.91079
4.36147
2.90364
3.04034
2.61968
3.2468
3.27748
3.18738
3.5875
2.19207
3.63128
2.57155
3.45133
3.68831
3.3901
2.36022
2.54396
2.30717
3.3392
1.9771
2.73593
3.58781
3.17333
2.7071
3.13711
2.27605
3.65502
2.81726
1.96286
3.46695
3.26357
2.75664
1.67439
2.78625
2.50707
2.2316
3.48121
3.32036
3.41761
3.04553
2.94459
3.23741
3.84145
2.22043
2.84558
2.53974
2.6758
3.46357
3.18616
3.38563
3.31215
2.48167
2.84813
3.52319
3.35288
3.16836
3.40653
3.50526
3.32064
2.95728
2.58416
3.39568
3.42645
3.07969
3.10388
3.25707
3.78544
2.78693
2.75203
3.31131
1.98163
2.98586
3.07285
3.17097
2.77588
2.55434
1.92669
3.22989
2.18098
2.86414
2.60452
3.33726
2.83146
4.02141
3.39492
2.82654
3.71953
2.36978
2.9532
3.92166
2.70475
2.90918
2.88884
3.16362
3.18746
3.16536
2.2104
3.68914
2.90339
3.34415
2.26884
2.99542
2.22814
3.08098
3.38701
3.31132
3.15694
2.85317
3.26213
2.70413
3.62178
2.53116
3.07101
2.95795
2.56655
3.78093
2.90839
2.89686
3.02695
3.78069
2.81017
3.10016
1.95605
2.34075
3.34111
2.36188
2.9243
2.79153
3.09613
2.54466
2.62002
3.19854
1.99008
3.03997
2.87681
2.51609
3.00022
3.38186
2.63943
2.97517
2.42665
2.69301
2.98216
2.66039
2.15426
3.09046
3.79369
2.80263
2.57035
2.97988
2.99417
3.66379
3.98212
3.48757
3.12726
2.4929
3.17563
3.39493
3.51085
3.233
3.22874
3.72808
2.48797
2.2187
2.41769
2.71995
3.3933
2.47483
2.90115
2.49364
2.69675
3.48231
2.69791
3.45319
2.66686
2.8909
3.1739
2.39964
3.25246
2.86246
2.72932
3.3096
2.88534
3.11662
2.84514
2.66158
3.31683
3.47256
2.65472
2.64386
3.65336
2.9377
2.80481
2.92413
3.12883
2.83569
2.96444
2.76065
2.87335
2.95264
2.34525
3.15043
2.81756
2.40951
3.3048
3.45685
2.65278
3.14507
2.53112
3.31027
1.76259
3.25489
2.97033
4.34513
3.20933
2.98431
2.78469
3.32714
2.5712
3.05245
4.01798
3.08579
3.05868
4.02595
2.5808
2.31216
2.60535
3.11954
2.69117
3.65061
2.95588
3.09517
3.40463
2.35355
2.24074
3.60206
3.06857
2.54502
3.59373
3.44391
2.9126
2.44317
3.30471
2.93738
3.02057
3.04655
3.76327
3.12423
3.46121
2.75354
2.56684
2.58707
3.14877
3.04457
3.12213
2.23898
1.95444
3.6096
3.38985
2.87062
2.49889
2.91703
2.60332
2.78233
4.04057
3.05337
3.0457
2.2
2.89213
3.61
3.21922
2.33492
2.47445
3.65848
2.42213
2.47907
3.58738
2.52668
2.42903
2.7505
3.39808
2.70856
3.52918
3.52042
3.32499
3.19325
3.76401
3.4406
2.22863
3.22245
2.71975
3.58253
3.0447
1.78699
3.25655
2.87624
2.7254
3.01104
2.88389
2.58193
2.73708
2.84621
3.74822
3.63394
3.02098
3.42276
3.56914
1.85795
2.27927
3.28528
3.36012
3.05065
3.02774
3.91576
2.47212
3.19505
3.04782
2.53445
3.50514
2.41196
2.2563
3.57192
2.5964
2.74497
3.27432
2.89899
2.47709
2.20378
3.17591
2.84897
3.25991
1.96603
3.42836
3.17926
3.41374
3.06009
4.02088
2.53697
2.70924
2.16785
3.48398
3.64577
3.21367
2.78916
2.41994
2.8318
3.07625
2.52319
3.01281
2.67254
3.21738
3.26622
2.52467
3.17498
3.13116
2.32898
2.62302
3.78853
4.21298
2.89652
3.30555
3.62372
2.58977
3.51157
3.43068
2.83178
2.98759
3.14664
3.0403
3.04139
3.43698
3.57114
2.49675
3.44537
3.02334
2.97456
3.4513
3.21953
3.43715
3.27339
3.18717
2.77501
1.80311
2.93922
4.12315
2.88083
2.88453
3.65543
3.53119
2.61644
3.44488
2.42744
3.48114
3.30317
2.90183
2.80742
2.62084
2.4106
3.10017
3.07997
3.20843
3.8281
2.87125
3.80075
3.09121
3.19951
3.80008
2.29641
2.67352
2.49006
2.47435
2.25485
2.77121
3.48689
2.79763
2.5746
2.51043
4.24156
2.5395
3.89925
2.30765
4.1224
2.29614
3.5813
2.11531
3.36944
3.35643
2.49602
3.30579
2.5732
3.42446
2.74729
3.24835
3.26743
2.62812
3.08055
3.12574
3.37492
3.41521
2.43075
2.66779
2.67617
2.68351
2.56512
2.97581
3.82333
2.8142
3.58788
2.25127
3.21215
2.19943
3.10144
2.84094
3.20582
2.11696
3.41208
3.5157
3.12188
3.74509
3.19539
2.76494
4.15112
3.86313
3.46004
2.83619
2.33491
3.12446
2.68868
3.10742
2.71557
2.83843
2.74587
2.44365
3.60432
3.07847
3.36684
2.33513
2.595
2.73776
4.35411
3.49497
1.88542
2.85741
3.39951
3.16296
2.16661
2.73536
3.38319
2.2897
3.37181
1.83101
2.7005
2.43371
3.09039
3.22758
2.70882
3.01731
3.10023
3.01048
2.67831
2.63009
3.06561
3.2073
3.11596
3.60686
2.86876
3.36281
3.28626
3.05552
3.34918
2.44248
2.44866
3.50561
2.85938
3.1672
3.46954
3.37924
2.83706
3.09792
3.31643
3.25241
2.76923
3.23938
3.73915
2.84163
2.11452
3.67573
3.13946
3.34743
3.06372
2.81849
2.08197
3.36239
2.0657
2.99252
2.85747
1.93189
3.73021
3.16098
3.51216
3.04768
3.24838
3.61565
2.50134
2.96409
2.5154
2.51484
2.74851
3.15587
2.95859
3.51281
3.25968
4.00329
2.95984
3.50483
3.23704
4.45057
2.39284
2.20739
3.72518
3.48711
2.8029
2.34794
2.57397
2.83803
2.26131
2.77975
3.07666
3.54814
3.86156
1.9307
2.9884
3.11848
2.58308
3.95204
2.8939
3.03658
2.84703
2.62725
2.14866
2.95022
1.69586
2.43266
3.49796
3.33064
2.77014
3.08575
2.79896
3.38995
2.72873
3.07778
2.26551
2.7235
2.63494
2.83308
3.11093
2.70376
3.20691
2.86369
3.01875
3.82848
3.90959
2.88165
2.70322
3.90556
4.44509
3.30771
2.62675
3.53911
2.55358
2.56399
3.47446
3.86135
3.16263
2.11326
1.81126
2.33998
3.43938
3.16375
2.68296
2.78713
3.47931
2.54075
3.43476
2.93851
2.67005
3.13503
3.57499
3.40831
2.58752
2.86942
3.51253
2.84087
2.9442
2.47836
3.23947
3.18554
3.21774
2.96357
3.90539
2.90782
3.10576
2.88185
2.63022
2.44662
3.15034
2.89581
3.32123
3.23734
3.14578
2.74981
3.46865
2.82252
2.68245
3.01073
3.6512
3.18059
3.37998
3.52009
2.66381
3.18973
2.69303
2.06255
2.31859
3.30563
2.67388
2.31643
2.82402
2.37351
3.00378
3.70797
2.65006
2.56127
2.58723
4.09055
3.75944
2.47117
3.25694
3.59064
2.31067
3.46816
3.55656
2.40656
2.62904
3.51657
2.87588
3.26878
3.99163
3.15161
2.98442
3.95297
2.60772
2.88538
3.03454
1.4636
3.16796
3.06147
2.90107
3.00143
1.83109
2.06295
3.35129
2.97562
2.32878
2.32729
1.997
3.18447
3.41073
3.66035
3.34327
3.08565
2.80659
2.21811
2.62557
2.83485
3.34383
3.39447
2.70004
3.91071
3.16887
2.50961
3.91583
2.88445
2.4737
3.63843
1.84903
3.28429
2.47275
3.18032
3.78817
2.91847
2.51733
2.05228
3.14802
2.13634
2.66246
3.54692
3.40227
3.27625
2.42588
3.78025
2.78995
3.75646
3.35625
3.03309
3.40857
2.39879
3.11041
3.10787
3.76647
2.11136
3.18437
3.65436
2.45072
2.64593
3.47843
3.96961
3.03867
3.58325
3.47411
3.64643
2.78836
2.85621
3.2704
3.14026
2.41929
3.60301
3.49346
3.06563
2.46474
3.45169
2.85545
3.1029
3.00782
3.29809
3.46853
1.96612
2.73052
2.29682
2.84449
3.48597
2.10957
2.99409
2.89528
2.52423
3.13251
2.72416
3.53335
2.58252
2.0708
3.66726
3.20812
3.13784
2.65595
2.51924
2.8711
3.08448
3.67712
2.71623
2.64955
3.30519
3.80664
3.13785
2.93466
3.11472
3.07726
3.25493
2.38459
2.93793
2.86556
2.12455
3.47962
3.20761
3.24344
4.11695
3.37516
2.90686
1.64419
2.97021
2.66418
2.75355
3.22483
3.03183
3.04194
3.11398
3.83858
2.23349
3.06094
3.81741
3.60904
2.91755
2.85318
3.46262
2.94817
3.7872
3.31772
3.04542
2.51809
2.39708
2.73175
2.18364
2.40101
2.99121
2.9755
2.52333
3.4947
2.78556
2.92012
3.26876
2.49404
3.44335
3.49525
3.18619
2.63939
2.92469
2.78538
3.38838
2.65631
2.76385
1.87796
3.11262
3.14871
1.84435
3.71208
4.07912
3.39864
3.93748
3.63403
3.39336
3.33598
3.50443
2.59244
3.2475
4.09885
3.48955
3.18616
2.22573
3.44501
3.81029
2.98678
2.17217
3.07092
3.39267
3.62544
2.02687
2.53105
2.77468
2.61627
2.85255
2.45247
2.92342
3.37608
3.09113
3.10428
3.67637
3.45545
3.09196
2.49385
2.90972
2.57402
2.58481
3.3322
3.38081
2.88013
2.36733
1.57761
2.89485
2.48181
3.69881
2.95968
3.27214
3.19555
3.24264
4.61652
2.96569
3.57533
3.75939
3.80429
3.28422
3.28061
3.50123
2.54591
2.53022
3.32031
2.93341
2.95741
3.73105
3.65652
2.15193
2.7042
3.18617
3.23407
3.00548
2.77527
2.63564
2.8088
3.23883
2.56716
2.93127
3.24454
3.77294
2.85414
3.08113
1.90126
2.7434
3.11588
3.32217
2.84343
2.8558
3.19392
3.32915
2.81202
3.29545
3.42429
3.16136
3.11512
3.1257
2.97803
3.384
2.09985
3.90839
3.07475
2.91407
2.57106
3.3316
2.9681
3.2094
2.96589
2.50085
3.68455
3.40252
2.34128
2.54009
2.93084
3.52624
3.52561
2.35021
3.42454
3.29071
2.10913
3.13243
3.81592
2.7278
1.92961
2.27379
2.87648
3.62422
1.94204
2.97335
2.74923
2.57806
2.69401
3.53766
3.62702
3.65714
2.93936
3.28245
3.4502
2.92445
3.26415
3.95578
3.82831
2.73152
3.27354
2.87797
3.27319
2.96048
2.89088
3.2578
3.24123
2.89101
3.28111
2.59715
2.81657
2.32933
2.6242
3.034
2.61557
3.793
2.86364
3.4667
3.82393
3.19221
2.30877
2.07984
3.19144
2.41866
3.15396
3.3295
3.07086
2.63975
2.78732
3.05831
2.77537
2.65829
3.15038
2.6134
3.16435
3.48103
2.85597
2.87722
3.20119
2.62076
3.24393
2.92683
3.72515
3.34744
3.13879
2.46039
2.30772
2.87295
3.33543
3.89446
3.06706
3.17834
2.76607
3.31006
2.9039
2.4373
2.94064
3.38463
2.8207
1.94549
2.28679
3.06297
3.38912
2.59768
3.29485
2.88732
2.98285
2.72976
2.47558
3.67946
2.943
2.35741
3.28609
2.25155
3.04391
2.67226
3.22752
3.15261
2.46808
3.52359
3.05778
2.28891
2.0789
3.67132
3.00758
3.39983
3.91376
2.84879
3.51452
2.72905
3.08391
3.12698
3.0389
3.42334
3.34955
2.9724
2.64862
3.56924
2.9076
3.06947
3.23076
3.16339
3.25589
3.53713
2.27893
2.71893
2.16355
2.83839
2.09378
2.29251
2.78593
2.75807
2.50577
3.22454
3.39524
2.46974
2.94414
1.65808
3.69991
3.64173
2.90273
2.77426
3.20747
2.62746
3.23211
2.54611
2.72387
2.86427
2.29334
2.80898
3.14603
2.89081
2.4288
2.98878
3.58722
3.57264
3.02984
2.81049
3.47653
3.03825
3.00421
3.3004
2.81318
2.31033
2.73204
2.87951
2.97947
2.13054
3.32388
2.73944
2.60785
4.01525
3.58664
2.2366
2.62609
2.67031
3.26192
2.10181
3.13843
3.77213
3.42939
3.66648
2.97011
2.53763
3.17686
2.7352
2.39724
2.73137
3.41014
3.03566
3.52917
2.5559
3.04996
2.99053
3.98878
2.96241
4.15273
3.1741
3.41464
3.18031
3.08215
2.19083
1.94799
3.2565
2.28793
3.50462
2.90797
3.74564
3.00653
3.35576
2.55397
3.6794
3.04647
2.40297
3.06047
2.63542
2.73293
2.49866
3.3969
2.76347
3.58999
2.7997
3.16749
3.9484
3.65374
2.59529
3.61148
2.95732
3.00611
2.97449
3.3488
4.31665
3.10076
2.64407
3.06965
2.70049
3.34558
3.20113
3.52546
3.37827
3.13296
2.64115
2.7681
4.35321
4.0445
3.61798
2.96809
2.82179
3.62726
2.07039
2.50322
3.89114
2.62777
2.61779
2.20738
3.99894
3.33847
2.47435
3.37104
2.95662
2.40171
3.02712
3.22719
3.01741
2.4506
2.57405
3.56598
2.68747
2.42815
2.68177
4.01479
1.92967
3.18417
3.03335
2.78413
2.74338
3.14004
2.58722
3.23583
3.64688
2.7016
4.20884
2.7983
3.55694
3.62471
2.69691
2.82288
2.47615
2.63187
3.18776
3.10069
2.80734
3.22457
3.13508
2.68215
3.13643
3.70647
2.19238
2.53351
3.65833
3.0779
2.7832
2.74908
2.94251
2.63205
1.99392
3.63569
3.68999
2.46156
3.29034
3.20118
2.8853
3.11441
3.56133
3.68792
2.40509
2.85959
2.06708
2.83344
2.59732
3.504
2.99889
2.3232
2.46823
2.24504
3.09875
3.82639
2.95944
3.28673
2.86856
4.02269
1.88065
3.17232
3.37541
3.79337
2.85716
3.29941
2.75896
1.62964
2.60946
2.98409
2.91303
2.94824
3.58059
2.46809
3.54231
2.09028
2.32528
2.25939
3.08246
2.72309
2.01683
3.71186
3.16492
3.09587
3.22194
3.44493
2.90766
3.76578
3.59226
3.62076
2.44568
3.19335
2.86606
2.76577
3.02828
2.47707
2.40048
2.53847
3.26872
3.47721
3.83846
3.29285
3.12753
3.23951
2.56154
3.44234
3.02054
2.92463
3.46682
2.77975
3.79477
2.85737
3.32044
3.25908
3.78381
3.01786
4.1373
2.28229
3.41578
2.97855
3.21959
3.12741
3.05481
3.10299
2.68698
3.40527
3.34832
2.0871
2.86068
3.14057
2.97297
3.28914
2.41786
2.68391
3.08839
3.25187
3.11271
2.9827
3.42508
2.8833
2.73642
2.30273
3.74842
2.02803
2.94752
3.36593
3.15733
2.30153
2.36147
3.34726
3.41456
3.20209
3.10215
3.55028
2.66326
3.08531
3.35247
3.73127
3.11456
2.5779
3.35319
3.42536
2.53399
3.92484
2.58684
3.25046
2.71244
2.76806
3.21129
3.93923
3.23886
3.23151
3.26768
3.41952
2.20579
2.80379
2.20332
4.01743
3.49936
3.33949
2.77151
2.72071
3.89482
2.63948
2.81147
2.53873
3.50992
2.2994
2.20534
3.11038
3.1352
2.95653
2.97744
2.77288
3.78729
3.50939
3.59991
2.5044
2.86284
3.08882
2.58191
2.81226
2.52211
3.2264
3.81539
3.08958
3.14612
3.5517
3.45853
3.87712
2.87236
3.0953
3.74309
2.97015
2.47038
2.79102
3.2253
3.65384
2.77471
3.75383
2.16838
2.32023
3.30572
2.8828
3.6451
3.46059
3.01528
3.23537
3.82906
2.6401
3.42813
2.93985
3.87426
3.15675
3.16141
3.2246
3.38292
2.47772
3.10223
3.89022
3.09991
3.12906
3.37509
1.97183
3.41453
2.97627
3.8448
2.86447
3.38108
3.61732
2.5438
2.17178
3.71642
2.86425
3.18254
3.35489
3.47867
2.86753
2.6263
2.68939
2.43724
3.33799
3.37159
2.80171
2.96612
3.15891
2.51131
2.63935
2.9508
3.29141
2.86004
2.52991
3.67617
2.63017
2.7525
2.88379
3.03227
2.8602
3.05971
2.98678
2.88046
2.93603
3.29609
2.95501
2.94369
2.7849
2.85208
2.78601
3.25877
2.89153
3.80696
2.50835
2.91854
2.85898
3.87416
3.03038
2.95068
2.90856
2.88527
2.94531
3.41319
2.5783
3.4954
3.29966
2.63185
2.77931
2.70347
3.72722
3.44071
3.07836
3.92856
3.2121
2.74459
2.91668
2.78165
3.63332
3.04149
3.15862
3.3653
2.77049
2.8278
3.81092
3.14758
3.20228
4.04091
3.63864
3.04978
3.6567
2.8174
3.25366
3.33067
3.4528
4.07088
2.70852
2.21346
2.84403
3.06916
3.13716
3.59007
2.67294
3.59895
3.13775
3.1444
2.48318
2.90379
3.16344
2.82905
3.15231
2.87551
2.55512
3.65168
3.05267
3.23492
2.78314
2.46789
3.01675
2.90906
4.16999
2.8857
3.65338
2.51977
3.09721
2.90667
2.91403
3.07631
2.88293
3.45049
2.83639
3.03082
3.32513
2.63704
3.51198
1.88004
2.79863
2.62511
3.01335
3.83946
2.89725
2.80051
3.3049
2.97096
2.77522
2.34846
2.52776
3.1901
3.48129
3.33718
3.74443
3.0755
3.02553
2.76195
4.25416
3.14
3.69801
1.86236
3.2246
2.97932
2.89644
2.96458
2.28295
3.05144
4.37347
2.5636
2.38734
3.03884
2.78678
3.25333
3.70959
2.80024
2.90248
2.19101
2.87904
2.92562
3.6455
3.28435
2.23558
4.46904
3.4466
2.75218
3.20797
2.55728
3.82516
3.43838
2.30126
2.98607
2.92525
2.74286
2.73976
2.96521
3.46583
3.22403
3.0968
3.91008
2.8475
2.31521
2.13704
3.43324
2.82783
4.1834
2.51211
2.88267
2.6917
3.27433
2.80341
2.41418
2.86304
2.26433
3.5096
2.93222
3.27371
3.18699
3.96892
2.94667
2.83877
2.38266
2.83772
1.8624
3.32698
3.45888
2.661
3.90932
2.72661
3.21526
2.50651
2.61418
3.05603
2.65909
3.10045
3.30759
2.02041
2.75458
3.12246
3.49253
2.55657
3.63442
3.53353
2.91463
2.98277
2.52333
2.91646
2.56196
3.45441
2.96003
3.16059
3.02392
3.16524
2.70961
3.21644
2.49591
2.70732
2.43997
3.58899
3.84162
2.77198
3.30865
2.38481
3.572
2.39387
3.58772
3.97587
2.54195
2.77173
3.16581
3.18074
3.15939
2.42618
2.89363
2.5868
3.02602
3.34645
2.8358
3.76259
2.29321
3.01545
2.27971
2.89933
3.06734
2.61423
2.80984
3.17341
3.75325
2.8267
2.54794
3.80213
3.27848
2.90946
3.05857
3.65883
3.48522
2.58811
2.9376
3.08241
3.89654
1.83443
3.08467
2.25826
3.21885
3.39757
3.34222
2.99006
2.30795
2.46587
3.32083
2.72681
3.22446
2.57069
3.20967
2.50994
3.08844
3.56991
3.18875
2.65571
2.76853
2.87679
2.37846
3.72546
2.31523
2.61791
3.16392
2.32479
3.01131
3.17273
2.63507
3.10615
3.08468
3.3802
3.20322
3.27319
2.24914
2.79553
3.13526
3.13999
2.70752
2.6686
3.28534
3.02811
3.0549
3.89241
2.61549
3.68667
2.8696
3.19861
3.7145
2.66154
2.98634
3.77288
2.67088
3.79573
3.50585
2.53759
3.46991
2.85103
2.7774
3.22706
2.91522
3.27378
3.23572
3.11439
2.24604
3.19614
3.11589
2.21038
3.03071
3.44818
3.61274
2.41659
3.55629
2.86218
4.44438
4.1082
3.45339
3.72232
3.24642
2.4513
2.92339
2.84365
3.37722
3.03003
2.39218
2.81555
3.14167
3.382
3.31176
2.8399
2.87942
1.30523
3.53102
3.29668
3.40777
3.51559
2.31863
2.9605
2.41437
2.39931
3.23257
2.91171
3.12315
2.39673
3.31813
2.98864
3.19037
2.99028
2.78529
3.62979
2.91999
2.74891
2.56534
3.47248
2.03138
2.09127
2.87988
2.35283
3.14847
3.49736
3.37072
2.91257
2.52235
3.04436
3.38286
3.05828
2.9214
3.23872
2.666
2.57658
2.60418
2.90061
2.79447
2.46414
1.91046
2.51434
3.4583
2.67855
3.13702
3.31611
2.47509
2.8923
2.44832
2.86175
2.99756
3.64415
3.20045
2.73716
3.05533
2.68801
2.91248
2.98735
3.19425
3.96523
4.07967
2.76793
2.27175
2.54802
3.2521
2.88122
3.54287
2.85826
3.04565
4.10551
2.49429
2.89762
2.69262
3.39145
3.22136
2.80275
3.50496
3.03432
3.09619
3.31718
2.38438
3.41936
3.20975
2.52573
3.24497
2.60777
2.7035
2.96103
3.33634
2.73018
2.05894
2.92577
2.23425
3.2618
3.36072
2.71891
3.03928
2.15754
3.16829
3.39924
3.67992
2.7214
1.59593
2.66986
3.3184
2.69703
3.57454
3.41608
2.84794
2.28962
2.32749
3.75044
2.78666
2.68545
2.88162
2.69658
2.63656
3.70673
3.39283
2.41313
1.94376
3.82001
2.44263
2.74964
2.39729
3.4578
3.14278
3.43668
3.61826
3.11083
2.81555
2.22402
2.91553
2.9716
4.01498
3.16259
2.37832
2.49337
2.6826
2.52184
3.05691
3.31014
3.3111
3.82549
3.03873
2.52167
2.07636
3.15314
3.83901
3.04028
2.1608
3.49722
3.75571
3.25287
2.46903
2.87181
2.33996
2.99827
3.46099
3.58874
2.80572
3.42057
2.96213
1.85882
2.43075
3.51853
3.08237
2.59467
3.12984
2.52763
3.74523
2.46643
3.18819
3.47435
3.32357
2.20637
2.40418
3.16314
2.73376
2.80308
3.59436
3.06034
3.49093
3.46782
3.68111
3.47981
2.8292
3.28205
3.41733
4.18973
3.20296
3.10793
1.84987
3.63639
3.3192
3.70562
3.43247
2.48611
3.69268
3.20495
2.72586
2.75048
3.19212
2.55491
2.58231
2.77719
3.10615
2.70263
3.39147
2.34785
3.17969
2.56552
3.52231
2.41422
2.69796
2.39396
2.79296
3.05476
3.32426
2.51188
3.83064
3.26761
2.87663
3.12852
3.6246
2.75179
2.4363
3.44852
3.07719
3.77911
3.06802
2.86571
2.53549
2.64371
2.91401
3.49606
3.48903
2.63725
3.00906
3.37311
2.32093
2.47662
2.93566
3.05297
2.76995
3.46123
2.7343
3.54905
3.54855
2.14029
3.35527
3.14803
3.18227
2.93942
3.44924
3.5863
2.84143
2.93354
3.04363
3.78625
2.22386
2.97075
3.32058
2.73784
3.07309
2.81194
3.55871
2.78618
3.54359
3.24186
3.27786
1.96392
3.64819
3.67956
3.6533
3.07355
3.1467
3.94983
3.22332
3.52693
3.5429
3.69349
2.84337
3.75359
2.72269
2.96939
3.19406
2.24072
2.91226
3.28153
2.36383
3.77897
3.47672
3.42488
2.66635
3.7058
2.60003
3.00339
2.75027
3.34576
3.00205
3.25658
2.28426
3.80426
2.99072
3.25869
3.89624
2.28368
2.51296
3.35736
3.1786
2.7084
3.42497
3.75923
2.97845
4.09328
2.04599
3.09318
2.8298
2.59135
3.00061
2.77265
3.02
2.61565
4.49832
2.69465
3.19824
2.37984
2.66259
3.1975
3.0928
3.28163
2.38407
3.40147
2.72576
2.39541
3.18484
3.35339
3.27936
3.17738
2.31203
2.79437
3.36479
2.97776
2.92306
2.52202
2.28554
3.33715
2.97306
3.34754
3.44625
3.69062
3.08968
2.91241
2.90552
3.42242
2.98149
2.72088
2.91424
3.29214
2.65522
3.14977
2.90143
1.90295
3.09274
2.52152
3.42613
3.21453
3.68713
3.08782
2.48616
2.80916
2.17903
3.01387
3.11477
3.84315
3.03638
4.26275
3.11959
2.85796
3.61369
2.8955
3.43278
2.89526
2.72435
2.3101
3.15371
2.63761
2.99084
3.18931
3.02043
3.42337
3.09939
2.86284
3.33468
3.20137
2.83049
3.31982
3.21997
3.12269
3.20501
2.78633
1.99864
3.72269
3.15928
1.70709
2.50615
3.18834
3.34412
2.96225
3.37832
1.92809
2.95921
3.38125
3.06873
3.69589
2.2035
3.40537
2.8962
3.18849
2.87555
3.61823
2.43246
2.89691
3.02646
3.06897
3.55833
1.51305
2.53572
3.11571
3.21574
2.37009
2.58101
2.98311
4.04389
3.83781
4.10491
3.35985
2.70962
3.64581
1.69008
2.62918
2.81242
2.35573
3.74983
3.1301
3.70579
2.99546
3.06353
3.34638
2.91549
3.44557
3.10924
3.01507
2.5363
2.61544
3.62887
2.18986
3.35047
2.55298
3.05159
2.70926
3.33588
2.99031
3.1575
3.4396
3.68746
3.20662
2.63197
2.81834
4.02602
2.95261
4.02492
2.5139
2.82513
3.71947
3.11748
2.65216
2.89963
2.44009
3.56024
2.55216
3.70406
3.1534
3.6693
3.27104
2.0463
2.93747
3.05733
3.19623
3.46529
2.64519
2.60967
2.93909
2.65975
2.98271
3.44454
3.01866
2.46054
2.81117
2.15297
3.66488
3.27452
2.4781
3.32505
3.41258
3.62685
2.61113
3.18069
2.85588
3.54537
3.08594
2.59279
3.86749
2.90352
2.84392
3.35088
3.27688
3.07601
2.97493
3.49359
3.1233
3.26123
3.144
2.65424
2.99979
2.42225
2.91065
3.09866
2.24306
2.91654
2.87557
3.38005
3.86262
3.55726
2.96058
2.83693
3.22871
2.68434
2.21199
2.89349
3.12367
2.74683
3.43546
3.22992
2.80246
2.90453
2.83883
2.70406
3.39743
3.94572
2.8537
3.43092
4.28254
2.70342
2.88077
2.53532
2.62312
3.26232
2.59151
2.77723
2.93766
2.99649
2.87014
2.26312
3.11138
2.72976
3.32289
3.64696
2.80217
2.26206
3.09506
3.12317
2.49853
3.60143
3.6929
3.44322
3.42735
2.30209
2.86444
2.87692
3.21489
3.06837
2.26572
3.0467
4.05658
4.18481
2.92335
3.27192
3.04655
3.72384
2.84228
2.61936
3.10458
2.64812
2.06013
3.14978
3.04437
3.61624
3.34626
2.94686
2.99229
2.96508
2.63833
3.13728
2.55483
3.01683
3.50165
2.31013
2.92274
2.96376
3.15792
2.75773
3.28408
2.51453
3.02331
2.91816
3.77095
3.34891
3.44011
2.59458
3.1318
3.0669
3.46206
3.16014
3.01969
2.22156
2.76604
3.43209
2.97117
2.33327
3.16928
2.62931
2.49806
3.0196
3.65738
3.31206
3.42114
3.21682
2.92385
3.11479
3.47094
2.969
2.66967
3.62471
2.81682
2.81174
1.96922
3.05393
1.9769
3.33252
3.18785
2.12009
3.55939
2.69223
2.16811
3.29733
3.01588
3.5873
3.71955
2.66071
2.88547
3.82399
2.88361
3.04037
2.85784
2.59457
2.84882
2.86609
3.21357
2.86961
3.4236
3.0732
2.34848
2.62433
2.30983
2.70189
2.5539
3.39966
2.93432
2.92098
2.9578
2.75503
3.08672
3.36944
3.18398
2.6141
2.93573
3.28076
3.17473
3.26195
2.59595
2.7276
3.48121
2.96774
2.45319
3.14516
3.47297
2.82943
3.2395
3.28216
2.1717
2.69189
2.92787
2.96457
3.98959
2.79854
3.94682
3.02642
3.00903
2.42368
3.10873
2.08908
1.81156
3.14885
2.89063
2.8994
3.17227
2.70211
4.07965
4.25787
3.46842
2.81546
3.46612
2.78361
4.07758
3.1731
3.71365
3.70728
2.42161
3.55525
2.78507
2.99437
2.92099
2.03383
3.39101
2.43455
2.78164
2.86926
3.139
2.96209
2.36527
2.89159
3.94296
2.79955
3.05778
2.13713
2.04603
3.29333
2.70017
2.91339
3.47428
2.85567
2.43876
3.33484
3.87117
3.66038
3.63169
2.78332
2.73551
3.86473
2.73581
3.17729
2.31451
3.35124
3.06456
3.46538
3.46549
1.38721
2.61235
2.77692
2.66149
3.11229
2.91453
2.6055
2.69485
3.08273
3.56214
4.01068
3.01058
3.34785
3.61468
2.87179
3.01722
3.09068
3.39446
3.31526
3.27998
4.23388
3.44803
3.42122
3.27286
4.1769
2.66585
1.9315
3.68361
3.17001
2.85887
2.50375
1.87213
3.21508
3.55224
2.84839
2.32351
3.29928
3.44647
2.56566
3.00711
3.86576
2.65378
3.10407
3.73437
3.58081
3.60891
2.47881
2.9221
3.02863
2.24049
2.74189
2.68917
2.64609
2.70251
4.05332
2.58261
2.45782
2.70128
3.43462
2.62556
3.44309
2.07635
4.44642
2.37832
3.59525
3.17819
3.20311
2.69339
2.91591
2.67221
3.271
4.08565
3.13091
2.19823
2.48884
2.6773
2.91747
2.35164
2.94023
2.64448
2.59257
3.1207
2.37854
3.20879
3.23373
2.83211
3.1336
1.69953
2.87422
2.19997
2.57846
2.79053
2.15538
3.18588
3.18954
3.36645
2.69984
3.654
2.43257
2.79201
2.46097
2.24594
4.04048
2.3741
2.88658
2.47954
2.84262
3.14138
4.28534
2.77328
3.08056
2.63412
2.95859
3.41957
3.74329
3.21503
2.78727
3.29754
3.68799
3.45289
3.73212
3.00638
4.05332
3.27761
3.93845
3.34376
2.21557
2.04362
2.20338
3.31074
2.50115
2.43607
3.55395
2.69703
3.28351
3.0616
3.31772
3.08112
2.97954
2.93301
2.94648
3.47817
3.32186
2.03301
2.67509
2.29268
3.15303
3.61824
2.69613
3.96969
2.6983
3.44576
2.91238
2.72764
2.10994
2.77538
2.91818
3.33984
2.51954
1.49637
3.50424
2.70209
2.95262
2.64089
2.31038
3.02779
2.5035
2.94061
2.29577
3.20379
3.46317
2.5427
3.54132
2.74766
2.82546
3.70133
2.94118
2.66738
2.75057
2.1445
2.62553
2.77112
3.09008
3.59487
2.67568
3.06036
2.57579
2.53195
4.15327
3.48109
2.96006
2.72611
3.48829
2.18849
3.05391
2.41287
2.815
2.72946
2.12691
3.52217
3.36146
2.81843
3.45628
3.24681
2.87713
3.40315
3.03078
2.91901
3.00086
2.64594
1.8896
3.7199
3.02289
3.90972
3.40683
2.80314
4.00585
2.9378
2.14964
3.01706
3.34926
2.58101
2.66737
3.14833
2.7782
2.56474
3.31828
3.22183
2.78208
3.33085
2.08191
4.05311
2.85306
3.13878
3.64574
3.30811
2.57404
2.88457
3.60676
2.48348
2.28144
2.85603
3.54681
2.48357
2.58212
2.66489
2.35175
2.70899
2.38124
3.02134
2.9533
2.08757
2.4961
2.88636
3.62373
3.1395
3.70624
2.16119
2.54198
3.45971
2.93065
2.63612
3.9904
2.52129
3.05075
3.22687
4.25339
2.92389
2.52849
2.62514
3.23691
2.4684
2.73172
3.01349
2.74264
3.66253
2.99482
2.76755
3.20075
3.20005
2.84261
3.04673
1.72406
2.67609
3.57152
2.26438
3.01801
3.23463
3.26102
2.7341
2.895
2.80144
3.56644
2.75673
4.00514
2.61546
2.2589
3.10795
2.13424
3.20646
3.2015
2.94511
3.44613
4.3393
2.09058
2.43121
3.43368
2.98212
3.23817
3.86025
2.8344
2.18198
2.87331
2.54056
2.588
2.72854
2.30541
3.11812
2.88343
3.03014
3.52229
3.03155
2.88732
3.06213
3.09996
2.65961
3.14176
3.1594
3.41997
3.18521
2.84874
3.77661
3.32579
2.80036
2.8284
3.8747
3.7053
3.08143
2.27979
2.73866
3.37364
2.89965
3.45403
3.15716
3.07028
3.11445
2.65903
3.09425
2.26057
3.17673
3.2485
2.44421
3.19151
2.01926
2.90429
2.63094
2.67401
2.75341
2.76326
3.52678
3.49661
3.20403
2.3755
2.79339
3.32902
3.30263
2.86417
3.98187
3.14346
3.4985
2.88932
3.01195
3.05535
2.64173
4.06124
2.68938
3.18618
2.83243
2.51618
3.02795
2.11336
3.39967
2.54838
1.89949
3.14806
3.76854
2.78794
2.24846
2.92674
2.47587
2.19371
3.85796
2.54625
3.68283
3.56483
2.91904
3.57691
2.92288
2.63775
3.2314
2.81286
2.77963
3.71325
2.40307
2.51052
3.29376
2.95397
3.05036
3.92094
2.84592
1.96289
3.26318
3.01359
3.04242
3.70988
2.50839
2.55392
3.25672
2.85544
2.65774
3.43549
2.20677
3.2879
3.65548
3.09648
3.18032
2.74794
3.11337
2.47301
3.84431
2.82432
3.51483
2.30713
3.31172
2.38849
3.31674
3.65433
3.36729
2.33456
3.56274
2.87691
3.4753
4.43156
3.06227
3.15779
2.78366
3.92359
2.76881
3.27687
2.50591
2.53511
3.87248
2.34509
2.8718
3.33027
2.3809
2.25613
2.44479
2.59032
3.27755
3.09403
2.73184
3.8588
3.40702
3.00106
2.78367
1.72758
2.68295
2.31184
2.68448
3.56503
3.08376
2.63976
3.8024
2.79767
3.66642
3.1327
2.29636
3.45051
2.45723
2.65614
4.13282
3.66489
3.67757
2.90034
2.55545
2.42928
2.4736
2.86596
2.41357
3.37536
2.43363
2.53909
2.76674
2.96
2.31209
2.98526
3.1139
1.58911
3.44004
2.43706
2.86614
3.07724
2.88719
3.30219
3.05895
2.63983
2.94436
2.69541
4.33954
3.00746
2.34282
2.03086
2.90244
2.37307
2.40471
2.65938
3.40128
3.62699
3.77078
3.83401
2.01668
2.28127
2.19129
2.37989
3.57344
2.90409
3.52112
3.44767
3.17215
3.14537
3.58956
2.20711
3.08584
3.05359
3.35947
3.20048
2.5178
3.252
3.03584
3.36418
2.90685
1.49463
3.62487
2.23187
3.01624
3.33924
2.08261
2.06876
2.55188
3.38368
2.89574
2.79084
3.4948
2.43919
2.78409
2.86235
2.32178
3.98884
2.74296
2.89984
3.50595
3.23686
2.88592
2.96759
3.21222
3.27447
2.38901
2.94712
3.05378
2.87398
3.51694
2.81036
2.28823
2.67147
4.49518
3.11487
2.99801
3.8477
2.83524
2.82861
3.56654
2.50096
3.86567
2.13459
4.14868
2.67498
2.96199
3.0846
2.67836
3.66921
3.95166
2.37565
2.96076
2.88687
2.92182
2.51404
3.22141
2.51833
2.91366
3.06928
2.70201
3.56265
3.17506
2.72954
2.98274
2.59662
3.1705
2.80741
2.84195
2.40695
2.98474
2.63318
3.10487
2.6816
2.8925
3.33044
3.22853
4.54076
4.00005
3.03562
3.28658
3.26611
3.31794
2.54028
2.44837
2.18885
2.40443
2.90311
2.34925
2.99108
2.81451
2.08878
3.13527
3.576
2.62044
4.18334
2.89383
4.03762
2.85626
3.77367
3.46631
3.61907
2.29372
3.01121
3.62463
2.83492
2.98663
3.26255
2.33154
2.37666
3.26668
3.05291
3.23294
3.17778
2.97193
3.1194
2.91178
2.45215
3.43687
3.61545
3.56997
2.73806
2.38116
2.84988
2.36007
2.71809
3.44673
3.07745
2.32418
3.37096
2.5036
2.96693
2.41343
3.20712
2.63799
3.1133
3.42933
2.5901
2.86393
2.67557
2.99831
3.11119
2.76336
2.47648
2.96156
2.48026
3.32518
3.58171
2.85997
3.26338
3.45359
3.44284
3.2299
3.44118
2.82911
3.57723
1.72882
3.77329
2.82972
2.54867
3.4789
3.0055
3.53791
2.66507
3.01537
3.41071
2.85093
2.12053
3.02797
2.9942
3.21203
2.98123
3.53265
2.95702
2.88266
3.4314
2.95763
1.83902
2.87886
2.88324
3.3587
2.5891
3.60961
3.12987
2.68197
3.02022
1.82519
2.43213
2.9906
3.38146
2.71869
2.22203
2.73733
3.21644
3.27583
2.82297
3.76439
3.53133
2.20994
3.26646
3.09451
3.6013
3.30051
2.33021
3.0209
1.99903
2.97197
2.54766
3.01442
3.25778
1.52747
2.37481
2.77003
3.5362
3.78403
2.70432
3.35091
4.09737
3.20846
2.50237
3.17144
2.83765
3.90346
3.17569
3.187
3.24412
2.27281
2.4996
2.86202
3.4913
2.4327
2.933
2.49027
3.6472
2.90366
3.74693
3.2368
3.33388
1.88478
3.27668
2.93007
3.46596
2.61195
2.43876
4.15052
2.8293
2.23036
2.27096
2.56894
2.58959
3.1486
2.65785
2.05453
3.67251
2.28718
2.55481
2.66491
2.2039
1.96959
3.6005
2.92045
4.22215
3.44492
3.16081
3.16343
3.80367
2.13169
4.0665
4.02748
3.25108
3.02671
2.04586
3.8402
2.28599
2.75426
2.11851
3.55827
3.30729
3.51979
3.2867
3.47739
2.40037
2.8395
3.05726
2.4018
3.27985
2.46371
3.02813
4.94707
2.87003
2.92184
3.35433
2.75285
3.02433
2.77554
2.5332
3.21185
3.37856
2.19196
3.70017
2.68956
3.05574
2.95045
2.50238
2.43457
3.47059
2.76888
3.43642
2.21967
3.71693
2.61802
2.44163
3.026
3.67595
3.16693
2.52006
2.33079
3.36293
3.16283
3.7807
4.24248
3.21619
2.95708
2.19905
3.51793
2.34666
3.40405
2.81536
3.10189
2.75195
2.33142
2.54446
3.28875
3.44497
3.10861
3.24705
2.31941
3.69824
3.72571
2.94532
3.20613
2.65122
2.82203
3.47758
3.26017
3.39986
2.79031
2.38068
2.71764
2.65283
2.69487
2.4867
2.00147
2.80558
2.40403
2.22371
2.77327
3.13898
3.09988
3.25266
2.25807
3.33251
2.14124
2.56779
2.93485
2.53218
3.09119
2.72788
2.87438
2.68158
2.38364
2.63726
4.0497
3.04069
3.17701
2.18467
2.88631
2.82267
2.61911
3.14646
2.26658
3.0576
4.13981
2.1493
3.52962
2.50653
3.16996
2.44067
3.00037
2.6698
2.98961
3.09374
3.66881
3.0484
1.79607
3.13314
3.04004
3.1442
3.54034
2.11092
3.38906
3.11829
3.53628
2.09656
3.40061
2.59073
2.91757
2.76714
2.63837
2.64324
3.18231
3.29169
3.01527
2.17571
3.25193
2.47927
3.26422
3.12978
3.40041
3.55726
1.58211
3.70007
2.85976
2.797
2.04884
3.37084
2.10927
3.24765
2.98789
3.47153
2.47239
3.68553
3.23118
3.39749
4.10195
3.06226
3.06805
2.72278
3.88087
2.29208
3.07965
1.284
3.23373
2.90032
2.58048
3.74691
2.87096
3.11002
2.97181
3.44921
3.5319
2.91212
3.55549
3.37816
3.13722
2.63917
3.89277
2.6608
2.7822
2.78934
3.48498
4.3625
2.16924
2.62165
2.8548
2.4135
2.29648
2.43244
3.55118
3.54455
2.52017
2.98827
1.36805
2.29351
2.34626
2.86504
2.59306
2.91556
3.03407
3.41783
2.33489
3.27785
3.15235
3.07367
3.19461
2.67946
3.16328
3.95263
2.38821
3.26022
3.45532
3.01354
3.27966
3.16131
2.50188
3.12359
2.9397
3.65325
3.50483
2.22702
2.61665
3.26888
3.2971
2.61887
2.68786
3.53089
3.14726
2.71976
2.8227
3.48251
3.0853
3.68641
2.43844
3.66
2.49725
3.03537
2.99976
2.85519
2.86743
2.60962
3.6069
2.2939
2.62035
2.70642
3.3062
3.43519
3.05058
3.12106
2.89766
3.14677
2.22211
3.10529
3.00074
3.10494
2.0776
2.74273
4.09295
2.72473
2.78931
2.95751
3.42242
2.71844
2.52925
3.37812
2.66673
2.46635
3.21874
2.60293
2.15866
2.58934
2.80795
3.24407
3.17334
3.27288
4.13585
2.38739
3.43849
2.97685
3.52283
3.02766
2.8827
3.23491
3.29535
3.44652
2.75903
2.79396
3.15022
3.06388
2.69299
2.15173
2.40761
3.20321
4.24769
3.01279
2.42756
3.59238
3.24089
2.19598
2.70664
2.96841
3.58535
3.45626
3.7466
1.69286
2.80402
3.2054
2.78443
2.99055
3.24639
3.04137
2.57968
2.67188
3.42955
2.76678
2.94277
3.44123
1.30836
2.86809
2.77995
2.70997
4.98105
3.26504
2.67224
2.91448
2.60742
4.09259
3.48935
3.46764
2.52071
2.26052
2.69019
2.05037
2.69849
3.52708
2.81952
2.20627
2.44735
3.01878
3.00463
2.94011
3.20457
2.67414
2.55219
2.88307
2.88863
3.06799
3.17234
4.00248
3.67207
2.96438
3.10349
3.75216
3.47018
3.41147
2.73357
2.90802
3.0036
3.70875
2.69048
3.99399
2.75542
2.83916
3.35215
3.14848
3.5039
2.78115
3.36379
2.77713
3.01385
2.4339
3.19672
2.71835
2.52727
2.79144
2.98499
3.29598
3.27126
2.56565
3.54333
2.89583
3.64659
3.99332
3.63064
3.49795
2.82008
3.1468
3.56511
3.05553
3.37344
2.84667
3.09715
2.28097
2.79918
3.59848
2.84887
2.63113
2.98339
3.09633
3.02307
2.59234
2.98151
3.00624
2.50413
3.28597
3.0458
2.85136
3.41195
3.62894
3.98847
3.0511
2.79818
3.2626
2.95197
2.32089
2.62862
3.33655
2.87404
3.86495
2.55377
4.25545
2.61633
4.16035
2.47262
2.51826
4.02202
2.3571
2.95636
3.42296
2.70772
3.09997
2.23329
2.54196
2.33744
2.85824
3.19254
3.33588
4.08224
3.45274
4.09845
3.23286
3.85013
2.54516
3.02159
3.34807
3.25906
2.78034
2.97051
1.91915
2.84537
2.89989
3.67344
3.63367
3.48622
2.96551
4.37155
2.17616
3.01635
3.06394
2.89829
2.69214
3.74274
2.80794
3.23613
2.06441
3.04434
3.01527
2.88012
2.90305
2.03607
3.03966
4.09786
3.44421
3.21193
2.91801
3.24166
2.55808
2.87676
3.53761
2.95759
3.1824
2.97142
3.4992
3.26174
3.13205
3.00974
2.81113
3.18203
3.35604
3.31388
2.8766
3.93585
3.20134
2.47674
3.46034
2.83479
3.51534
3.12619
4.14698
3.40808
3.05505
2.36767
3.70089
2.7803
2.47344
2.81345
3.31207
3.55006
2.53199
3.48403
2.90485
3.41587
3.31417
3.04986
3.01269
3.64071
2.67321
3.3834
2.98448
4.28076
2.12296
2.39918
3.67245
3.33309
2.80821
2.43577
2.83524
3.08083
3.25837
3.52215
3.25962
3.3587
2.08598
3.46311
2.83017
3.50799
2.91566
3.38735
2.91285
3.12455
2.91244
2.12172
3.99162
3.38267
3.38434
2.96613
2.87949
4.61334
3.07309
2.58303
3.47254
3.81454
3.02584
2.94489
2.54448
3.07694
