12.2112
9.88657
10.0158
10.3833
6.43074
7.2234
11.1594
8.36839
12.3307
9.00072
9.5143
14.5209
8.25882
11.1042
13.2522
10.0247
7.35676
9.50545
13.527
10.6016
10.4878
8.42415
7.51344
8.69213
8.32987
9.4028
12.1114
7.27773
9.74537
9.93777
9.35204
12.7811
10.5558
9.78265
9.11981
10.5776
13.2891
13.0147
12.2266
9.37136
8.77594
9.81446
6.65577
6.13903
9.76809
5.57097
9.37822
12.5219
11.5133
8.18337
7.92087
9.76076
7.30926
9.01904
14.4787
11.8318
9.36184
10.1027
9.28045
9.34023
8.85336
12.6204
9.4511
9.01011
14.0436
6.32919
10.3085
11.4966
8.79661
10.6117
9.26995
12.0353
8.65131
10.1112
6.45411
9.82371
5.19844
9.84335
10.6557
9.60471
7.51053
8.95489
11.1078
7.23585
5.61277
10.797
8.32056
9.09336
11.0524
7.47187
11.6249
11.9977
6.24837
6.77825
13.4506
11.2305
10.4754
7.9998
7.73079
8.40042
7.80877
8.7375
10.7957
12.5483
12.6045
9.39551
9.23063
7.11754
8.76922
10.366
11.9715
7.50644
11.3195
10.6576
5.14191
7.51514
13.4792
9.60576
13.0099
10.0565
10.4885
9.95278
9.30111
9.28964
11.4424
10.5837
11.7023
10.8493
7.13058
11.1154
9.31131
9.23351
10.2532
9.41713
9.05597
9.66066
10.672
8.1281
9.32493
9.97855
7.67752
8.35923
8.12541
4.73521
11.4764
12.7208
9.52959
10.1548
11.3332
12.0388
6.69544
5.38007
10.0715
9.91324
8.28733
8.62843
9.90542
6.63508
10.2544
13.4203
9.62624
11.7661
9.25153
10.7145
9.37122
7.8789
10.9599
11.0237
8.10537
9.39873
9.45793
8.18746
10.8389
10.7953
12.1245
7.58243
9.50577
11.795
13.9587
9.17029
8.99485
9.33784
9.20294
11.9398
12.2118
7.66088
9.59396
11.4691
10.9082
9.40814
9.12413
9.81116
6.95884
6.99237
8.51477
9.03533
10.4187
10.0948
10.2114
8.34881
8.46696
12.4407
8.07139
11.66
15.1676
9.54596
7.80658
11.2034
7.95036
10.8086
13.4317
7.11435
10.9456
12.074
10.1496
11.2269
7.84299
11.8746
11.6859
9.33473
8.82193
9.82682
9.40823
11.2105
10.3204
10.5237
6.76289
8.48599
11.8916
10.2723
6.34444
11.699
6.28016
10.223
13.5164
8.94393
9.3604
6.77915
10.8729
9.8898
12.6515
9.47725
10.3817
7.62767
13.7061
11.695
16.7896
8.13687
7.28538
11.6654
9.65488
8.67769
13.4928
11.1508
14.2752
8.96826
11.3169
11.3263
14.6241
9.73218
11.7838
9.69636
6.85352
10.2776
9.50239
11.471
10.4424
11.9224
9.83678
10.782
8.42879
9.39704
12.3185
10.4662
9.26704
7.90081
12.0408
9.96649
10.3671
9.4684
9.83911
10.4209
6.9495
11.203
11.2151
8.22791
10.6629
9.76783
10.7462
8.32578
11.9804
9.93363
9.78635
11.0985
11.1063
10.3016
8.75605
10.1399
12.8248
9.23352
10.2702
9.45067
9.4003
11.8065
9.2933
7.9103
6.67504
6.25897
11.1509
12.8831
12.1886
7.38638
9.66325
12.7716
5.1636
10.5301
13.3441
10.3299
10.3843
10.2836
15.7068
11.0705
10.0577
9.89289
7.33196
7.68902
9.80659
7.60845
10.0543
8.0223
9.67348
12.3754
5.95959
11.7647
13.3549
12.824
5.55913
9.76471
11.7179
7.77515
9.07897
10.1549
6.10695
9.95526
11.3138
10.4684
8.39291
9.33803
8.53588
12.8362
8.67868
13.3346
10.7673
10.225
9.82865
10.1849
12.0194
12.3611
11.5251
8.28534
8.03456
12.7767
8.56916
10.1458
8.69732
13.2954
8.79969
8.80614
6.24693
6.36595
9.99883
7.40411
11.3043
12.9509
12.5668
8.3421
7.94909
11.1482
8.48325
11.8072
8.94872
12.3723
10.5968
8.98719
7.33285
9.26773
9.10226
10.9642
8.21993
8.946
7.12322
14.1806
7.91836
10.9644
10.9645
13.1399
11.3703
8.2189
8.43509
10.2417
12.1855
8.6007
10.0538
10.3908
10.3753
10.3861
9.1939
8.03571
9.68777
12.7224
8.70509
12.1952
10.416
12.527
11.9085
10.1494
10.19
11.4754
11.8854
9.33074
7.71899
11.7142
8.76423
10.7943
9.57063
11.2362
6.27941
11.8917
9.57839
9.57174
9.11509
8.99201
10.4482
9.4888
9.98305
13.4351
5.85076
10.3391
13.7091
9.52678
12.9979
11.0308
8.24504
9.83963
10.09
9.81554
13.2236
13.7304
12.2647
10.6659
10.1914
8.86645
13.2623
9.05738
11.7674
9.96287
7.61357
10.5457
6.56491
11.7442
10.3427
8.09038
14.1325
9.26457
5.26058
12.5704
8.246
8.91452
8.06076
10.6756
12.3712
10.1174
11.4425
9.06106
7.14343
9.81877
7.28616
11.0096
8.87058
12.0276
9.10228
10.5378
11.5198
9.1022
11.081
11.0861
9.97978
8.69628
8.13703
9.59711
11.2592
12.3162
7.99147
11.0884
7.76379
9.39232
10.4518
12.923
11.8771
8.12306
8.99557
12.8595
7.98924
10.1197
10.8102
12.6055
12.436
14.9645
8.54032
9.25068
13.0733
11.1921
6.56975
9.24795
10.3658
9.96783
9.5205
12.2698
8.58903
7.00047
12.6928
10.3746
10.2954
10.2139
8.64393
8.10604
13.6056
11.8973
12.9827
8.99391
13.4822
11.0704
13.1712
9.12975
9.60044
12.2048
8.36681
11.2009
9.20481
11.2521
10.4162
8.35848
11.8567
7.78635
8.4448
8.98584
11.3687
13.179
7.6032
9.82496
10.7851
10.9734
8.18236
8.20116
11.8516
9.08911
10.5454
7.3738
9.66491
14.9764
7.00581
12.6473
10.0108
8.41799
9.43225
12.8312
7.14902
8.99744
8.90322
9.90734
10.3954
10.0757
11.543
12.163
9.93997
9.64011
7.88302
8.72932
7.35766
6.90879
10.5199
7.22355
12.8503
9.18012
8.65173
6.87642
9.0429
10.828
12.3132
11.0915
10.1315
10.3428
10.2204
9.31888
11.915
12.7531
10.0375
11.2058
9.25429
11.8185
9.60297
10.8407
7.34121
10.255
6.24381
7.06724
12.0289
12.9317
13.1654
8.25778
9.49465
8.7732
12.8778
6.93354
10.9039
9.98917
10.6234
8.46826
10.6176
10.0364
10.147
12.4995
10.3901
10.6883
11.0233
9.32384
12.4296
7.33611
10.1284
12.1947
13.0572
8.15957
11.1217
8.77708
8.17324
10.7207
9.02331
10.8973
9.44119
6.20263
11.6135
6.9101
10.6673
9.7799
7.99847
9.88519
12.4122
6.29112
10.2576
11.6113
8.12876
9.08212
9.86256
12.2145
5.61104
9.35335
8.3136
12.4712
8.84629
6.45406
9.86456
6.04259
9.54886
10.5621
11.9674
10.1299
10.5503
4.06531
9.73312
7.32958
12.1891
7.83004
12.2246
5.81103
7.4896
11.5789
9.64057
8.1953
7.34287
8.7658
9.58813
7.69751
11.2717
8.69297
4.58118
8.51831
8.55301
10.0059
11.6309
8.20472
7.16578
10.4642
11.6243
9.53296
7.28911
13.9848
9.97272
12.8816
8.48561
9.80256
8.23882
8.17232
10.4194
12.2661
10.3577
10.2698
8.21351
13.3268
9.01337
12.8172
12.3386
13.2062
7.9637
11.0991
9.66847
13.1407
11.8829
10.0942
12.4945
8.80805
6.88487
9.7046
9.97558
8.3976
10.3791
10.6002
13.604
6.5288
9.40378
11.1902
11.9508
10.8843
12.1186
9.23317
7.13104
13.8093
9.8702
12.5146
9.18595
7.45153
10.5563
8.77756
4.3235
8.37024
10.3996
10.6386
6.5094
10.4359
11.4743
10.0122
7.3414
11.2573
8.51357
8.4288
11.4117
9.76855
11.9472
10.9625
11.1176
10.5452
11.8875
13.2675
7.31526
8.18535
11.0384
10.7461
11.7373
9.40366
9.66251
6.58492
4.23471
11.8102
9.55858
12.5291
12.0457
12.5727
10.2805
7.08866
13.1938
13.3664
8.87511
10.1461
8.33872
9.74851
8.18238
9.93453
9.71184
10.4691
12.9335
9.02772
8.29379
12.2615
11.3591
11.0897
7.73247
10.9535
13.7774
8.50699
8.86731
10.3172
6.68746
10.4873
10.7313
9.24015
7.56986
12.1469
11.2051
8.15619
4.49741
10.7922
9.57798
8.54
8.66562
11.0889
8.29989
12.5155
9.81444
8.27477
11.6912
11.5891
9.31895
7.45079
5.41475
9.07652
7.27856
7.29419
11.575
10.0962
11.3399
7.80997
8.94434
6.55705
10.7916
6.55542
8.7187
10.4958
14.7146
13.1819
12.1443
10.9267
7.5162
7.0612
10.7311
6.9993
10.6491
7.68043
11.8545
11.1182
11.404
11.2693
9.10319
10.2582
12.9601
11.5721
10.4227
8.03818
11.6025
10.7598
6.86532
10.9973
6.65602
9.38208
12.0317
7.66858
11.8579
9.77542
7.24887
10.2859
12.5959
7.74878
11.4318
8.59393
10.2217
15.9689
11.3308
8.75734
8.61687
9.15883
9.96128
9.84847
12.3666
9.95728
9.22226
10.0062
8.70004
8.96789
12.2924
11.8141
10.4777
7.15085
7.91733
12.5613
8.41679
12.7435
8.54624
7.63598
8.43333
8.11095
14.5497
13.1399
10.3319
9.95764
4.69109
5.97113
9.24051
10.608
8.43504
12.4468
10.0274
15.2602
9.50962
8.62389
9.8741
10.5665
7.73484
8.06223
5.92694
6.52615
11.3501
5.92025
9.70242
13.7578
11.5008
12.6894
11.1635
11.4622
12.1784
11.4214
7.5093
11.4217
9.61705
13.1791
11.9274
13.871
7.66402
8.4725
12.0669
8.69315
7.99077
9.56329
11.7248
10.3606
12.1021
12.2952
7.23392
9.11281
10.9068
12.5527
9.87142
8.77079
13.0175
8.06618
10.0055
7.55925
9.14936
9.55473
10.5427
5.39011
12.0684
15.3881
12.2542
5.51726
10.7425
7.42821
7.14921
6.90301
11.424
11.9881
8.94433
12.6364
10.9697
11.1673
12.0774
11.7955
8.48179
9.91341
8.49566
11.3275
11.3418
7.82095
9.89172
11.4867
11.1919
8.30149
8.35015
10.5084
11.2093
9.26519
8.67785
9.36252
9.17171
9.46866
7.02465
6.94526
8.86137
12.701
9.59965
9.92225
10.4876
7.95507
7.55601
9.28251
7.59736
8.13742
9.6631
9.35214
8.12558
10.1509
9.47961
14.1019
8.67882
9.51024
10.6983
8.21934
10.32
7.64126
8.98204
11.4625
11.3728
12.5572
12.6114
8.30674
9.0981
9.88227
12.9076
9.02179
6.06954
12.6526
6.54923
8.26243
12.2671
8.45182
8.41679
13.1653
7.3798
11.4863
9.89712
8.49736
7.64959
7.15161
9.49935
10.5213
10.3694
8.49301
10.5393
9.14375
10.1737
8.1356
9.02047
11.2439
7.57821
8.08409
9.97967
10.1762
8.96934
9.55076
13.2737
10.8125
8.76067
9.42468
11.3273
13.3947
9.16089
8.24011
9.23783
12.2263
11.7384
10.8672
8.33469
10.4618
10.8622
9.89872
8.30461
13.9622
7.9023
9.53439
13.1573
8.13602
8.5534
12.0277
9.51478
12.5346
13.2073
10.2535
12.0302
12.6833
10.8185
11.7825
11.3441
3.70834
11.6715
8.07117
9.59052
8.64141
10.9657
13.0063
12.7933
10.9915
9.42861
5.58583
8.79259
13.6343
8.84111
8.19593
10.9012
9.78161
8.76424
7.98622
10.8117
10.8289
9.75211
8.44142
10.65
12.3189
8.22722
8.01448
10.9917
8.61897
8.46084
9.57911
9.656
11.9854
7.61245
8.06206
11.5091
14
8.14651
9.77289
12.1837
11.1564
10.6243
7.45332
8.56747
8.50068
10.892
9.72563
10.5909
14.3249
12.115
9.71214
11.7188
11.0423
11.1204
11.9382
7.67977
6.70729
9.42562
13.5561
7.37896
10.762
11.6943
12.107
8.44305
6.11681
11.4065
12.6173
9.91519
11.244
9.38698
10.1876
10.9751
7.28423
11.4306
10.3043
8.62836
10.3209
12.8655
11.123
12.553
8.55702
11.635
12.5181
9.52382
11.7855
13.7628
12.9932
12.2435
10.1529
7.23972
11.4846
11.1811
10.1607
7.93371
9.44353
10.5974
13.5181
10.4458
6.09766
9.12463
10.1229
10.0266
9.26085
12.6447
9.88918
9.55674
8.79378
10.5166
11.1932
13.6721
11.4968
10.1182
10.7158
9.35941
9.83917
12.4581
10.2239
11.8168
7.03338
9.38118
8.5781
6.90265
8.79167
11.006
11.5439
10.2077
9.61841
8.73456
12.1424
10.2939
10.5331
10.7441
10.4054
12.6655
7.49134
8.47983
8.29304
11.4418
5.58941
12.0624
10.5223
10.0253
6.03013
9.77573
8.31678
7.13721
10.4187
14.1266
5.55215
7.6068
11.7277
14.6224
10.0125
9.63719
10.9153
10.9715
6.09772
12.4756
10.4256
10.8812
7.55074
14.3697
6.37475
9.05393
9.27833
6.91653
9.13699
9.88425
12.6809
10.6335
11.1566
9.84015
5.5877
13.6691
9.04706
9.78926
11.9866
9.93925
8.57852
11.2677
8.89615
6.30591
8.98179
11.2586
8.59366
7.77791
11.1946
11.3969
12.2526
11.8003
7.91839
7.73981
9.95872
10.2102
11.17
17.2017
9.22215
9.2127
8.45824
8.69391
9.4621
10.5002
8.12049
8.96055
7.85216
9.63306
9.71849
9.20638
13.6546
8.58567
10.3458
11.161
8.27311
11.146
10.0358
10.5516
11.9998
9.26644
8.71901
10.3634
10.0915
10.8397
11.4291
7.70783
11.5954
8.9182
11.7199
11.6419
7.38586
11.0072
10.4555
8.69034
8.86135
10.6103
9.2281
11.0305
10.6334
11.6648
9.19666
8.42062
12.1793
14.4459
11.7246
8.70948
9.74805
10.4004
9.92828
7.48333
10.0519
8.14086
11.0672
11.175
10.8182
9.74595
10.4361
10.0797
10.2474
12.0863
7.60378
8.2042
12.0826
11.8423
9.91125
11.2906
9.45846
7.30587
9.23014
11.8013
12.9346
8.61006
8.80904
9.71468
10.0557
9.48746
10.1655
9.28253
8.67976
8.39895
9.42026
8.26933
9.68944
11.0404
8.86312
11.5665
12.152
11.4108
10.2879
7.02673
6.15671
11.9358
12.1297
8.74183
10.1636
11.6951
10.585
8.58703
8.25337
10.5937
10.2584
7.45853
8.11107
9.85226
14.4015
9.32307
10.0567
9.45652
11.7723
7.62268
9.21985
9.74919
9.53054
8.8729
9.8529
11.2882
12.7228
10.7779
11.4398
11.7793
9.45063
9.34479
11.0826
9.46129
13.1173
10.6525
13.3359
7.58295
11.3025
8.70956
7.66307
7.78484
8.20863
10.3947
7.70525
8.48106
10.5994
8.08488
12.8819
10.4788
6.70902
6.86934
12.2145
11.4403
6.66117
9.25647
9.14474
9.41614
10.2808
8.27398
7.87008
11.918
12.8439
10.0625
12.4977
9.29031
7.35877
10.6833
7.16189
10.0026
8.65136
8.16516
9.84122
9.85113
9.16223
8.47854
9.53147
15.2621
5.64552
13.8689
8.89964
6.52608
8.76266
9.57228
8.52693
10.0982
10.0703
8.20003
8.50494
9.20845
9.77068
8.70718
8.26372
11.33
6.15353
6.94753
12.0157
7.80036
8.93474
9.32007
7.84444
9.75383
6.84192
10.5175
11.2748
10.9249
6.61625
11.027
7.30991
8.79006
7.50682
11.2387
11.0781
9.87432
8.16403
10.5963
10.1735
10.3338
9.01884
10.2453
8.63184
13.9807
9.80545
9.85031
10.7823
10.4022
7.89379
9.85329
9.1511
10.0403
10.4183
11.3939
9.87575
9.72054
10.5507
14.1298
10.6298
13.0847
9.69584
10.3138
10.0336
11.8478
9.22241
6.78036
11.878
12.4014
13.6884
12.6838
11.795
8.58717
11.0779
8.88243
6.63919
7.5192
8.82907
9.78642
11.1224
6.37793
9.93231
11.6366
8.28428
12.087
15.1041
13.3602
10.6046
8.86884
8.77504
4.79731
10.2824
11.7088
9.42034
9.64577
9.9599
11.8032
7.86736
9.99843
11.1358
10.6627
9.13093
9.0977
11.5441
13.7643
10.0304
10.2263
12.0794
12.705
11.6256
11.5052
8.33708
12.5947
9.86002
11.1724
14.098
11.6568
10.5904
10.2352
11.6933
9.72678
11.1641
12.5924
6.77484
10.1147
9.0886
10.271
10.5043
6.76837
8.91387
7.33277
9.66958
9.72303
8.57452
10.6338
8.78104
10.6864
7.72754
6.81628
12.863
10.2249
9.06598
10.195
13.4202
10.2175
9.29783
7.5572
8.89041
10.132
5.86566
8.3475
10.4419
13.098
13.2402
10.9892
5.38518
11.1172
10.2712
11.7237
8.29089
10.4593
9.14044
7.96352
8.0861
7.9831
9.27472
10.4104
12.7667
8.4652
8.66416
8.82461
8.36004
9.42843
7.20374
8.55034
10.2441
13.0516
11.1687
9.38988
10.789
10.4267
11.8594
10.8621
9.91517
8.58807
9.48782
10.0252
13.0677
11.1273
11.1991
8.6808
6.60483
14.29
9.16932
10.4973
9.9411
10.9295
9.0374
11.4506
10.4538
12.0164
3.59841
10.8003
7.55981
11.8056
13.2534
7.2094
10.583
8.54613
10.1778
9.75245
10.3252
10.9497
8.50624
11.255
7.51373
5.38357
13.2394
10.9843
10.3458
9.26776
10.416
10.3449
14.4883
7.89187
8.99185
11.0636
10.6957
12.4787
12.2391
7.25446
9.80648
9.75615
9.71212
8.94667
7.21462
9.35226
7.9317
9.87194
14.2079
11.3955
10.8473
11.1248
12.1307
11.8674
12.1635
9.33064
10.5914
8.0235
9.58338
11.0643
12.0334
10.7334
9.4304
10.923
9.94986
6.81066
11.8429
9.6466
11.916
5.5876
12.8294
7.88815
12.1856
9.07003
9.89716
11.2836
10.108
8.01123
11.5014
7.87909
11.6978
10.0499
9.3736
14.0475
8.30815
9.39357
9.16434
6.64461
12.2388
12.0959
9.20373
10.4853
13.0742
12.6921
13.1028
6.84579
9.08387
11.3364
12.8597
9.02007
8.25712
13.4407
11.676
12.1567
8.36969
9.63869
13.1841
10.0372
13.3265
9.33631
13.4546
7.31137
10.5591
11.3968
11.7248
10.1842
8.4111
7.46145
10.3359
10.6815
11.6888
10.1352
16.1116
7.98407
11.338
9.49928
8.03831
9.08669
11.222
10.8637
8.73147
9.34657
7.89687
9.4141
10.8524
10.761
10.3136
11.5128
13.007
10.6659
6.63705
10.4029
5.07665
7.9498
10.4195
9.23087
6.63471
12.8497
11.4488
7.95404
13.1783
9.07628
8.70908
12.2243
8.47574
9.0769
9.08724
7.52515
13.8697
9.30651
12.3897
9.83772
11.2126
9.42044
4.80341
10.8198
10.2979
9.40504
14.4861
7.20805
11.7611
11.6352
8.40498
13.3958
8.48862
10.1724
9.99376
12.0459
13.126
10.9754
10.2621
10.9162
7.57183
9.99718
12.3321
9.17918
11.4757
12.408
8.00021
7.17646
6.01526
8.59013
10.4864
11.6553
11.1427
12.1622
7.48243
9.14055
10.8128
9.82286
7.92213
11.1646
9.0169
10.9507
10.5802
12.9364
13.8669
12.2207
9.92754
7.44067
9.26137
9.1868
10.7171
8.30826
11.4085
5.12223
13.0293
10.0531
7.76611
7.52498
8.21498
9.22574
10.581
13.9466
8.78075
6.81791
8.32156
9.1144
11.7644
10.4307
11.4902
11.1149
8.35355
7.92604
11.3557
10.5936
9.4845
10.8215
8.68868
11.934
10.6535
14.5234
11.6288
10.083
7.6543
12.1575
12.9712
6.4844
12.7526
8.917
10.0458
9.91369
11.161
7.2127
9.36157
4.85814
8.52978
8.95729
11.3655
11.5699
11.5613
12.4141
8.18922
10.7763
10.6421
13.8295
9.66522
10.9383
10.0718
13.1141
7.02638
8.08699
15.9956
8.23453
5.68459
8.46309
9.23606
9.11453
6.83013
7.61403
8.90151
10.9308
13.6746
12.8663
9.53276
10.3517
10.7561
9.19256
12.2959
12.1358
13.7106
11.9367
6.40024
6.96549
12.3677
10.1417
12.8978
9.74605
8.30584
7.95418
13.1545
9.78956
12.1805
9.97158
7.73097
9.94284
9.19544
11.0144
9.50075
6.6915
8.00265
8.95873
14.6485
8.53169
7.46321
8.58098
11.446
10.6942
9.10727
9.74156
10.26
10.4659
7.74392
10.5704
12.5815
11.2536
9.39468
9.22929
8.42922
9.21242
12.5163
7.95007
13.1074
11.6566
6.67482
9.78235
8.94458
14.3348
11.2844
5.90941
12.0634
11.0526
9.73507
11.3653
5.59241
10.5715
8.63977
7.97341
7.50696
10.7021
12.1564
10.7561
9.92881
8.01582
9.08449
13.3421
9.39131
10.4139
11.3314
11.2965
8.94567
10.9569
9.59305
9.42289
7.91541
10.2626
12.1297
11.1329
9.09057
8.49647
10.2174
14.0252
9.15123
9.6487
10.0976
13.6955
7.47876
7.20192
12.0357
11.3783
7.71617
8.79846
12.2392
10.8754
14.1904
9.34306
6.93322
10.5563
11.6069
4.99701
9.98862
8.95709
14.014
11.4648
9.75863
7.72815
10.8978
10.3497
6.22355
13.8697
9.56998
11.0253
10.9324
10.1604
9.7152
9.08358
9.04354
12.2624
9.26801
6.93134
11.7566
12.8466
8.4894
9.6785
14.7453
8.5375
7.64352
8.69283
10.9282
10.5777
12.1245
9.55435
9.5213
7.43444
9.6983
12.8148
8.3513
6.27976
10.3681
7.25676
12.5922
9.99797
12.5012
9.64907
11.0142
15.3139
8.28922
11.4036
6.97868
14.673
7.5727
6.09003
9.13218
8.98826
7.83274
6.3966
10.7234
7.19556
10.9918
7.81401
8.37748
8.9159
7.76735
12.4695
9.99329
9.61653
7.47932
7.72777
10.0207
6.18231
7.98525
11.868
7.97924
12.1195
7.42076
8.58396
7.45635
10.7554
8.80601
10.5022
9.36409
11.2522
11.544
12.1579
9.57185
8.8589
14.6832
8.56403
10.15
11.6039
10.6027
9.17905
8.1333
9.48512
9.67129
11.3517
10.2617
7.22678
9.28036
13.0959
11.4691
13.248
6.59762
8.56988
10.9313
11.5862
11.305
6.99836
9.02266
7.3194
9.12681
9.51472
10.8655
6.6017
11.6446
14.3496
6.66352
9.51904
10.5062
11.4864
4.6005
10.7058
10.0167
11.0158
8.99461
7.33645
10.428
8.91014
9.08149
8.59945
9.83102
6.92837
8.79222
13.5145
9.86018
8.34991
13.2734
7.39804
8.35299
10.665
8.59773
13.9112
11.8011
7.52153
9.52628
12.7049
9.65878
10.959
10.9024
10.7219
7.00688
13.0731
9.149
10.5497
8.93764
10.4083
12.5814
10.2387
8.12346
10.8828
8.94907
9.02068
11.7614
10.6166
8.42264
10.3628
11.1379
9.7827
7.04662
7.32493
9.22422
15.2014
9.01156
11.112
11.88
11.6044
12.1343
9.75671
10.6373
6.4951
9.55898
10.2378
9.32191
10.4827
8.77562
11.923
11.5917
9.24174
11.9135
13.5693
12.5182
10.119
9.68589
8.82049
7.244
12.2951
11.2187
10.6122
6.56016
8.24707
8.72012
11.2193
10.5488
12.1349
9.9657
11.4575
11.3898
7.04387
10.0477
12.0157
10.6202
6.14602
9.23667
11.8818
13.8978
7.87787
10.4501
15.2866
10.2078
11.1386
10.5035
12.4389
9.15569
12.1407
9.30353
8.60595
13.4487
10.2595
8.5314
7.6094
8.56043
10.8146
8.69441
6.92752
10.8435
9.29531
9.52341
11.7699
11.195
11.453
7.24181
8.13113
11.2793
12.394
9.16141
8.02702
9.19481
12.5447
9.37006
10.7664
11.7792
9.9547
6.32614
7.80751
11.1042
10.5217
13.1165
11.3639
6.8876
7.56062
10.4267
6.67348
11.1973
10.2525
7.16819
10.8387
10.6455
6.83663
9.24966
8.44936
6.78179
12.2428
12.5424
7.11867
7.11509
7.32909
8.292
9.6758
11.465
9.52495
7.66609
15.6561
10.1641
5.53465
10.936
10.6803
12.2607
8.93555
11.7275
7.46898
10.109
10.2623
14.3439
6.69542
10.7304
9.29546
11.1394
10.3757
12.3608
7.21899
10.3386
6.57376
10.9555
10.6045
7.4309
7.69295
7.42729
8.95036
11.0557
9.55341
9.95948
9.31742
11.7076
11.4719
5.9065
10.3229
8.486
9.35715
4.99942
11.2098
9.28195
11.656
10.9397
8.98881
8.14331
9.95138
12.9886
11.953
10.9093
10.5514
7.51335
10.6929
9.15302
4.712
10.5547
11.0079
8.93515
9.79351
10.3479
8.96876
10.0318
8.79087
10.879
10.663
7.65427
10.3362
8.22767
10.2783
8.50836
9.18155
10.6018
7.98355
12.3318
11.4005
11.5399
8.49907
6.2938
8.96549
11.3208
15.1671
12.6326
8.72445
10.8804
8.97683
9.26885
10.1435
10.0012
3.24677
12.3355
6.72601
11.8185
11.3747
9.11919
11.6024
11.6394
5.123
6.18927
12.6297
6.41157
11.6437
9.46864
12.494
5.45883
10.2632
14.3716
9.50669
7.20606
10.4446
10.6795
8.82612
9.53538
12.7915
6.02082
12.6536
11.415
9.71719
8.09635
5.92035
10.3284
9.26104
14.0961
10.4484
11.5856
13.4642
9.77675
11.5537
8.72976
13.1687
10.9546
9.11473
10.7091
8.52883
10.7004
8.15834
9.09007
8.33249
7.15238
5.58061
8.44916
10.1931
7.21536
14.0574
4.76942
6.29486
9.64432
11.6666
7.55436
11.1152
8.75095
7.90697
11.1538
12.4599
6.98582
6.44961
11.3105
11.9779
11.3153
9.72841
10.3636
12.9412
11.6167
11.1327
7.03704
14.8447
11.4279
12.5029
7.43803
5.676
9.49647
9.83242
7.99622
9.10848
11.4352
7.82367
8.63528
9.39105
10.3781
7.95062
9.73525
9.35984
5.58474
8.00855
12.2579
11.9717
11.0874
10.0402
10.46
7.87636
9.57204
8.89561
11.8815
8.03564
11.7533
11.8313
8.66384
13.0632
14.3772
6.56466
12.9589
12.0551
9.01716
10.4593
10.1735
11.4161
11.9241
12.3111
12.0535
10.8033
9.04938
12.8227
7.72474
10.1346
15.2708
14.5997
10.6614
14.6295
9.47957
12.547
14.103
12.8553
10.0055
9.64728
11.9113
11.3494
11.4398
9.19545
10.6426
9.51078
13.167
11.0389
9.14658
10.192
9.27267
8.61994
8.47851
10.1432
8.53289
9.42138
13.0873
7.14743
11.7959
8.42611
13.4316
6.87117
8.04676
6.46351
11.3666
10.3733
9.70956
9.03047
8.31655
10.3184
9.95503
12.9035
9.51122
6.43526
7.83778
10.5173
9.81186
10.5462
11.353
9.49443
11.426
9.38815
13.8876
9.75629
10.4276
12.5652
9.547
8.69082
4.68996
7.89374
6.10531
10.0794
13.7426
8.10781
15.6183
9.94093
8.23001
6.37069
12.5338
7.48065
11.8563
9.55828
11.7915
12.6406
8.95483
10.7922
11.3131
8.57955
10.9676
12.434
10.7585
7.81025
7.37826
8.10686
6.8423
11.4453
9.95006
9.5233
12.5422
6.49982
9.13371
9.66551
12.592
11.4274
8.48068
11.413
8.21641
9.25383
8.63675
8.22032
8.87147
11.0268
10.1791
7.01577
14.9101
8.83101
8.98876
12.5216
11.1596
8.90834
9.23599
9.74788
11.0032
12.776
9.51029
10.7455
10.8796
8.40079
9.65625
11.0896
9.45979
8.2607
10.7907
7.68819
6.82242
10.3367
11.1554
12.4536
5.79035
12.028
12.1088
9.17929
8.6569
7.86751
6.46333
13.1922
13.7743
10.4457
5.19828
6.90403
8.99286
11.0369
8.72723
8.66343
11.3106
11.0068
11.2258
8.15922
11.9808
9.2202
9.87031
9.13607
10.3049
9.63672
9.43299
7.07504
9.05709
13.5613
11.5068
11.7328
9.27589
9.91291
13.4059
6.36022
6.52489
9.81956
10.2016
9.86899
6.18297
11.6793
10.4254
10.0672
9.22377
8.64355
7.51555
9.81045
13.7182
12.068
12.0178
8.58011
10.426
8.97535
10.4106
9.89124
11.6199
9.22496
9.74946
11.9008
8.47707
9.95447
14.9058
6.66198
6.29287
10.5884
6.69024
7.89469
6.41409
10.5445
13.7778
13.6801
8.95345
8.69302
8.66335
9.61801
12.1307
12.1434
12.5079
11.0478
12.4133
6.02087
12.0413
10.7704
8.8525
13.5339
8.89199
8.65011
10.2141
9.77399
6.36779
8.8975
11.827
9.25596
13.9995
10.8455
10.5273
8.65393
11.045
11.5109
8.18906
11.0633
11.3734
10.7125
7.39461
8.38509
12.9285
11.3455
12.075
13.5254
8.23381
8.53882
11.4499
10.0154
6.60267
9.25964
8.9504
9.85371
7.80008
10.5976
10.6374
9.94163
12.9253
8.00987
11.6858
8.44895
8.29996
10.2665
6.97181
5.72082
10.0135
8.27786
9.64474
13.5532
9.72374
11.2699
8.22966
10.3849
9.75762
9.32624
10.48
11.1603
10.6747
7.96414
9.77272
10.1704
13.1429
12.2858
14.1679
10.0128
12.1393
7.56404
10.7701
9.11587
12.479
12.8407
12.049
8.95172
10.1557
10.1916
11.5416
10.3569
7.40497
9.01553
7.67452
12.7473
9.03651
10.647
10.975
9.35565
11.3001
11.5257
8.7957
11.1932
13.894
7.43128
9.58151
12.1214
10.5225
9.53136
12.2318
8.98412
7.48774
11.8057
8.60066
9.88649
11.9587
8.98668
9.27484
10.3459
11.9796
10.4747
11.1791
11.9775
8.7192
10.3652
11.0279
12.3266
13.7822
7.70146
7.60524
7.06035
12.353
7.50838
13.3129
7.55421
9.02608
9.10091
9.46555
9.65506
10.619
6.31937
12.1176
9.03314
10.8932
9.07749
6.61969
10.3235
6.05266
12.4204
8.39635
10.4529
10.2958
10.4198
12.5994
9.83409
10.7887
7.78476
7.17563
6.1063
9.05652
7.30579
10.274
6.53916
9.47952
7.83956
11.4601
10.2737
9.83839
13.7254
12.8749
8.37255
15.2567
12.185
10.1182
12.1194
10.2601
9.02652
10.5278
11.8395
9.39667
11.2692
11.6788
6.44534
8.37079
8.23737
9.27076
11.3791
11.1745
11.3394
7.57676
7.35139
13.1622
9.22178
10.7474
9.04765
11.2058
6.10118
7.94428
9.12033
13.4575
8.76786
10.0793
6.04967
6.64596
7.05518
13.8828
11.707
10.2774
11.9468
10.2829
12.9109
11.0782
6.98862
6.76748
11.2072
9.45492
10.8607
8.74768
7.76674
10.5873
11.1245
6.6343
9.70853
10.3091
11.0887
9.6053
8.42348
12.5929
8.81763
9.52288
8.10629
12.0714
9.06362
10.6135
11.7827
8.8363
9.57086
9.39549
6.60999
8.73037
10.0639
8.15476
12.7581
9.60615
12.7161
8.90524
8.58552
10.2416
9.69806
6.73359
11.5009
11.0389
6.14722
11.812
11.9979
6.50574
11.6352
6.79495
13.4098
7.86493
8.88116
8.70332
8.7969
9.97095
10.6341
9.7906
8.35469
9.47939
13.5882
8.9234
10.288
11.0168
8.05188
7.76592
6.95757
12.6169
12.8709
10.3317
13.8989
12.3559
12.694
11.9149
10.5301
8.74196
12.7076
6.22572
7.76323
12.0989
5.90862
9.87676
10.3561
10.4756
10.0944
11.1743
8.80356
13.2752
10.7392
11.7973
10.2779
10.0997
9.21135
8.37793
10.9763
12.4461
10.6665
4.30152
8.12249
11.0348
8.16254
9.83752
11.056
7.72894
10.5499
13.8059
9.77496
10.7193
9.47954
8.65992
8.52494
8.2262
12.4616
12.2508
9.31944
12.4102
10.3588
9.0467
14.4415
8.74654
8.05454
6.87061
10.3231
7.70361
7.72279
6.73419
7.31002
8.54
12.4131
9.76212
9.88124
7.98345
9.67127
8.93523
8.42168
12.4035
8.34962
12.503
9.86899
7.06127
6.93211
7.74396
12.757
10.0765
11.1952
8.36465
7.48459
9.92942
11.1767
8.82565
8.76331
12.9673
6.10995
9.34014
11.7021
8.93229
10.9034
9.9611
8.35847
7.9922
10.3652
10.5687
11.6195
16.0773
6.65692
10.2527
10.7318
10.495
9.57604
9.88909
8.99592
8.17859
8.2
11.1436
9.09365
12.5863
11.9492
13.6463
9.40441
12.062
9.86352
12.2218
9.72941
7.14346
13.2612
6.82047
12.1008
10.9774
8.14113
10.8939
10.0404
11.1874
7.94577
9.62591
10.2202
13.315
10.515
9.96994
9.56496
11.2858
8.91656
10.2131
11.2657
14.479
12.1836
13.6836
9.296
9.46257
11.1708
7.58856
8.27427
11.7291
11.006
12.5312
11.8172
9.84417
9.9084
9.82975
12.9401
10.6959
9.96987
10.3939
9.89922
5.91813
9.41068
11.3983
7.62058
8.95188
12.8946
12.5072
14.189
9.85264
11.684
10.8699
8.31619
11.1226
13.8253
7.56539
12.4524
12.1381
10.1195
9.96952
12.4387
10.4397
11.8075
9.24171
8.15934
8.36489
6.95625
10.9812
12.0626
10.2124
11.4289
9.92055
9.49458
9.4858
11.3442
9.06682
8.72138
9.46753
6.62816
7.78699
9.12606
12.0409
9.6818
11.2555
9.33009
9.03789
11.9704
12.5006
9.19837
8.23459
9.9028
7.96497
8.72779
11.1015
10.3518
8.62201
8.43839
7.24698
7.95196
9.30959
13.1851
10.1592
7.32551
7.67703
8.07042
14.4174
7.18246
10.9857
9.55448
12.3158
9.17967
8.69189
3.38316
8.01529
10.3395
9.29162
11.2636
10.034
9.63844
5.65707
9.452
13.4799
14.4568
6.86452
7.7161
12.6185
10.3408
8.9047
10.5648
11.1414
8.10868
9.08254
11.0946
8.47698
10.9119
9.41349
8.31819
7.92456
10.8653
14.0327
12.4412
10.7895
9.36716
8.59133
8.55432
14.3598
8.11272
10.505
14.2258
6.49582
10.4125
11.6237
10.8015
11.6391
6.63909
9.91819
10.1048
7.63622
10.002
8.47348
11.4223
10.832
14.3083
12.0207
10.6417
9.9143
7.51177
6.06184
7.19949
8.44353
7.01893
7.28172
8.32613
11.5887
9.84263
12.6702
9.24963
11.4251
11.1073
10.1718
8.49342
9.31828
10.7853
8.77489
8.67518
7.83678
11.2708
6.44018
6.55024
6.90013
11.5914
10.6839
11.5151
9.45203
10.2791
11.6273
8.16667
7.47038
8.45093
10.8032
9.47555
10.8396
11.7106
10.9614
9.94131
8.78268
9.85926
15.3397
8.00449
10.0812
10.9092
11.9567
7.75815
6.79343
11.0403
8.9483
8.14491
8.36593
7.62091
7.5158
11.6725
11.0086
9.84357
11.9345
10.9974
11.3406
12.6646
8.83677
10.7059
14.0538
10.7519
8.651
10.2191
9.19456
9.76048
13.8169
9.60121
9.77256
10.5962
9.86628
12.4468
10.6295
6.23218
13.0939
5.68889
11.1461
7.14044
9.576
9.20474
13.1594
10.9679
8.87034
11.6231
8.77384
12.5564
8.99144
9.58008
9.48758
8.7468
8.62691
7.44238
12.9357
11.811
8.05078
9.11395
9.43052
10.9567
7.20572
9.72928
10.4183
11.1341
12.1859
14.7065
11.4102
7.41749
9.81787
9.47611
11.4886
7.44604
7.71485
12.9749
13.9726
9.39461
13.7876
11.9251
8.74605
12.1334
7.6115
10.2961
9.40035
10.3097
12.3768
8.12063
10.8612
9.92386
12.4967
9.09848
8.41377
9.62548
9.84565
9.28202
6.4588
12.7947
9.5506
6.70638
9.27395
10.2916
8.67974
6.76807
8.33893
9.93404
6.72283
10.4275
8.96798
13.8451
10.2625
7.84879
9.24182
10.5957
10.4618
12.8614
9.63162
8.48213
4.67536
8.65542
10.4228
6.85802
9.69225
12.0691
10.2441
7.07579
13.0045
9.49202
11.6334
7.61157
6.35021
8.78603
6.77847
12.3998
10.3804
8.87009
14.5794
10.0824
11.3505
12.092
10.4694
12.1432
9.52824
6.57188
12.7722
10.5415
11.1064
12.8523
9.35719
8.78607
11.1915
8.72787
14.16
9.24095
12.0645
11.4843
12.1039
11.0439
9.9807
9.50343
12.4514
8.91382
12.1492
10.931
8.1111
12.598
10.6896
11.778
9.44229
8.9287
10.0162
12.0928
11.8878
7.58523
12.8926
10.5348
10.9776
12.8776
4.54799
11.5171
6.61999
13.7586
10.6882
4.8851
8.66892
13.0166
9.57705
10.2521
8.97179
9.13484
7.37899
7.84517
8.06042
9.95013
7.5029
10.926
10.11
7.80748
9.5274
11.284
9.88086
10.4137
11.9003
10.3081
13.3139
9.88463
12.5094
7.87841
9.32232
7.11895
10.0143
7.85853
10.1889
10.136
10.3712
10.2707
9.40783
8.4397
10.5036
11.2697
11.5392
7.5857
10.2255
10.3398
8.91267
9.06435
10.5034
13.8748
9.29336
9.39099
12.554
9.37798
9.19725
7.52543
11.3944
6.79749
11.6504
10.0857
4.81061
12.5346
14.2061
8.59291
10.0595
13.5349
10.109
6.4616
11.0046
7.56246
6.01926
9.56013
6.95166
9.49837
8.68001
12.3635
9.57227
8.79542
8.39825
11.773
12.9534
9.98444
9.22718
13.3965
11.1774
7.31221
10.4682
10.8075
8.90996
10.2147
8.42754
11.6463
8.0919
12.565
6.94973
12.7623
11.4858
12.4702
10.8232
9.58412
7.71354
10.4756
8.69803
10.0808
12.375
14.6551
12.6478
8.15757
11.581
10.1578
8.43534
13.9031
9.35451
8.74149
8.08153
11.8634
10.2483
7.77877
5.79357
9.72553
7.37946
8.89682
8.05239
8.41616
10.0525
9.77687
12.5709
7.4021
11.5785
8.20833
11.4235
11.2722
14.4993
9.31627
9.63037
14.7124
11.2629
10.8755
10.9773
11.6947
12.0115
10.7633
9.9818
9.87726
10.3394
9.96075
11.6148
8.9113
8.87875
7.43721
9.00832
5.68986
8.18427
12.0685
9.13366
9.63808
12.727
10.0675
13.3687
7.87538
12.1266
8.22968
8.94199
11.1664
10.4856
12.5078
9.8636
9.39487
11.1018
9.95666
9.26464
11.6943
11.668
7.66847
14.206
8.87715
9.03447
8.77885
8.1661
8.20382
12.2375
8.47536
11.175
7.97061
6.93543
8.18463
7.17061
13.8305
8.72216
11.4515
10.7117
12.8817
9.06954
13.7501
9.16284
10.4711
14.6165
11.0224
8.50067
12.3133
11.1906
9.8876
14.574
10.1797
11.7606
8.1912
13.6429
9.73956
9.94828
11.3838
9.66475
10.0238
8.86836
11.4918
11.554
8.6734
10.9159
7.89475
10.6068
9.02388
9.42855
10.504
8.04241
11.4092
11.2933
7.37657
5.67423
7.76469
12.3347
8.00051
9.66563
8.74062
11.5891
11.9307
8.30983
10.43
12.1549
7.62817
10.7695
10.2935
11.7145
10.203
8.97087
10.6637
10.6154
8.05842
7.71859
7.77403
13.2925
14.2231
4.47588
7.51638
12.1499
9.4038
13.5418
11.8932
12.059
16.8296
10.3791
9.6799
10.5921
11.4393
8.67821
9.51732
12.0382
7.4428
6.29818
7.79037
12.1282
8.13236
6.47503
14.4145
10.9607
9.82165
15.6146
9.59985
8.41444
9.90042
10.7
11.1434
10.3832
10.2617
11.1901
9.72044
10.8035
12.3085
11.2178
9.5588
11.5926
11.2331
8.44583
11.7625
7.34387
8.90216
8.62811
8.60237
11.9661
11.5259
9.7491
11.8713
9.58015
16.8451
9.45608
11.7422
12.4656
8.32355
9.23884
11.1708
11.1049
9.0721
10.3115
12.187
6.62762
8.78898
7.93795
8.90448
10.8706
10.9391
10.0911
10.1741
12.4181
9.40154
10.0513
10.0854
9.79827
11.6134
5.80628
8.78036
6.84696
7.78467
13.1937
6.68934
9.79309
8.34635
8.81335
11.1216
6.32237
7.82752
8.22051
8.98428
10.4736
8.79361
8.16398
8.17954
9.93608
9.08229
7.88984
12.8201
12.4445
5.08067
11.1086
10.6188
9.56153
10.0459
7.76525
12.0749
8.30162
8.76708
12.8009
12.5
13.3081
10.5517
10.1334
9.25945
10.7868
8.44928
10.4444
9.19549
7.61788
11.4449
8.20854
8.31599
11.8188
8.83043
11.5113
13.3073
13.0312
7.19573
9.57129
9.25592
12.9444
4.25583
14.0169
11.5826
10.5544
10.6963
5.67854
10.1284
5.26479
8.81277
8.87962
9.18953
14.1985
7.1968
10.2226
11.5884
10.1477
10.264
8.26355
6.53512
12.1998
9.60595
11.2497
11.1109
12.5856
8.66106
7.47358
9.17032
8.10005
10.2257
14.617
9.71981
11.3525
13.6419
6.28416
8.76241
13.3471
10.5243
7.94503
10.0111
8.52238
11.6055
10.4553
11.0874
9.40608
5.93953
8.86933
11.1414
9.82965
10.8251
9.5929
11.6516
12.1843
10.8738
7.7404
12.8721
9.99477
8.64771
12.6626
10.8467
11.725
13.5016
7.46167
10.9107
12.8448
12.8137
12.0774
7.40169
10.6003
6.37473
13.4172
8.59462
12.8163
8.19582
10.1627
8.79116
8.08304
11.0773
7.57089
13.8499
11.4497
8.94537
7.88385
11.5266
8.79504
12.2733
8.70133
10.3934
8.17424
11.0391
13.1271
10.9715
7.61296
10.7303
10.0418
13.5678
10.9025
9.88194
10.0369
9.22899
6.75183
12.0942
11.7215
6.11957
11.7776
9.50276
6.56943
8.31477
11.3898
9.73925
9.1947
9.6914
6.87653
6.62945
10.8583
5.50316
11.0558
8.65475
9.42189
10.3875
8.38414
9.14046
13.816
11.525
9.5869
11.4293
6.66093
10.0916
12.5413
7.77584
11.4313
10.4179
8.27719
6.11156
10.4675
8.87548
10.1109
8.31101
8.72835
8.85888
9.6829
11.3439
7.92812
12.289
9.73966
10.9967
5.75239
9.30945
14.6748
11.4384
13.5049
7.20014
8.21023
10.0774
11.2387
7.1423
9.15345
11.387
11.4873
9.52987
13.1717
8.89004
11.7288
12.9493
11.5661
8.14516
9.01301
13.3819
11.5195
8.20258
10.4288
9.32389
10.7098
12.4855
9.34756
7.66138
11.2176
9.16066
10.0609
12.828
11.0795
5.62753
9.79326
9.69409
14.9954
9.85688
5.90673
9.71955
14.5262
9.39191
7.29025
10.3736
13.2681
13.1242
12.5836
10.8152
11.956
10.7574
9.50534
10.139
10.3689
10.0498
9.30789
9.39505
9.38921
8.43127
11.1509
8.28671
10.7796
7.50691
12.1546
11.0914
8.72812
9.65492
8.11906
11.2817
8.53897
11.8488
12.0804
10.3176
13.3386
9.07091
13.409
8.3437
6.76567
10.0253
9.1626
7.87923
10.1337
10.0738
11.7447
9.15873
10.6217
8.63204
9.625
12.6987
5.20605
10.0572
11.8008
9.22667
8.64622
11.7357
8.87014
7.46724
11.4216
13.4771
8.2059
9.58577
12.29
8.57684
9.31605
8.3119
11.3649
10.018
10.2955
6.6926
8.46789
9.55341
12.0562
5.73083
11.8384
10.9408
10.4013
10.9699
10.3502
12.7443
9.4251
10.3029
11.4278
9.72671
8.10688
11.4497
12.2037
7.4141
12.7876
9.98417
10.8355
8.27702
7.49396
10.6904
10.2075
7.77152
13.7283
12.0274
10.0445
11.6535
10.5749
8.94214
9.16894
10.5653
10.4065
10.6354
6.23675
11.764
9.41585
12.2246
7.80953
13.7874
14.1915
9.09613
8.72376
9.07015
7.92603
7.83104
9.7199
10.3104
8.71728
12.0536
10.8299
8.85425
12.3776
8.23234
8.66965
7.43418
10.2356
10.1242
8.61541
7.39581
9.1252
11.1989
13.7472
13.7187
11.8286
9.83737
8.39003
9.15019
10.1055
12.6619
8.37031
11.7195
7.19004
10.0472
11.1345
9.15381
7.62916
10.3303
8.67749
9.66581
13.8082
13.0158
5.38348
9.99987
11.3921
11.9697
10.595
11.4087
11.8701
13.1838
9.51182
10.7193
10.4851
10.773
6.99221
7.67345
11.8176
10.0397
11.9435
8.72405
8.75327
9.33433
10.3914
8.92512
10.9724
8.16776
7.71877
10.3058
8.30004
6.25749
9.38338
11.7104
8.51526
11.3744
8.9008
7.03631
8.36958
8.43923
7.00241
6.99985
11.6942
11.1443
13.1842
10.5697
9.40666
7.24254
8.83408
12.9168
9.33431
7.03885
11.7046
9.57489
5.12353
12.1207
11.2702
9.13952
10.0041
11.0814
10.1565
12.4674
8.86238
10.3684
9.94779
9.36547
9.92652
11.7893
12.4981
10.8342
10.8538
11.033
12.537
10.9433
8.69002
8.9568
11.4559
10.077
10.8404
6.60886
9.50453
9.8401
12.0235
7.23233
9.31537
6.37096
9.25656
7.85265
8.83958
12.3143
10.8387
6.19009
9.3063
8.88553
8.95697
13.1362
11.3478
10.1151
9.97379
11.39
12.3876
11.1628
11.0075
7.2992
7.37754
11.4348
11.9497
11.4063
10.0287
9.3547
10.2281
13.8731
10.384
9.00492
12.0218
8.25057
6.71625
12.6184
10.907
11.9027
11.5751
7.24097
8.20877
10.4815
10.0955
9.41231
11.8153
8.70424
7.05711
12.018
14.4056
10.1544
8.54601
7.64653
10.0244
9.74291
6.75795
11.7534
7.15976
10.1393
14.16
8.33386
9.84614
9.91334
10.0826
8.95049
6.76712
10.0316
12.4269
7.61198
9.92737
9.17197
9.29122
11.6249
8.85814
12.8731
10.5695
14.0712
8.19182
10.1459
10.2871
8.1658
14.4272
11.8291
8.61531
9.79535
12.4811
9.57678
10.2649
10.9358
9.84935
8.5967
10.2538
14.2993
9.45452
10.5551
9.7296
12.6532
7.7622
11.1343
8.33087
12.9074
7.02128
5.86519
4.76681
11.406
10.5185
12.6081
10.2742
10.0635
6.16099
9.93978
11.1209
8.22123
10.9806
8.07353
9.51945
10.7956
7.73607
8.70766
7.64656
8.14456
10.3935
12.6454
11.8635
8.14999
14.947
10.439
13.4896
11.6122
9.10162
7.07163
10.0948
11.6838
8.23891
7.19359
9.42855
13.3134
6.22154
9.91803
10.3128
12.7257
10.27
10.5479
14.1864
5.79002
8.3286
7.28954
9.14135
7.84655
8.55628
9.80685
10.7737
9.00608
12.3832
7.26467
11.1414
7.20095
8.41057
2.81884
7.29304
3.83132
7.20848
12.6621
7.82572
8.70252
11.7835
9.15174
8.1406
9.86768
12.9976
11.1724
7.17207
8.95046
10.804
8.64433
9.58833
8.22803
13.6788
14.1014
12.6201
7.87278
9.51575
10.6868
9.66321
12.4676
9.65783
12.1085
12.456
8.63929
12.1615
11.5975
7.56577
11.0684
4.5441
10.7221
6.97259
9.31896
12.3984
9.09998
11.75
4.43528
9.57353
10.4713
7.99928
11.7639
11.4559
5.43819
8.47004
11.9444
13.5125
11.1954
12.4317
7.41907
9.40582
10.4232
9.18042
10.8906
7.13784
8.82313
12.4888
8.91205
9.20381
10.2958
12.6234
10.3016
8.66929
10.8361
9.75828
11.7057
10.462
10.996
11.2387
10.8099
13.5198
11.1593
10.641
7.90671
8.39951
9.01004
10.612
9.28771
11.1732
9.48785
10.9247
7.46409
11.7394
11.3628
10.0264
8.79066
10.2584
8.70165
9.43856
9.22623
9.24007
11.1983
12.6319
11.4256
8.20233
11.6283
11.3218
9.70286
10.8968
14.3435
12.0589
10.1745
8.56724
9.70078
7.54736
11.2039
13.415
10.1007
11.0331
6.56283
8.96393
6.30114
10.2846
9.66988
8.75653
11.5173
10.4137
8.07674
8.46566
5.57838
9.48606
7.47581
10.1444
8.211
9.52165
9.91373
6.60967
11.2531
8.83396
6.26972
9.7197
13.1685
7.86415
8.77636
8.10669
8.86511
12.5724
10.1705
7.15557
10.8179
9.89951
10.9948
10.6821
10.3175
10.3272
9.73476
7.4537
10.2609
6.64429
6.1864
10.2898
10.1514
13.6726
12.2155
11.208
12.5172
7.71541
8.77596
8.59445
13.9148
11.4608
9.1742
12.1421
11.8221
6.60673
9.03001
10.3238
10.3854
7.88072
7.76512
9.44418
10.849
12.859
13.6599
9.28119
11.561
9.98469
8.87859
11.297
9.60285
15.0647
8.87299
9.82863
6.60838
5.82856
10.1217
13.9429
14.186
14.5676
12.7054
7.04714
9.73604
8.46722
9.51306
9.56529
8.35264
10.1738
10.396
9.02636
10.9514
9.19129
8.70227
11.25
8.95642
5.71127
11.0348
9.96669
6.90495
12.0205
8.36972
7.41181
10.957
9.07473
9.03551
9.29232
9.44796
11.6312
9.93216
12.2087
7.65672
10.9343
10.9578
10.5397
5.78619
12.0786
7.86274
5.9145
12.2041
6.85287
7.73413
9.08927
14.3555
10.8968
5.89714
8.87856
11.1424
8.97502
11.0052
9.22764
7.89547
4.88389
9.41808
9.94795
8.59792
9.44969
11.6751
7.13934
9.87555
10.8083
7.66431
8.3192
8.84158
12.4493
10.2821
10.9147
11.5176
8.3492
13.0758
12.7272
11.3429
12.9533
10.1277
7.47458
9.53261
10.3013
8.76578
11.4055
9.03229
10.7635
8.87176
13.2703
9.06157
12.217
11.073
10.756
12.2058
11.079
11.5504
9.8259
12.3311
9.79312
9.85177
11.8577
11.9666
11.3128
10.4384
6.4118
12.0887
9.49527
13.0754
11.0419
9.43783
12.2593
10.4974
9.36754
10.4775
12.082
11.4668
8.93911
7.41498
10.1668
6.92494
10.668
11.8577
13.1971
8.99717
7.34618
6.45483
13.2944
8.31967
9.42699
11.1655
12.6949
11.7921
9.72031
7.18558
9.48172
10.8171
11.2743
9.75429
10.3745
11.5133
11.2574
7.99999
13.3606
8.17284
11.4187
7.38957
11.6892
8.88276
9.16569
11.0179
7.98522
8.02915
10.7714
9.20632
10.3541
10.9974
11.0689
10.8825
6.65812
7.21643
10.2802
8.62527
11.6361
9.79779
8.46131
10.4823
10.1159
10.9359
9.73074
9.80584
11.4255
9.51891
6.3459
8.96828
14.8613
11.0488
9.67526
10.6787
11.9284
11.576
6.67119
12.8324
11.2198
13.2046
10.7704
9.72809
9.73309
8.9578
10.4918
10.6328
10.5841
4.62865
5.93288
8.44051
13.078
11.4127
8.09851
12.9395
9.49832
8.85814
8.04806
9.96023
8.69509
7.46712
10.4061
8.63867
9.30546
8.2455
10.6845
6.12993
8.76519
8.42707
12.6483
9.56142
8.36697
12.1678
5.56216
9.91404
9.1798
8.96937
8.54612
8.76229
8.38444
10.9762
8.17983
8.05047
10.0566
8.9578
9.58028
11.7598
11.3086
11.5024
9.4035
6.79638
10.5377
7.19395
8.39261
9.78186
11.8611
11.4042
10.7866
11.1501
9.59028
15.2195
10.0537
10.8383
11.0551
10.1469
16.1649
10.0483
12.2296
10.6358
9.7965
12.8183
11.0951
6.20857
10.3038
6.05443
8.85892
9.69127
12.5449
10.8784
13.3284
13.676
8.53306
13.033
13.1759
10.4188
8.26599
11.8908
9.96811
8.62861
9.36241
10.8469
8.93209
11.6735
12.6729
10.7359
9.87312
9.99643
13.8125
11.2662
7.56597
12.2509
10.3003
9.70265
10.7115
7.15124
10.0114
12.4882
10.9165
5.73159
11.4151
9.53572
10.32
10.3345
9.82638
13.0529
8.57501
12.5437
11.9925
9.31944
8.17336
11.8876
8.95039
11.8028
10.8187
10.6709
11.4703
7.33113
10.8664
8.68719
8.58845
11.0088
12.0118
11.9366
13.9796
11.0107
8.49329
8.92697
11.2264
11.7352
9.37614
8.02631
11.0083
7.10611
9.75863
8.96056
5.82786
8.8949
11.4174
11.827
12.3946
10.0526
7.97567
9.21437
11.3916
9.82535
8.35346
14.6271
11.2864
12.6861
12.2736
10.4378
10.0063
11.6455
10.0776
9.67519
6.54169
9.46842
10.7343
12.3641
7.6493
7.78821
7.3797
12.1303
9.90233
10.2193
11.1734
13.8577
7.99941
11.6143
13.0395
8.9889
8.12028
13.0577
12.4022
9.82182
5.06788
5.78793
9.51532
12.5857
9.72565
11.5063
6.06976
9.44037
10.9947
9.68125
4.99656
9.00197
10.5677
10.7336
12.3556
10.4508
8.18667
10.726
8.74044
11.6058
11.3871
10.0589
10.1828
8.96622
8.1515
11.0036
8.50406
12.2288
10.4775
10.728
13.9024
9.78535
10.8367
12.4373
8.90146
7.02267
10.2317
10.905
7.76737
11.4165
11.4507
7.53737
12.5216
12.2268
8.49479
11.093
5.4566
11.9399
11.2788
12.6509
7.48675
9.67784
11.2294
10.5846
6.67623
12.5453
12.3594
9.11783
10.9922
9.9735
11.6737
11.0387
13.5559
12.1082
5.9046
10.2902
10.3765
8.84724
9.68049
9.61673
8.92088
10.048
8.85361
9.56979
7.4825
6.61807
9.31718
8.32671
13.7248
11.6067
9.66665
13.2136
9.32008
10.6003
9.64942
10.7871
6.53944
7.5761
12.5245
12.4443
9.88386
8.74591
8.70304
14.7489
7.42478
9.80787
12.476
13.735
7.86172
9.11805
12.48
8.58242
13.1794
9.0101
8.79316
8.63976
9.14072
11.1138
13.0495
10.7257
10.7223
7.87906
10.1464
11.1024
9.41569
11.8773
8.6306
8.2157
7.69019
11.8506
9.36117
9.85353
9.42551
9.31269
6.10592
10.2893
9.66336
12.5751
11.0286
11.0763
7.82443
6.97047
7.41668
12.684
12.0241
13.1131
8.26867
8.09125
9.58576
10.0774
13.7587
12.6248
8.82159
12.0196
7.73557
13.9879
10.2753
9.01561
13.0348
12.9262
13.9823
11.3408
10.5679
8.83344
11.6699
10.4629
9.76337
10.2264
7.21335
8.68147
8.58435
8.53676
7.12941
10.9708
7.27555
7.83747
12.4408
11.5376
13.1444
12.9164
9.78365
9.19367
10.7945
9.86106
12.9612
6.38023
8.94042
6.24291
8.8986
7.84415
10.8352
11.4533
12.0493
11.5198
12.6164
10.6379
8.69314
10.6184
10.2297
14.5191
11.2727
13.7489
6.0259
11.0671
10.0904
9.64102
12.0675
7.27212
8.01775
11.7036
8.10888
12.3493
11.8026
6.58222
10.0888
4.50961
7.98973
9.70966
10.0804
8.45018
12.4966
9.83024
7.88702
12.2807
11.7938
9.95909
8.63689
9.07531
11.5483
12.0633
11.4854
8.81041
8.53591
10.205
12.7396
10.9096
7.9624
10.4461
11.4773
8.72067
12.1181
9.52172
9.90525
10.6232
5.90947
13.4623
14.2753
10.7256
10.5356
8.35343
12.7021
11.3237
7.93013
10.1184
12.2649
8.94436
10.3949
11.9774
6.97107
10.6892
13.8632
10.2394
7.94702
13.8554
13.7667
10.6758
9.45573
10.9202
8.76499
7.91132
4.91935
10.6398
8.55659
13.3892
12.5917
11.0285
9.03677
10.7296
9.26298
10.8404
9.15265
11.8569
9.37938
9.65509
11.3456
11.727
10.6875
8.66725
6.57412
11.7175
8.6813
8.88286
8.39429
8.05419
9.66331
5.97426
15.7101
6.94185
11.7858
9.14297
11.4029
10.4437
14.1705
7.668
7.68299
13.7931
9.26469
6.8939
11.0738
11.3221
8.9043
11.3063
8.85936
8.20444
9.19201
8.83714
11.0926
8.90584
12.2259
12.3625
11.9879
9.66525
9.22518
10.1359
11.4785
7.44701
7.2182
5.50984
12.9085
9.80132
8.92333
10.1574
12.5439
11.0953
9.40782
10.0151
6.22368
10.3422
9.46902
12.0416
8.50604
10.4989
10.1173
10.7615
6.13597
11.1337
12.4354
9.83351
11.5831
10.9114
8.34025
9.16601
10.1308
9.46158
10.3155
7.62399
8.7172
10.5112
11.326
8.47332
9.39524
9.29583
9.81405
10.0619
10.6119
8.57678
10.9532
8.29035
11.7979
9.30655
9.58491
13.4524
11.9042
11.7833
12.8791
8.19421
8.17114
10.9004
10.2751
10.6091
14.2633
10.9697
9.71904
9.9213
8.62849
9.92142
10.8685
10.355
12.689
6.16105
12.7649
9.87876
10.4914
8.4826
11.6025
9.0396
7.89976
7.95972
9.49889
11.1347
9.98342
10.7822
11.2398
8.78709
10.4301
10.8894
7.29888
8.94068
7.84753
13.7536
12.7364
10.4387
11.5639
9.76714
10.8849
9.44511
11.503
14.8007
9.66552
10.1288
9.79879
13.0064
9.7033
12.7025
9.87348
15.3163
9.55296
8.21119
5.29017
13.5459
8.95203
10.3028
8.31349
8.2795
13.1485
10.6953
9.72122
12.9119
8.99888
7.11566
10.0764
11.1125
7.61517
11.4378
13.3818
8.87041
10.5472
7.24857
10.944
10.1516
8.3624
11.6301
9.80767
9.39014
12.5251
9.95081
9.14305
11.2882
9.17346
8.01498
11.8909
11.3489
10.0244
10.5912
12.288
7.51773
9.68197
6.82455
10.0465
9.90204
14.2017
10.937
10.2349
8.66945
13.0974
9.52332
10.1986
11.9724
11.448
13.3549
7.20731
9.21781
6.62668
12.895
11.1138
7.23277
9.76987
10.1998
9.14777
10.9799
9.87267
9.57667
11.9685
13.2082
5.54021
10.5054
11.9067
6.504
9.68273
8.63429
8.41692
10.7319
8.63338
13.0536
9.49133
9.81081
8.2658
8.40208
8.34159
9.84115
14.0919
9.07668
10.3896
11.9658
10.5908
7.2022
7.74174
10.3188
7.14837
9.66476
12.0638
7.30941
12.4845
10.5935
10.7213
9.65875
8.07803
11.7233
10.7707
13.0035
6.17374
7.13017
9.66979
11.5984
10.6264
7.04731
13.6435
12.4651
7.43379
8.26913
10.7992
9.56488
14.421
11.2325
9.14863
9.95482
9.83782
12.5858
6.69304
8.47183
11.4088
11.373
11.5739
10.9716
11.3518
13.194
10.3582
11.4842
11.2685
7.96739
9.94504
10.2684
9.29061
7.09343
10.1661
8.79159
12.2323
7.439
10.7965
6.56024
13.8675
11.566
11.4578
9.4835
8.06876
7.80196
14.0986
8.67863
6.57939
13.1295
11.4627
10.2915
11.8679
10.0816
3.87903
10.0241
10.48
5.97264
8.34572
8.57584
8.6749
7.97094
11.4316
10.6227
10.0396
6.38373
7.68617
12.9999
9.41181
9.97494
11.2066
7.67415
10.605
8.2683
7.99225
11.3369
13.7038
8.89538
11.0548
12.108
9.93992
10.4219
5.95642
8.16224
8.92771
10.1272
7.30334
13.5693
10.5724
9.79116
9.48762
7.59637
10.1824
9.71878
8.03285
8.0024
14.4623
9.60651
11.2077
5.08778
5.71172
10.0342
8.7839
7.85828
9.15336
12.7314
7.42172
9.69622
14.8161
7.74023
10.2914
6.92617
6.27339
10.0688
7.94305
10.8861
11.0955
11.9828
12.4047
10.7413
9.20069
6.54924
10.0591
12.3478
12.7273
13.7383
9.26015
11.0144
11.7002
13.1638
10.7748
6.85022
11.0009
11.9606
4.55596
12.2279
9.57024
5.15164
8.95867
10.92
7.079
11.5088
9.66566
13.3891
9.48972
9.58328
10.0995
7.53907
11.3416
7.94166
8.58639
9.28149
9.2808
12.5609
12.1877
9.7808
13.2808
8.50291
12.3864
9.55046
10.1442
12.1503
10.5455
10.0605
10.0881
9.43419
7.99349
11.9542
12.631
8.32814
13.8214
5.26626
9.07982
8.94172
8.63066
9.66235
8.42108
8.93088
11.9808
12.6207
9.46738
11.5246
8.58871
9.47416
14.3773
7.91811
9.98055
8.46257
11.4613
11.6184
10.7445
9.24728
14.9436
10.2012
9.2587
9.27784
11.4026
7.51755
9.55417
9.53369
9.98978
9.60298
9.99972
11.8235
11.3139
7.98956
9.99454
12.0777
11.9237
9.4262
12.551
5.99363
10.4111
7.78605
9.24934
8.62429
8.60838
11.2723
11.2326
7.0984
9.12501
7.25825
12.8386
8.86689
12.0063
9.3344
8.77888
8.38874
10.0862
9.81666
7.09281
8.04663
11.8438
9.96075
10.7181
12.341
10.145
10.7314
7.95531
10.678
10.6586
7.41968
8.10979
11.2655
7.74204
8.24048
9.72473
10.5383
10.9547
6.61581
9.59213
9.85632
5.6655
7.85128
5.57373
8.86651
11.8863
10.1512
9.00197
8.92578
8.44642
9.02674
12.1346
12.7576
12.1268
10.9014
11.5224
10.7427
9.80718
7.98555
9.17305
6.25059
8.89834
11.7352
7.7135
9.26787
7.68237
9.77536
7.08136
9.03458
7.27986
9.17111
8.87913
9.7009
9.47635
12.3438
7.55632
10.0614
5.57613
12.7135
10.2734
9.3274
14.2048
11.5895
10.1998
9.66273
8.60853
4.1433
10.8429
11.3417
9.54603
7.606
11.2276
7.88107
8.69696
10.0044
10.1038
8.89634
9.59259
9.91075
10.3723
11.0423
13.946
7.95491
9.47209
7.52171
10.2659
8.93037
9.20368
10.425
12.4877
8.67245
7.34546
10.6014
13.5225
9.90609
10.9533
12.3949
12.8536
10.8367
12.8618
9.29353
12.1336
7.39275
7.74975
8.57374
9.03219
10.8141
10.96
12.8176
10.7409
12.7172
12.456
10.8786
12.2264
11.3579
10.2996
7.55097
13.2789
11.9256
11.3609
8.60001
12.6776
11.1268
10.1262
10.7108
8.65567
7.12229
9.29911
9.26525
13.1818
9.76056
11.9067
10.4458
12.0521
10.06
9.29744
9.06481
9.75276
10.5744
12.4655
9.4205
7.58235
12.9203
11.4627
7.80299
13.7327
10.8804
9.13464
11.0232
9.2613
9.46679
12.6928
11.5317
12.5385
9.51714
5.67485
8.94963
12.7156
12.357
7.16416
8.77189
12.6601
10.9103
11.7253
12.7916
8.34397
10.5522
10.6726
9.66959
9.49713
7.17029
9.19566
10.7237
13.0039
13.9179
12.9174
12.7177
9.97008
8.84452
8.07237
8.81224
9.74127
9.82726
13.1315
12.6414
11.0827
8.39962
10.3848
12.2304
9.82246
8.58845
10.6881
11.1106
10.0664
11.2514
8.71233
9.64047
10.0888
9.8432
10.6115
10.6015
13.6042
9.89373
7.72974
10.0614
12.4236
11.9478
8.15615
9.48951
13.6972
13.331
10.6468
12.8538
11.2781
5.66232
11.3537
13.2698
7.93179
15.3972
7.63505
8.79977
10.8258
9.92534
11.3837
14.0518
10.2985
7.97667
8.33167
9.5371
10.6909
10.7429
6.59254
9.68927
10.33
12.0284
8.5622
9.15082
8.33487
9.79129
10.8254
7.86979
8.911
11.4086
10.6488
9.25001
7.80764
8.49368
7.54401
13.3063
12.8387
11.7873
13.4966
7.96843
11.7189
8.53335
8.25105
7.78259
12.4707
11.8719
10.1023
8.23671
6.23123
12.6438
9.8297
11.598
12.8465
9.83328
7.62722
10.9681
11.89
9.68311
12.2127
6.42065
8.98478
9.52156
8.42956
8.24228
9.67251
8.92039
9.01241
8.78638
10.2652
10.8971
11.9808
10.9705
10.8751
7.97444
8.66301
11.2328
9.09047
9.74636
4.78072
8.62122
9.18448
8.97285
11.5514
11.8085
10.5096
10.3014
10.7844
9.93214
10.4899
11.3044
9.47919
9.41215
10.1896
12.0879
9.33422
12.7042
9.82094
7.70726
7.9477
11.1316
8.00748
8.74969
7.86624
5.12339
10.1864
12.6308
10.785
10.5556
10.5418
10.4958
10.0166
14.4842
8.00214
9.75117
6.95325
12.8873
8.33057
12.9812
8.08903
9.80052
9.81341
12.2295
10.593
8.68935
12.5992
6.58432
8.63391
9.34767
9.54875
8.47279
10.7429
12.0725
9.54393
9.6968
8.96549
10.7157
9.14906
11.4187
12.1672
9.0927
11.8961
12.715
8.87584
9.62944
14.7837
11.8446
12.0713
10.5139
9.52892
8.53098
8.59316
8.61975
8.04367
7.60704
14.703
9.37753
11.1927
9.93757
13.2439
11.7011
12.6791
12.5696
9.61404
12.0688
7.53211
7.96858
10.0695
8.4252
5.8681
9.83934
9.54585
10.9099
6.44609
10.728
11.0481
13.4828
11.7522
10.3717
9.04202
12.8109
12.164
8.62596
13.3553
8.66768
6.71324
10.5721
6.38974
8.3585
8.39789
10.7165
11.4247
9.2079
9.3814
7.77888
9.20845
10.77
10.2115
9.66935
10.4925
9.71003
9.15365
7.03886
10.0768
8.95249
10.4241
9.78729
12.7914
11.4602
6.08334
12.7718
11.6382
10.3457
7.94455
11.1108
9.97579
6.49101
7.00402
10.2167
8.34893
6.90765
12.6341
10.7758
10.3577
11.6543
4.85915
10.2183
7.41147
7.97215
9.5866
12.3149
9.50659
6.93732
12.6546
6.2227
15.6306
11.1663
7.98497
9.11833
11.1255
9.75188
11.3809
11.1901
11.4222
12.8338
10.7055
8.41403
6.18475
8.59642
10.1454
7.94578
8.88369
10.5452
8.60515
13.3984
12.6736
7.23001
8.35655
8.47102
9.53489
15.2026
7.49374
10.2688
12.2163
6.54261
11.7339
8.74351
11.3334
5.3412
9.93352
9.11449
9.21426
7.47269
11.1146
8.32597
8.27482
9.54057
10.626
9.67707
9.92094
8.00037
8.29177
8.89052
8.48556
9.04883
8.23629
11.66
8.37259
9.45356
9.58736
9.90061
10.8579
8.3797
10.5548
6.58665
11.2857
11.0267
11.1199
10.0684
9.13406
6.59039
10.2983
13.1859
10.9778
8.76667
11.1858
6.56248
7.17326
9.10297
9.0789
11.2737
12.1967
8.80604
8.74274
9.00064
11.7067
11.6985
9.11819
6.4628
10.0395
10.0419
10.5458
12.6862
9.08031
11.9725
12.0197
12.1059
7.45224
9.24341
10.6812
9.27119
9.68247
7.33456
9.92626
8.47139
7.89526
13.0159
9.64485
8.30378
12.2191
10.2663
11.1965
8.98994
8.91721
10.5845
11.6984
9.39632
10.8765
10.9834
8.7279
7.16284
11.1076
9.93552
8.85078
10.4854
11.625
10.2664
10.2507
7.66627
4.77865
10.8414
11.5054
10.4937
9.02783
9.82905
5.73834
10.5226
7.08435
13.2269
9.06864
9.23541
7.15516
8.73852
10.4714
15.4038
13.5326
9.74927
7.57556
10.8069
11.7319
9.43046
14.4244
11.2094
11.2195
8.51159
11.2677
12.8838
12.8423
9.44224
11.0933
11.383
11.8989
9.20806
10.9799
11.4483
12.5865
13.473
5.6321
10.091
8.48908
12.2613
11.4917
8.25535
8.82531
10.1229
9.5587
9.04364
8.35355
7.43919
11.2765
7.87723
7.82788
9.29623
10.7648
11.5979
9.25196
8.66608
11.5076
8.75096
9.91638
9.45305
6.11226
6.7783
5.20356
11.5191
8.20248
7.53698
10.5328
11.0776
9.74562
8.85453
10.2859
6.22401
8.68662
10.6966
10.8871
10.328
11.9213
11.3943
9.60655
9.9029
8.20864
9.10251
8.55471
10.5121
8.66817
8.68001
7.74107
9.2437
8.51874
10.702
8.30997
14.3628
10.9136
8.92065
10.4765
11.396
10.3886
12.5275
7.88142
10.0052
10.1433
8.6012
10.1297
7.90511
9.62868
10.3262
9.74727
11.7199
12.8556
8.28032
9.84976
11.3584
6.88845
11.8238
10.9116
11.2501
11.5241
5.9729
7.20918
11.0088
11.9694
9.36751
8.62007
9.23158
9.41298
7.86678
10.5615
8.96883
11.0035
11.9294
6.4851
8.93284
12.4032
8.03417
8.79642
10.5376
11.0995
10.2928
10.5862
6.1997
9.75098
6.02521
10.7035
11.0656
12.6538
8.81996
16.1132
10.9271
7.76708
12.3029
7.00395
7.42813
12.8191
8.96329
10.1265
7.84682
5.06025
9.64511
9.38195
10.9188
12.3768
10.49
6.70694
13.834
10.5402
12.004
8.2795
11.6414
9.15188
10.8149
9.50526
8.91081
12.436
10.2159
12.1548
7.08291
9.78008
8.97128
9.96228
8.35814
13.4364
9.93188
11.0751
8.59099
12.2695
7.34968
10.9789
5.90662
10.3551
7.46117
12.2498
8.8258
11.8639
10.4937
10.5461
10.0751
8.8267
10.0083
11.0142
10.9813
11.1641
8.9926
8.55396
10.411
12.8406
9.29922
14.849
8.08386
9.32702
7.50651
9.86003
9.38349
10.6208
8.99028
8.93632
12.8283
10.2188
9.5106
9.80623
13.2197
10.028
12.2471
12.5273
9.15265
9.45432
7.20076
8.51268
11.9965
9.07261
12.2747
7.42083
9.69109
9.11124
7.79401
8.39911
9.09944
10.9782
14.7738
16.9392
9.85653
12.1301
8.16319
10.0811
11.849
10.3014
7.13642
14.6828
10.1672
9.67897
9.68643
8.15499
13.5074
13.1593
7.65127
8.21907
5.83753
12.2741
12.102
7.94606
11.8719
8.1508
11.4929
7.61298
9.80537
9.03863
11.058
10.5012
7.58112
10.4138
10.0421
10.5458
8.4647
11.3868
11.1204
7.48939
11.5279
8.78725
9.05915
13.2249
10.0545
10.267
9.1247
9.31705
13.1401
10.6421
10.9263
10.1933
10.4839
7.52241
12.7031
8.89701
8.17937
11.1291
10.7992
7.4551
14.1506
13.7963
11.0924
14.3012
12.3153
6.74574
6.97264
9.96882
9.1653
11.9369
7.60285
12.786
9.42456
12.0397
9.67222
9.78261
12.504
10.6984
13.8528
12.9973
11.1672
9.55376
10.1857
9.60622
12.5341
9.34419
7.8599
9.15123
12.506
14.4342
8.29738
7.09289
9.27822
7.50944
10.6365
11.3303
11.5143
10.9402
10.5724
9.32671
10.6895
9.91124
8.20458
11.9046
8.46625
8.49564
12.2876
9.42958
7.93659
10.4137
11.2083
10.229
7.02743
8.68506
9.7365
10.5678
11.8933
11.0622
10.2928
9.20788
7.63796
9.54683
10.0167
8.28689
8.92675
10.9812
10.243
9.92429
8.85718
7.55902
10.4995
8.9559
8.2536
4.9006
13.2158
7.69293
13.8604
14.083
11.0749
10.2771
9.62805
12.7963
11.8296
10.7489
8.07076
10.5368
9.39291
7.37892
9.77778
10.9601
7.76133
11.677
8.15402
9.56791
9.09477
7.86993
8.29238
8.11258
13.3052
13.1693
7.54912
9.66121
7.97026
9.03166
10.2478
8.65024
12.3563
15.4718
10.988
7.87392
9.63364
8.09367
7.82284
10.3853
12.297
8.3268
11.126
8.8064
9.21334
7.55766
6.48815
5.86308
11.4871
11.3849
7.74244
7.13113
8.83754
11.3025
11.433
10.1149
12.7715
12.3186
9.67744
10.7397
11.0456
10.1966
11.8973
10.652
8.47563
8.48997
8.55661
9.09443
7.89815
10.4683
10.4378
11.2318
10.461
13.1888
9.44626
10.1816
11.4136
10.2486
10.31
11.2229
8.86436
9.27477
7.72662
12.0437
6.00971
7.73786
8.98519
12.1548
11.4297
9.34347
13.0087
12.5104
8.17406
11.2238
10.7942
10.2081
11.8559
9.39859
5.26816
10.6084
11.6387
9.5401
9.90433
12.3184
9.58072
4.22386
9.81766
8.43977
11.8276
11.0309
9.11777
9.86932
9.7393
5.70838
11.6603
5.00089
8.98188
9.55101
13.7199
9.12651
9.96385
13.057
8.59055
10.9814
11.2254
10.5431
9.5511
12.359
11.0219
10.4953
9.28716
10.5777
12.6664
10.6985
10.7948
7.60901
9.46494
9.26661
13.561
5.46131
12.209
10.5245
10.8355
11.0447
13.999
10.9421
8.90065
10.9355
7.69052
12.5402
10.9057
14.3404
8.06185
8.7445
8.86905
10.4285
10.1531
11.3521
10.7511
8.65125
11.4935
9.64329
11.4326
10.1874
9.82586
8.37813
8.39225
10.9438
11.3055
9.22896
3.93716
9.8483
10.7756
6.54013
9.8803
10.0911
9.52793
11.4262
11.3412
10.0714
6.49647
11.2737
11.9478
8.96442
9.28349
9.25213
11.0794
11.2373
11.225
5.96826
12.2629
12.6825
6.6712
10.5438
12.1201
10.233
11.9334
8.17876
13.8271
12.1289
10.7321
9.20778
10.5583
9.97705
7.45688
10.8348
8.59969
8.43816
9.98809
9.60589
10.2891
11.6703
9.02653
5.49541
12.101
8.81702
8.62937
10.1273
7.07486
7.97812
10.2871
12.3013
10.0217
10.3504
10.8717
9.93625
10.8675
10.6948
7.74953
9.08668
12.3365
9.82485
10.3792
5.89791
9.51543
9.21693
10.3377
12.9305
8.12959
11.3803
9.15638
9.1798
8.25536
9.28251
11.4097
10.749
9.96012
11.5025
10.5106
10.818
8.79013
8.70035
8.73623
11.9568
8.36133
10.55
11.2866
7.79793
9.15216
6.03821
11.8277
12.0895
9.40651
11.0637
9.53796
10.7816
8.84269
10.2901
11.4432
4.94351
10.3927
9.17989
15.1541
10.9404
7.52811
10.0646
13.816
9.89121
9.64894
9.7118
10.317
12.8213
8.47387
9.9011
11.7138
8.76585
9.87874
7.57889
12.6065
9.31639
13.0123
9.88573
4.85055
12.8979
13.2636
12.3899
10.6112
7.14119
8.15364
9.26144
9.42963
8.96798
9.12592
7.97502
11.9192
11.847
13.2979
8.7151
8.88761
9.6269
12.3354
10.8675
9.33607
10.346
7.28596
11.3112
9.9033
15.1858
9.85397
7.1141
7.50278
8.07381
9.90068
11.5636
8.64304
9.20237
12.3131
13.5052
9.9244
8.87756
9.84094
7.53799
10.8
7.40827
8.10111
14.3694
10.4858
13.4371
11.9775
10.3983
9.15957
9.4733
13.9235
10.246
11.9287
8.85637
10.6272
8.81109
9.9144
9.73434
11.1007
10.6286
9.73174
8.90718
8.71709
9.00468
10.2218
9.80387
6.97435
10.5539
9.24876
12.1256
9.05475
12.1848
11.246
11.0427
10.9308
9.55617
8.75348
7.98903
7.26769
10.4373
8.46561
6.64107
10.3409
8.20045
9.98867
9.16688
10.3692
7.69533
10.6741
10.1566
8.42317
10.5501
9.49765
8.61999
11.1266
9.43802
9.80917
10.0447
14.1414
11.1908
7.8529
7.97441
10.3073
13.0302
6.29911
11.2442
10.4769
8.00543
10.118
9.40674
5.60147
12.0787
10.4942
8.75285
12.553
9.81723
5.77001
12.9119
9.08394
11.76
8.69144
10.4739
9.15256
11.9484
9.01811
9.13628
12.1844
11.0691
9.86563
9.50618
11.3729
10.8453
11.3936
9.01348
6.4506
8.90341
11.0145
8.15308
13.9592
7.19904
11.0291
9.28612
7.0503
7.35785
9.3156
11.4054
7.47731
10.8804
8.56753
8.19431
12.2423
12.5245
10.4371
11.6235
9.46765
9.71237
9.05429
12.4887
10.4818
11.1041
11.0704
13.7172
10.6788
9.92976
9.24453
10.7832
8.41335
9.46563
10.5706
12.2156
13.8189
9.3375
11.1269
11.9955
8.61439
6.91694
9.66442
10.4217
11.9577
10.3305
10.1784
10.3387
10.2941
13.3085
11.3887
11.4647
7.28329
13.2988
10.1021
8.7772
13.7649
11.1674
8.38255
12.9276
8.2999
9.85908
8.02134
11.1533
12.4435
13.7464
9.00177
14.7494
6.86403
7.27551
8.6753
8.82674
9.52985
9.21491
7.16317
8.25946
11.1299
9.72248
9.25336
12.1326
10.5227
12.4931
7.22623
8.74909
9.53719
9.64276
9.0449
12.2142
11.724
13.387
9.54175
9.38841
7.47733
8.86727
11.3714
9.23933
10.8374
11.2001
7.93122
7.80385
8.44352
7.81371
10.4013
8.31877
6.67401
9.20816
10.2973
8.34514
8.80271
7.76651
9.0952
10.2279
6.2139
11.3704
10.0584
8.10367
12.1327
7.33285
10.7289
11.9539
11.7588
9.11632
11.0185
10.2758
11.9502
8.50247
6.85579
8.59543
11.5224
8.33341
10.3022
11.3847
4.43735
13.547
11.0575
10.9473
7.4835
9.70961
12.6305
5.57304
8.56102
11.8799
10.7649
8.31464
8.32038
9.3988
10.1576
13.7311
8.30568
8.14308
10.7788
11.5112
9.71284
10.8684
8.84458
10.7665
9.22911
13.8872
11.3492
8.58564
11.1669
10.0408
8.99062
8.33848
9.04257
12.2074
9.03897
10.1333
11.1778
8.25363
10.7809
8.59314
6.81601
7.19831
10.0091
10.9042
11.2988
6.81742
10.3995
13.3242
14.0894
9.16668
7.76852
9.53934
10.7789
8.63376
9.26283
10.2174
9.21491
11.3281
11.5446
13.0348
11.5736
5.64458
11.0401
12.7803
6.96058
7.85165
7.59395
7.77752
7.99347
9.56251
9.73478
11.7813
9.19579
9.46568
10.9786
12.0315
10.8423
7.8911
9.86796
13.8133
6.08032
7.60799
8.42095
11.6625
15.6666
9.44904
11.5163
11.0346
12.3559
10.3916
13.0262
9.17913
11.3098
8.54404
9.37478
8.20667
9.17471
10.5077
6.49206
9.11476
12.7075
12.2775
11.1827
11.1037
12.7021
9.55863
9.71258
10.3574
7.95302
10.5535
9.8034
9.5458
9.94296
11.3457
9.45025
6.31148
11.7494
12.374
10.2007
11.1744
10.1417
11.8021
10.7576
10.0986
6.67109
13.723
8.4696
11.4013
6.79472
14.2093
12.1581
13.5362
8.14604
12.5249
8.43941
10.3048
8.6136
12.7407
11.23
9.35932
8.87409
13.0607
12.8494
8.34455
9.06568
6.01521
9.35744
9.05594
10.8822
9.06001
9.73165
9.35392
8.75469
11.5266
11.726
12.0767
9.92966
10.8627
15.1364
6.73273
11.7656
9.90485
8.99555
7.28879
7.75574
11.8899
12.0121
10.5796
7.92388
10.9996
7.53792
10.1416
11.4535
9.84193
10.3785
7.22503
9.12002
8.58899
7.82834
9.76054
9.23478
8.9929
12.6751
10.7581
11.8477
11.9508
5.33069
9.79766
8.35482
8.28325
12.0574
10.4319
7.77683
11.5579
7.82281
8.12333
13.1047
10.9011
8.1403
6.63501
9.7501
11.1345
10.0299
11.6591
8.17801
13.3963
10.6633
12.2559
10.1868
11.4778
5.85488
9.0445
7.9918
10.3142
12.4524
11.4027
10.2019
6.30131
11.0571
13.1172
8.10803
11.7975
9.9153
7.2119
13.071
9.64882
12.8661
12.0373
10.4393
6.84724
12.2121
8.55147
9.61894
6.57713
7.65426
12.3438
9.71075
7.60441
10.1216
10.5363
7.82727
7.94655
6.52976
12.4492
7.26175
13.9108
8.76941
10.7964
11.1688
10.2557
8.59313
11.2578
9.85311
12.1102
14.5179
12.3648
8.63352
12.8077
6.8674
6.40704
11.3527
9.51894
11.6576
5.79683
12.2693
7.55003
10.057
9.06049
13.9677
8.62555
7.47143
10.8275
15.2444
10.2352
10.2045
8.30783
10.6505
6.07807
11.9318
7.99017
11.7205
9.0756
11.4631
9.75904
10.3557
13.6946
8.99255
11.6005
9.2946
13.5884
7.17935
10.9744
11.5459
8.08092
8.71657
11.0512
10.1161
13.6743
6.04713
11.975
12.1056
8.7804
8.93631
10.6478
8.01998
10.7284
8.60077
10.5051
9.54981
7.66977
11.5195
8.36642
11.7075
12.602
7.85832
8.34112
10.0102
5.47955
9.19946
10.9888
10.0963
12.6025
8.91546
6.66158
9.447
8.39674
8.62338
12.5256
13.4254
11.8882
7.1706
7.70715
7.92003
8.90005
11.8525
10.0452
11.0408
12.4517
8.09434
7.56486
9.1643
10.1044
11.1648
11.8005
7.5513
7.44032
9.67322
10.9694
10.0315
7.74894
10.3092
11.5715
9.0688
5.27226
5.68628
11.4584
10.4983
9.2494
12.0715
13.2172
8.68795
9.97371
12.5525
10.1817
9.02236
8.35215
11.165
11.2262
10.3015
10.1714
8.45071
10.5396
10.1022
8.8574
10.3963
13.3981
9.77291
10.2505
4.80633
9.0905
12.1911
12.0096
12.5005
10.2944
11.6448
10.8663
7.13777
9.6954
11.8296
10.4316
11.2054
12.0858
10.6423
8.54171
6.09336
11.1358
7.68711
6.84635
11.5684
11.8453
6.06116
10.0816
16.04
6.72133
10.2204
9.56891
6.70457
13.2167
10.455
8.03189
12.1466
11.2225
9.14344
8.97862
9.22089
9.03
9.32139
9.9143
6.63835
11.5055
10.4761
10.5917
9.60979
7.00842
11.7094
10.7141
12.2336
11.8066
11.2498
11.1542
11.8615
5.59555
9.60614
15.0983
7.53329
7.48264
10.6165
10.866
11.789
12.2108
10.6165
11.5177
15.0899
11.1993
7.19578
9.87634
10.9089
8.44648
8.37983
11.6049
9.37265
10.842
12.2519
7.48973
8.77354
8.10172
12.0825
12.415
8.69843
8.98112
10.2899
8.9086
12.4548
10.6568
12.7282
12.7419
9.55603
13.2647
11.8064
10.439
12.0291
11.9612
10.1648
9.72892
8.54066
11.2108
9.64799
11.2895
12.8453
4.78679
8.76208
10.0369
11.9984
9.13513
9.51424
9.31165
11.7405
11.8718
6.88981
9.78024
8.50497
10.099
3.85461
10.329
5.85256
11.3967
10.4824
11.571
12.8202
10.7784
9.13223
10.5195
7.35865
7.84534
11.37
9.81879
8.94943
13.7272
8.93551
11.7419
9.4959
10.0022
7.98798
10.9121
8.36187
11.3454
8.20669
9.23029
11.4085
10.7866
9.15809
8.40232
11.9105
6.40402
7.23712
10.0403
14.0497
7.17073
8.13229
12.2774
11.0243
7.7659
8.38453
10.8113
8.0626
11.263
8.27785
9.78413
7.63355
10.7516
10.4794
7.89979
9.60579
12.2903
8.47067
7.90762
11.101
12.5229
5.46001
9.27669
8.21783
10.094
9.68887
10.8807
10.1237
11.0135
7.92861
12.7738
8.22722
9.77062
13.4228
10.3702
12.4647
11.7927
5.94715
9.15532
9.53117
10.1235
6.68821
10.5957
9.65332
12.1215
10.3699
13.2905
13.1702
8.16858
10.2096
10.5334
10.2045
12.2639
10.5684
7.76368
9.69816
14.6538
8.91492
6.55604
8.39813
7.21897
8.64001
8.21083
10.468
7.95835
10.5225
12.2213
7.4838
13.0865
9.42927
10.5641
8.85705
7.67872
11.4677
12.3707
7.67363
10.6285
7.18158
12.7806
11.0852
9.76683
8.71838
7.50817
9.16413
12.0076
10.6536
9.23338
10.6979
7.04103
11.2897
13.8247
11.2246
14.3079
9.08743
12.1112
10.8244
9.38342
7.42806
9.9217
11.7578
8.20221
7.70976
10.8612
4.12415
14.6967
7.74766
9.9113
11.0344
12.3799
12.6802
11.536
8.71262
9.13356
10.7759
12.466
7.04787
8.53526
11.4157
12.8114
10.7258
10.1226
10.9026
9.63509
10.8404
9.71965
9.3268
9.63715
10.6543
11.0058
13.725
13.6496
8.78553
10.1097
9.652
11.2821
9.04442
12.4132
11.0885
10.7662
9.13388
7.77917
7.79119
9.18454
9.09072
4.46886
11.7544
10.2189
11.4276
13.5113
10.9471
7.63226
6.78269
9.81449
14.4196
7.30546
5.33696
13.2131
11.9581
10.4513
10.0121
11.1983
12.7251
10.3794
9.43424
7.98635
8.47743
11.3225
13.9471
9.21559
7.32062
11.2906
9.4125
13.2153
10.7084
9.55391
7.49205
7.76212
9.00548
8.4874
5.6142
10.251
10.7344
13.4226
11.381
6.44118
8.42146
10.7827
10.6432
14.0388
13.4107
10.7788
11.6727
12.8693
7.1153
10.7671
11.3653
8.35109
9.03719
10.2257
7.26979
10.9482
7.93235
11.9509
9.22477
10.4107
12.6638
13.2921
9.11565
11.9201
6.86693
5.15108
13.0444
11.2644
7.51353
10.3797
11.3851
8.23211
11.0645
10.8502
13.3079
8.38327
8.415
9.08914
10.271
9.3428
7.32948
10.5127
6.20726
9.02311
11.4851
7.92965
8.69917
9.487
9.49185
10.7465
10.8476
8.05915
10.9486
11.415
10.4774
9.12166
8.80541
12.5408
8.2317
9.30281
9.14705
12.0654
9.87667
11.4207
8.00218
8.4497
10.7991
11.3815
13.2485
9.01743
10.2543
9.53459
10.4549
16.3743
14.6851
11.5354
6.73214
11.5458
11.1954
8.83946
8.23445
8.41512
9.17514
12.8384
7.09928
11.4153
6.6526
9.76803
12.6911
11.1303
11.6007
8.08958
12.2986
8.37196
11.614
9.40685
9.83579
9.79404
8.53097
9.53976
8.64798
11.0658
8.55896
9.72978
11.0417
8.71457
8.65513
8.27042
9.6744
10.7852
7.71529
7.62907
8.69613
12.4873
12.4477
10.6016
9.4041
10.5543
10.1678
9.74913
12.9311
12.1531
9.05171
8.84465
7.61094
10.5583
12.9621
6.95469
7.16474
9.48449
5.38523
10.8757
9.00492
9.05492
11.4091
8.69149
10.6358
9.92058
9.94577
12.2994
11.0173
9.05635
8.07217
14.8747
8.49496
7.77373
11.5153
8.81084
13.1804
8.36779
9.71229
8.1446
6.8317
10.7099
12.3189
10.5129
11.0441
8.11441
12.4818
10.3799
10.5088
6.75501
11.1648
9.32576
10.1724
10.3982
11.0396
11.1168
8.45388
11.1938
12.4182
9.7084
8.03736
13.2838
11.4947
8.92196
8.88833
9.19269
6.8806
10.5369
8.93712
7.28123
8.2844
9.48739
10.0014
12.4145
12.3363
10.5827
7.89821
10.7286
9.68531
12.9081
11.2691
11.1213
8.35565
13.9376
9.98218
7.78846
6.9498
11.71
9.50473
11.1186
12.3664
10.6894
10.9741
11.8447
11.5554
11.4417
10.2192
8.31746
10.8967
9.02794
12.4587
10.0446
9.5378
8.2958
10.3353
11.9543
8.47201
12.364
8.42294
10.1041
9.14273
10.2488
7.36525
8.8184
11.0049
10.3433
7.3846
7.96494
10.4726
10.2275
10.6744
11.3799
11.1513
11.6127
7.194
8.64089
10.775
12.9728
14.1517
10.9993
11.2796
11.8207
11.7085
11.8355
9.84823
9.55965
9.14924
12.2778
7.11241
8.87356
13.068
8.55726
8.11405
9.92045
12.2808
14.489
10.7832
14.9811
12.1039
7.35266
10.8087
9.07786
12.8558
11.5223
11.693
10.5166
10.9277
10.2541
12.2163
9.50756
8.59627
9.01812
9.78226
11.1662
9.85804
9.30102
12.2431
8.63533
11.1685
11.6424
10.9085
9.47685
11.0045
7.07051
10.5723
8.77988
8.69037
4.90981
11.0004
9.09015
12.26
10.9922
8.18416
8.30323
13.0815
9.47243
10.1666
10.5768
10.1667
10.7584
4.98886
11.5004
6.4275
12.7117
7.542
9.4425
11.7934
11.1986
13.9366
9.9121
13.0296
9.1998
9.65849
11.307
12.6506
4.27159
10.2001
5.37932
9.64978
12.2798
7.5857
9.0285
8.74552
13.8214
8.46053
11.4954
11.0884
8.77395
7.81495
9.45591
13.1524
10.909
7.06082
10.2811
10.0889
6.78237
12.1149
7.1336
9.39164
11.3789
11.0334
6.42222
9.32494
10.8529
11.9348
11.4682
5.69576
9.15808
8.2063
10.5675
10.3268
11.0378
12.527
10.1931
9.58155
5.03999
12.4602
9.08646
9.41352
5.70265
12.1313
8.72734
9.30715
10.0798
10.8389
7.25404
9.46507
10.2975
9.61655
9.03557
8.77218
8.19809
7.05818
9.45296
13.1208
11.0235
12.267
12.4126
8.14087
11.9469
8.89843
9.47188
8.17064
9.37905
12.6267
8.88421
12.7111
13.6865
11.7163
12.8728
10.0982
7.41274
6.96572
9.21818
13.0497
6.45807
10.5901
10.5181
13.4162
12.1698
8.94305
9.01274
7.31211
9.49794
7.86726
11.2016
13.7474
8.95121
9.2392
13.2705
10.4764
7.32168
9.60345
11.2309
10.3571
11.3087
10.682
10.1798
8.45612
13.3368
11.0481
10.4176
13.1416
10.0393
15.235
9.23502
9.73653
6.7337
9.57985
6.75353
9.49789
13.9734
6.81363
9.46123
6.51495
9.14969
9.12315
13.3753
8.21074
7.55537
13.3298
5.93382
11.4626
6.31359
7.80241
10.3103
9.71216
9.0986
7.55233
10.4548
12.8455
9.23537
11.5999
8.7515
9.20169
10.8483
9.94126
14.0931
11.2246
9.87327
5.0958
15.0127
10.1322
7.64268
9.64118
9.5194
7.90563
10.5232
8.20551
7.88489
9.81073
10.5928
7.65038
9.69333
10.382
13.1049
8.58559
9.37043
10.5941
9.91081
11.2526
12.347
11.3968
12.3353
8.30682
10.9635
10.3519
8.66455
11.3474
9.37949
11.0616
5.01391
7.85055
8.27571
10.1892
9.87387
7.70899
10.5242
10.7481
10.4389
9.02365
10.6567
7.67835
8.24203
11.8665
11.4176
13.1636
7.80604
8.20976
11.4826
8.65007
8.17962
7.94146
11.3987
10.1438
9.90902
9.12459
11.3586
9.29314
7.54903
12.4001
12.2792
11.4989
8.4049
11.2131
6.14586
8.86349
10.6518
13.3588
10.5674
4.95338
8.13807
9.3677
7.99346
9.97351
6.55465
10.8296
7.88345
9.21892
9.70859
9.30031
11.5633
12.4824
10.5617
11.4354
12.9168
11.66
7.61144
7.9422
6.5322
11.4596
11.0273
11.0214
8.19018
10.2865
9.6698
13.9783
9.40048
6.72309
10.6381
10.2938
7.72418
13.5373
15.5729
13.7715
10.6464
9.92515
10.267
12.4917
11.4447
8.01781
7.58646
8.23167
9.56595
10.7376
11.1543
9.07139
8.86859
7.94577
11.6082
10.2077
11.4926
8.38764
11.7327
6.39985
11.5528
5.91831
9.30239
7.77117
12.7473
8.02046
6.15718
8.49143
10.6355
12.9917
9.18893
13.572
10.8263
12.111
10.7526
6.89883
8.24368
9.4355
10.6836
10.6826
9.846
9.70231
8.7444
8.68211
4.81924
10.0653
12.2633
11.9966
8.17106
6.03923
12.351
9.00999
12.468
6.55588
10.4321
8.05332
9.49143
8.45471
7.39733
7.57542
6.03728
8.22472
7.9222
13.576
8.92396
10.9722
11.3372
8.67005
11.4649
9.70498
10.1733
9.52424
5.2205
6.50725
7.65061
9.43816
8.65386
11.3413
8.29014
13.4679
8.35248
12.5452
9.52635
12.6237
11.9068
11.367
13.6782
9.32071
11.4678
7.11511
10.4617
12.667
9.49549
12.4795
12.7936
10.4989
9.65588
10.2527
9.97281
8.269
8.21989
12.9438
10.3878
10.4714
9.37678
11.7102
9.59119
8.69606
6.93649
9.35155
11.3308
8.23111
10.3415
9.04022
10.1473
10.3271
10.1085
11.9022
12.1896
12.7484
8.79068
7.35892
10.4768
8.32734
7.1888
12.8487
5.93884
11.2416
7.75992
9.38315
10.2967
9.65212
9.37581
10.0143
9.23071
11.0935
5.86312
6.97191
14.9506
10.3068
9.21251
10.1822
9.04463
6.8375
9.54336
13.3036
10.334
6.86225
9.66453
10.2904
8.15981
10.5581
8.72583
10.8931
8.53978
8.69367
7.91871
8.96385
7.94014
9.74566
10.0094
8.27414
8.73185
8.81492
13.0201
8.40319
12.4211
13.7712
12.9491
12.5125
11.2171
5.65982
12.6018
10.0263
10.2934
10.1974
8.43742
7.86201
9.30974
10.5136
10.3972
9.90169
11.2074
10.3081
11.7178
7.29383
6.62352
11.1578
8.33024
11.1563
10.2608
11.0676
9.53062
6.11305
10.0141
10.2603
10.0306
8.77227
10.1358
12.1593
8.73447
8.28054
8.83683
10.8437
11.4393
9.68593
9.24306
9.67321
8.27099
13.6448
10.0275
12.9853
7.37951
7.63559
13.7355
14.8283
5.68617
10.1819
9.45978
11.0297
11.4984
9.04844
12.6441
12.1434
7.76189
9.96984
8.17607
8.98533
5.89232
8.12
9.01262
12.0705
9.93395
10.1448
12.9733
9.57548
5.42336
9.09981
9.00841
7.53008
10.0132
10.2352
10.8752
9.99555
7.88618
10.0529
8.61609
11.0893
10.7826
10.0023
10.7939
9.37092
9.1633
9.72593
12.4597
10.468
8.99294
10.3098
9.01563
6.60244
11.119
9.4008
9.16202
9.92539
9.32504
10.3182
6.08098
5.41564
16.3204
7.81257
10.2346
10.777
11.8503
9.87361
9.39862
6.30507
11.9453
8.70927
10.781
12.9685
9.86233
10.1342
7.14093
12.9312
10.3881
11.8965
8.86148
10.0289
6.09309
10.1598
11.4301
10.5686
9.99122
12.5258
9.08072
8.90734
11.1963
7.02971
11.3568
9.229
8.48592
8.27754
9.42048
12.4885
8.82159
11.6395
9.11248
10.2554
11.7261
8.85114
12.3394
9.04487
8.93523
11.9242
13.7872
11.0778
11.0428
10.1518
11.1311
8.16628
10.6984
12.5406
11.3508
9.26761
9.1527
14.0559
8.67667
9.65205
9.19604
11.1821
9.11754
9.4402
11.6619
9.66918
11.6827
12.0418
9.22014
9.11164
7.57076
10.4472
8.66919
10.1653
5.83133
8.63902
10.5154
9.43464
8.02209
9.87335
11.6683
7.16274
10.0926
10.2409
9.07579
12.0553
7.91193
8.24721
9.37453
10.8513
10.5948
10.8792
11.8818
10.6709
8.00041
14.6777
11.236
10.8254
12.5896
9.43992
6.91216
11.452
6.17614
10.3361
10.5115
6.65868
9.99757
11.6639
7.65027
9.35639
8.98267
12.2606
11.1372
6.66837
10.9905
5.57076
8.78453
9.91298
11.9589
10.0126
10.1576
9.60861
11.3646
10.7329
11.5248
8.02732
13.5143
8.95129
10.1738
12.5948
12.2752
10.5595
12.3109
6.70457
10.2948
10.8124
12.405
11.14
13.7583
10.9647
10.4628
6.16546
9.09116
10.7906
5.78958
7.83671
12.595
9.36045
8.30272
11.7638
11.7025
10.4935
10.8784
11.2897
3.73649
10.2779
7.20224
9.49323
12.1686
11.4561
7.24224
7.45898
7.20595
8.50366
10.2269
9.38661
8.88232
9.76693
10.4023
11.1905
12.2466
11.2954
9.06558
9.25857
6.90753
7.64125
10.251
13.263
11.4543
8.19721
6.39103
6.77928
11.1551
10.6937
9.81473
9.4116
10.0998
9.99668
10.9752
7.70321
8.51766
11.2983
10.0306
8.88469
7.61455
6.47319
11.8678
10.7027
7.45044
11.9232
10.8552
9.596
11.7593
11.1116
8.62946
8.62617
12.4478
9.69439
7.73428
11.2587
9.07156
12.7977
10.0636
10.2054
11.9439
12.139
8.14175
16.7403
13.0517
10.9301
8.77483
8.43335
8.34863
14.5235
11.1219
11.4621
9.29253
10.3303
10.7224
7.99708
10.3093
7.89396
9.04063
9.47722
8.06293
8.42248
9.08762
13.155
9.9094
11.4644
9.27265
10.6572
11.56
10.0092
10.6437
8.5329
9.91713
9.02524
14.562
9.10883
11.0053
12.2872
10.0079
7.51775
10.0756
13.1447
8.11356
9.61969
12.7842
12.8833
10.4507
11.716
9.28542
7.72802
10.2493
12.0426
8.5137
10.4174
10.2348
9.90186
9.60766
14.363
7.85978
10.8674
11.2944
6.04894
11.4202
11.7786
11.2798
8.38893
10.2167
9.87858
12.9504
11.3904
15.8895
11.4192
10.1048
12.1482
11.8874
11.7117
12.9977
8.99335
10.296
10.5745
9.21076
8.50555
7.9409
8.28161
9.70335
11.1354
8.21257
8.11569
10.0005
6.31687
5.84465
8.72969
10.2091
10.5155
11.7071
10.0684
7.12374
7.84316
7.93319
11.089
12.6633
12.8809
9.82375
9.80742
6.06914
9.83237
9.31524
9.85436
7.90419
11.0992
8.2649
9.19646
10.5711
11.0915
6.18991
8.81046
14.0398
7.16591
11.3645
9.88164
11.1682
8.99371
8.26904
10.7352
10.7872
10.311
11.1062
12.709
10.2737
9.86476
11.4796
9.2026
7.03897
9.58004
12.3708
16.1483
13.1566
11.1581
8.37852
14.574
10.8437
6.46399
12.9355
7.84766
9.67112
9.18265
10.9976
9.98055
12.4358
9.9365
8.5018
8.18501
9.54674
10.4681
12.9405
10.6483
10.3366
9.2555
7.6734
10.6012
6.42574
13.9841
7.31665
10.0157
11.4876
10.2395
11.2753
8.83153
10.6494
9.94069
10.9845
11.9111
9.74154
12.0886
8.17875
10.5732
12.1312
9.89442
8.48849
7.66695
11.5092
9.21442
10.2337
10.937
12.6975
12.8148
10.8905
7.88439
5.39498
10.9891
13.1946
11.4099
8.09723
8.96672
9.77995
9.70688
11.0015
9.06525
8.5983
10.2872
9.62201
11.4185
13.9946
10.4256
11.1483
10.6161
10.2453
10.0851
13.59
10.3244
8.47702
10.329
7.47387
9.43688
10.346
12.6091
7.09513
9.25368
12.3861
10.8453
8.97691
8.12647
9.809
10.8048
9.84401
12.5624
4.16632
9.72721
13.8573
13.6654
8.60863
9.0343
11.4976
12.3722
13.0156
11.2238
12.7974
12.3281
7.09649
10.1891
8.8369
9.13534
9.11139
9.04048
10.2413
8.32679
8.86626
8.36038
5.29867
8.77133
10.5279
10.3021
11.5867
9.88375
10.6511
8.64503
8.55332
8.41693
9.96388
14.0434
5.28196
10.461
9.33119
6.91887
10.8309
7.73418
10.0339
9.46038
10.7069
10.5842
4.98549
11.5375
6.92592
9.39245
7.02917
8.92477
9.80908
10.0815
13.0104
10.6248
9.72323
7.15281
6.4568
13.2699
9.06149
8.63455
10.4223
7.98257
10.3081
10.8109
11.5472
9.69651
12.0774
7.98677
6.96193
7.00008
7.3687
11.8337
8.5378
9.2527
10.2457
10.1753
9.6114
8.793
7.959
12.5596
8.40909
12.198
11.436
15.591
9.83236
9.53757
11.9951
9.22824
7.53457
7.35118
6.1297
9.95548
11.8205
12.6256
5.81738
9.51317
11.3384
10.497
10.292
12.7157
10.9423
10.2561
6.53946
10.4728
11.3099
9.2142
8.68047
11.3295
11.9877
7.75763
8.44049
8.17751
11.4148
10.1421
7.09867
10.3691
9.0036
8.39746
5.9898
11.1387
9.88365
12.3858
10.4339
13.4762
10.0704
10.4103
9.19514
8.66377
9.76725
9.43554
10.6101
11.8112
10.5052
9.9085
7.90925
10.1929
9.5503
10.1611
9.72027
10.0371
7.91355
13.6106
10.8235
12.0866
5.27365
10.6653
12.0332
10.6809
14.9455
6.82136
11.6751
7.79009
8.10046
11.7557
8.49083
12.3917
13.9207
10.4895
8.60787
8.21143
11.8919
12.175
9.4354
10.7904
10.0184
10.0177
13.1427
9.34944
11.1851
10.2649
11.5096
8.36437
10.7155
9.38232
7.211
9.52703
8.57619
12.6457
7.48483
10.9986
12.2199
11.4767
9.58532
11.6059
8.63294
13.0814
9.25817
10.934
7.59519
11.6339
10.7007
12.655
8.4397
9.35531
8.32539
6.92162
9.16034
11.3222
12.0628
7.51988
11.8503
9.17829
11.8521
12.2375
14.1406
13.5988
7.45613
11.2877
7.88154
11.0777
8.17518
10.3855
9.93593
11.4848
9.14684
12.8487
7.23049
8.96921
8.441
7.87566
10.0511
11.7654
12.1187
9.15195
11.3828
11.6073
8.71452
9.55551
13.6266
8.02419
9.25929
10.6977
10.838
9.95503
11.3831
9.36984
12.5012
10.0635
9.71707
8.76085
8.89054
8.22409
9.65268
7.37175
9.54207
7.4936
13.323
7.49281
10.0563
7.42017
13.8088
8.25109
11.6642
8.99052
12.5441
7.47464
7.14836
8.23889
10.4848
11.2822
8.99728
9.60264
8.86262
9.39631
7.18689
7.90354
11.6881
10.9021
8.54428
10.8746
11.0272
9.703
6.49624
9.72734
6.37785
7.21579
7.8602
7.27867
8.11444
8.80023
11.6775
11.2974
9.1695
9.43072
10.1124
8.71528
6.71429
11.092
10.4696
8.67764
8.15934
9.60644
8.89463
8.12541
7.71845
7.00694
10.3102
11.0168
9.585
8.17439
6.15423
6.20667
10.1149
9.89366
8.80839
11.3004
10.3026
11.0336
8.56774
10.7712
8.84309
6.85438
10.5655
10.2263
11.1539
13.0053
11.6491
11.5919
12.0457
8.44462
8.18843
11.952
13.3679
11.8305
6.33916
12.4019
9.76895
12.1916
9.88999
11.5915
7.20038
10.055
8.16564
11.5694
8.15129
11.1957
9.84173
8.09037
11.6683
11.2968
7.76188
14.6357
7.31903
11.738
14.3068
13.391
6.44991
8.70293
7.38771
5.82552
12.3785
8.93554
13.8864
7.72565
8.57759
6.0267
7.91788
6.06344
12.5179
12.2493
9.06047
8.62244
10.2263
6.72
8.71467
13.6798
10.4572
10.19
8.0096
9.08276
10.5396
8.41702
10.2316
13.8475
8.81525
8.68339
13.1095
9.80017
8.37525
4.77192
8.59765
11.4753
11.7128
9.46207
6.21779
10.2713
8.15279
9.70329
13.6461
6.9661
9.40095
11.8801
9.48257
11.2773
9.37271
14.0666
9.65347
8.82397
8.41356
13.2846
9.39292
9.72018
7.20695
6.03533
8.81799
10.6258
12.1758
10.6091
8.59455
8.34018
10.3166
4.71022
9.3296
10.1994
10.7604
10.1329
9.29622
11.0902
6.52161
11.2799
8.84789
9.53575
10.4373
13.0623
13.4317
9.03815
7.92465
6.88233
9.60792
9.36525
8.86733
12.4899
9.1599
7.8833
8.7787
10.4899
6.75126
10.4982
7.49211
12.0356
15.5492
9.97896
11.2627
8.63809
8.76463
10.1761
11.3477
7.29018
8.78037
15.7422
8.96284
12.9486
12.1444
8.84098
5.53523
9.94018
10.1446
11.9742
12.4416
11.7446
8.26161
8.79197
13.4287
9.72561
7.37425
9.14721
9.01888
10.485
8.8955
8.81732
9.58195
12.5437
7.69678
8.70559
9.62301
12.7221
9.31622
9.11292
9.02369
11.7367
11.3154
8.87688
6.7446
11.7468
10.3706
11.9366
9.48693
9.83618
8.74173
10.7944
4.81257
9.46609
7.8175
11.8235
8.14505
9.32294
8.91867
9.82268
8.2001
12.7462
8.89877
11.7896
8.4149
10.3087
12.2562
7.53374
10.4114
8.46511
11.128
9.11097
8.82045
10.5169
5.77778
7.62889
12.8496
7.90552
8.08248
7.49826
12.5974
6.3756
10.8065
10.5464
9.97918
12.6225
8.40002
11.7419
10.3827
9.54679
10.6665
6.86415
8.28814
11.4318
12.8935
10.07
7.58312
5.92133
9.3063
9.96518
11.563
10.6015
9.88673
7.27033
11.1221
8.93753
6.22067
8.95787
9.10576
7.97692
9.32621
7.45324
9.90503
9.94968
7.43463
11.4104
9.79688
5.3035
13.0148
9.33317
7.55119
6.11717
6.75602
8.4295
9.37473
11.045
11.2387
9.23226
10.9062
10.9757
7.67883
8.75978
12.6442
9.38279
8.67163
12.0382
10.26
10.6401
8.43168
13.5239
10.8239
8.39657
10.439
7.69147
10.1352
10.5197
11.0443
9.01878
10.3252
7.35422
12.4474
12.8671
12.11
11.5378
7.81595
11.6409
13.6452
8.82232
7.18511
9.84924
11.5938
10.5362
9.45536
9.63406
9.28174
6.85811
7.51981
13.0674
7.9851
10.7572
12.5122
6.67396
6.79891
8.7059
7.10523
11.3915
9.33713
8.70297
9.8769
9.2489
10.8142
12.7939
11.1149
10.6482
8.25645
9.26801
7.13835
9.92511
6.14193
11.1079
10.9796
4.86188
14.1385
7.39241
11.269
10.0769
6.05258
14.423
8.17441
7.85089
12.9343
10.4375
10.3403
10.4385
11.919
9.8781
9.9969
9.46053
12.7828
12.5824
9.19404
13.2209
10.7697
9.23609
7.164
10.7407
11.6938
9.77131
10.8823
14.5933
15.2757
8.5903
10.6207
8.53644
11.8974
11.3463
10.658
13.0171
11.0284
8.72687
6.51535
7.5218
10.3426
8.82029
11.8703
12.8884
10.1044
12.0232
9.49506
10.9332
7.20532
9.7239
11.0737
10.5864
11.3104
11.384
10.3174
6.3536
9.11725
11.9108
7.54347
10.8537
10.287
8.70356
8.83801
7.51267
10.1558
5.67306
8.86851
8.1502
10.8247
7.56093
9.86842
7.28568
12.6184
9.26853
7.23092
11.4271
12.9775
11.7684
15.5446
11.9359
7.29749
10.043
12.2658
12.3234
7.42716
6.46639
7.20264
7.70599
7.73335
7.62428
10.1066
9.63488
10.4531
11.9874
13.0712
7.94898
9.30841
9.66369
7.72451
8.46306
10.8723
8.10224
6.53773
6.82586
6.85002
12.2104
11.8455
7.97607
9.85725
11.8684
10.296
12.5889
11.1149
10.3348
8.4989
9.50384
8.55594
8.63142
10.899
10.0242
13.5878
8.62525
12.9098
