0.587617
0.832484
0.167432
-0.777017
-0.821204
0.694222
-0.994536
0.657629
-0.457722
-0.812563
0.312383
0.321724
-0.403823
-0.714315
-0.370135
0.172737
-0.971347
0.810009
0.013731
-0.196742
0.226751
-0.937174
0.724233
-0.659832
0.547452
-0.416125
-0.610298
-0.46146
-0.398969
-0.498959
0.0393266
-0.836307
0.940712
-0.514642
-0.456601
0.0239626
-0.963997
-0.252757
0.67861
-0.288658
0.833027
-0.82467
0.671735
-0.349032
-0.721306
-0.384895
-0.91858
-0.0910009
0.99613
-0.989484
-0.79715
-0.746379
0.0424585
-0.441086
0.686542
0.54535
-0.622944
0.971133
0.699958
-0.947608
0.0880066
-0.0779959
-0.402593
-0.160038
-0.568153
0.951606
0.85389
-0.644067
0.417376
-0.481356
0.665197
-0.749091
-0.420047
-0.290561
0.971456
-0.977786
-0.0398177
0.582642
0.597329
-0.659425
0.385184
0.776398
0.422728
-0.897465
0.321447
-0.0609612
-0.316408
0.390914
-0.393822
-0.356611
0.500834
0.358889
0.672779
0.188482
-0.442843
0.282257
-0.943435
-0.128374
-0.574436
0.839345
0.992936
0.576792
-0.369684
-0.362247
-0.868626
-0.0537512
-0.625123
0.47852
0.916031
-0.618156
0.0842833
-0.411985
0.726092
0.459641
0.956295
-0.708603
0.256286
-0.602464
0.724482
0.520618
0.523525
0.147977
0.707209
0.423211
0.222413
0.518792
0.957889
-0.0297466
-0.883033
0.905041
0.518805
0.185464
0.0782603
0.847313
0.294003
-0.372895
-0.0889586
-0.922675
0.445929
0.469385
-0.0137995
0.0453063
0.299676
-0.396606
0.0970827
0.855838
-0.0206844
0.816389
0.74762
0.814777
0.782841
-0.772402
0.48954
-0.734214
0.652095
0.012278
0.50522
-0.289339
0.387502
-0.508517
-0.993531
-0.568322
0.110395
-0.37453
-0.445868
-0.438175
0.362731
0.000697433
0.721761
-0.0960737
-0.0199101
-0.290302
0.337203
-0.357303
-0.124062
0.646469
0.832103
0.758639
-0.832733
0.77696
0.873526
0.0316032
0.964901
-0.675847
-0.51352
-0.719847
-0.976659
0.905766
-0.416819
0.848281
-0.556782
-0.786249
0.737935
-0.352065
-0.466979
0.321625
-0.078556
-0.815557
0.235417
-0.884832
0.794441
0.44917
0.698994
0.97497
-0.162377
0.369074
0.12149
0.368652
-0.974585
-0.487577
-0.52064
-0.893548
0.910202
0.89773
0.141049
0.765026
-0.985341
0.589724
0.124203
-0.284681
-0.68997
-0.905625
0.791598
-0.213644
-0.749438
0.869783
-0.625572
-0.0666651
-0.817703
0.283652
-0.615866
-0.679029
0.252183
-0.316755
0.554079
-0.51717
-0.82958
0.513829
-0.209176
0.0974107
0.368918
-0.51243
0.592242
-0.790392
-0.651218
0.71468
0.499501
0.0852083
0.135359
0.496776
-0.607835
0.816037
-0.157818
-0.38142
-0.769029
0.94111
0.178818
0.872074
0.760687
0.465155
0.253991
-0.0548186
0.556856
0.0212164
0.124673
-0.377222
0.54615
0.823235
0.326063
0.267901
-0.236221
-0.627215
0.430673
-0.974284
-0.431699
-0.267849
0.119627
0.173966
0.679396
0.91422
-0.943795
0.930577
0.874811
-0.493336
0.169588
-0.655339
-0.301488
0.0625338
0.625356
-0.556756
-0.349561
0.506804
0.32724
-0.0762697
-0.512943
-0.030192
-0.369188
-0.0326864
0.951327
0.161767
0.504412
0.250864
-0.372434
0.655198
0.932862
0.171384
-0.59055
0.102615
0.471935
0.715756
0.465213
0.236768
-0.30164
-0.492186
-0.614349
0.829305
-0.142477
-0.636289
-0.470341
-0.0615139
0.515696
-0.945431
0.562727
-0.779467
0.24118
0.609724
-0.181814
0.0335247
0.137578
0.660033
-0.176904
-0.825207
-0.348414
-0.340836
0.539302
0.220405
0.89474
0.127673
-0.205899
0.92929
0.377186
-0.153092
-0.319308
-0.224706
0.181729
-0.450597
-0.560002
-0.662018
-0.0649305
-0.785149
-0.898866
0.888809
-0.187696
-0.464648
-0.740273
-0.826432
0.179929
-0.583077
0.214461
-0.646722
-0.0765972
-0.0167921
0.9925
-0.75928
-0.935652
0.185901
0.415244
-0.193353
0.934955
-0.897291
0.243113
0.965077
-0.709624
0.231415
-0.911172
0.92673
-0.529574
0.667452
0.0362652
-0.0457913
-0.452259
-0.372745
-0.571048
0.544473
0.755681
0.69166
0.196537
0.44971
-0.352708
0.858595
-0.935112
0.267587
0.60323
0.153045
0.516585
0.991894
0.174946
-0.966834
0.299982
0.747362
0.479002
0.0104961
0.677579
0.498781
-0.0270878
0.681366
0.914805
-0.111465
-0.604914
-0.340255
-0.820786
0.706196
-0.596932
0.341034
-0.203398
-0.279545
-0.731779
-0.671938
0.94008
-0.131006
0.42429
-0.758087
0.112821
0.270612
0.204974
0.642851
0.270623
0.380812
-0.459535
-0.163045
-0.86597
0.467344
-0.194993
0.490982
0.503142
0.0293605
-0.605758
0.60235
-0.63055
0.622853
0.624616
0.118815
-0.476541
-0.765705
0.569445
-0.363954
-0.43395
-0.992009
0.00303043
-0.31085
-0.680231
0.168669
0.0130974
-0.84604
-0.0313608
-0.890546
0.122094
0.52189
0.780128
0.860305
-0.31862
0.332841
0.69696
0.90443
-0.747251
-0.615098
0.22676
-0.784584
0.60401
-0.854388
-0.724354
-0.363613
0.303171
-0.891961
0.45436
0.556659
0.717676
0.624671
-0.0647309
-0.430328
-0.356571
0.178772
0.0984106
-0.946377
-0.334355
0.971399
-0.940051
0.622623
0.747409
0.271241
-0.355924
-0.0837829
-0.299992
-0.927188
-0.168771
-0.735806
0.00286683
-0.0604382
0.473089
0.997573
-0.859763
-0.691487
-0.284786
-0.446411
0.563157
0.444926
-0.39999
0.46147
0.559309
-0.989203
0.935884
0.706804
-0.374521
-0.305585
-0.55911
0.337984
0.774807
0.807915
0.946055
-0.0818595
-0.0955208
-0.726945
0.334476
0.0616186
-0.755381
0.353506
0.555448
-0.634496
-0.442361
-0.744246
0.771322
0.465889
-0.522433
0.210151
0.289465
0.721412
0.171079
-0.725288
0.0590153
0.733595
0.0658386
-0.0741674
0.699574
-0.404263
-0.108619
0.0971015
0.172985
-0.813689
0.500416
-0.665506
-0.44821
0.44948
0.905526
-0.452541
-0.109654
-0.28634
-0.448469
0.0963834
-0.897375
0.835271
0.759321
0.631938
-0.421437
-0.530496
-0.817329
0.577802
0.607268
0.78382
0.67282
0.884084
0.758853
-0.247146
0.619701
-0.243704
0.213932
0.587428
0.659768
-0.622422
-0.366263
-0.119692
-0.26865
-0.34866
-0.481742
-0.818694
-0.370456
0.774072
-0.548594
0.352196
0.658513
0.407581
0.632796
0.00512627
-0.207733
0.237161
-0.709033
-0.954545
0.986054
0.385481
0.764813
0.56303
-0.686438
-0.794949
0.129931
-0.369148
-0.353608
-0.277815
-0.777059
-0.529227
-0.61611
0.347755
-0.729539
-0.143558
0.319937
-0.319896
0.0061539
-0.0580768
0.0391592
-0.648801
-0.893109
-0.837543
-0.82832
-0.426717
-0.902895
-0.581056
-0.0629714
-0.981712
0.334791
0.345983
-0.38647
-0.281316
-0.367628
-0.939234
-0.767155
0.310722
0.53599
0.788192
-0.201502
-0.53934
-0.856293
-0.61601
0.0341116
-0.119378
0.999532
-0.049944
0.119671
0.91743
0.90035
-0.0722606
0.625304
-0.439022
-0.864975
-0.922935
0.0691291
-0.0125476
-0.0367757
-0.534022
-0.846068
-0.499958
0.368296
-0.959111
0.623844
0.145449
-0.660187
-0.409609
-0.593139
-0.281745
0.536696
-0.470276
-0.953041
-0.844468
-0.735518
-0.271564
0.927288
0.851025
0.445886
0.745977
-0.794607
0.869674
-0.46053
0.235553
-0.607259
-0.629976
0.275244
-0.323317
0.760408
-0.235743
-0.588932
0.184315
0.883393
-0.851571
-0.618853
-0.640782
0.383726
0.404971
-0.122157
0.551572
0.588077
0.571855
0.0163485
0.675132
-0.495416
0.335412
-0.323517
0.392823
-0.439945
0.741013
-0.864409
0.5845
0.694581
-0.959755
0.786742
0.542282
-0.938751
0.339389
-0.730333
-0.499026
-0.0972945
-0.415899
-0.812521
0.018811
-0.182127
-0.227935
0.162259
-0.34819
0.424806
0.902409
-0.589191
-0.168554
-0.0889098
-0.103086
-0.387827
0.0459208
-0.494268
-0.486358
0.958254
0.105204
-0.262051
-0.928787
-0.919764
0.128728
0.525458
0.506064
0.903267
0.83213
0.222792
-0.230648
-0.315403
-0.837544
-0.840628
-0.427428
0.266913
0.272233
0.315505
0.556834
0.660766
0.145417
-0.195335
0.744858
-0.489881
0.997776
-0.452976
-0.422478
0.0945527
-0.54301
-0.28625
-0.923933
-0.704179
-0.752864
0.53287
-0.523783
-0.475091
-0.525102
-0.524844
0.806601
-0.151732
0.543368
-0.819993
-0.0897298
0.236892
-0.216201
0.514568
-0.77791
0.281528
0.940566
-0.964634
0.164212
-0.641731
-0.569993
0.145176
-0.248038
-0.376085
-0.460689
0.554796
0.520483
0.26373
0.0208421
0.832916
-0.69336
-0.643116
-0.726282
-0.653553
-0.410258
0.631696
-0.485193
-0.583863
0.0153431
-0.222619
-0.983127
-0.438299
0.293475
0.871511
-0.705609
-0.657062
-0.132791
0.551179
0.988746
-0.603461
-0.0268325
-0.148497
0.664603
-0.738
0.250885
-0.00936264
-0.749602
0.11199
-0.694533
0.760427
-0.907657
0.75684
-0.949372
0.561443
0.762224
-0.823723
-0.528674
-0.325538
0.558632
0.760312
-0.839024
-0.592904
-0.330238
0.92808
-0.960285
-0.119791
-0.925605
-0.687176
0.925179
-0.470779
0.712442
0.00667641
-0.276101
-0.0846711
0.89402
-0.974025
-0.0743854
0.0361536
-0.921774
0.454649
0.406956
-0.873712
-0.166371
-0.514931
-0.320801
-0.199543
-0.728268
-0.905873
0.623455
-0.381632
-0.331141
-0.245822
0.740791
-0.586062
-0.828831
-0.00812596
0.0352699
0.348362
0.474752
-0.177149
-0.926798
0.395347
0.85258
0.453528
-0.424213
0.056757
-0.0992823
-0.703431
0.826889
0.504058
-0.703007
0.957266
0.624826
-0.471608
-0.218631
-0.196556
-0.764007
0.977506
0.339604
-0.126399
0.490307
-0.830476
-0.545773
0.50761
-0.24567
0.304286
-0.28398
0.097317
0.794013
0.253951
-0.725692
0.271881
-0.594149
0.859535
0.862485
-0.797632
-0.849277
-0.184504
-0.0664792
-0.693192
-0.813302
-0.105208
0.192879
0.208468
0.128465
0.111165
0.567156
0.40346
-0.390664
-0.524359
0.954056
-0.205873
0.370651
-0.499022
-0.0223099
0.619705
-0.171341
0.319314
0.332283
-0.682044
0.818528
0.580641
0.0767519
0.616867
0.373193
0.0948091
-0.234471
-0.323896
0.0204973
-0.962096
-0.436427
0.621037
0.21043
0.982158
-0.850573
0.153315
0.0681973
0.448029
-0.488181
0.450509
0.0774034
-0.556117
0.388055
-0.204383
0.286344
0.507043
-0.768945
0.354536
-0.25239
0.84695
-0.796504
0.123999
-0.712778
-0.660039
0.0814073
-0.504365
-0.457371
0.0743001
-0.468611
-0.092777
0.266949
0.875301
0.742095
0.329277
0.0476032
0.782229
0.0645033
0.605656
-0.309447
0.895824
0.223525
0.0930413
-0.823597
-0.410644
0.145298
-0.192456
-0.109544
-0.440442
-0.61191
-0.424871
-0.00256354
-0.96374
-0.936013
-0.873153
0.223231
-0.843522
0.161792
0.929819
-0.864941
-0.352118
-0.344117
0.629703
0.260038
0.206845
0.97463
0.232295
0.880856
0.75169
-0.144027
-0.5653
-0.33994
-0.526735
0.145597
0.823764
0.224618
-0.655895
0.477968
-0.370667
0.24045
-0.664621
0.43715
0.527612
-0.523424
-0.451478
0.756288
0.891165
0.277977
0.495536
-0.310942
-0.218441
-0.0150651
0.895597
-0.597386
0.702859
-0.444408
-0.0293698
0.449293
0.762667
0.61947
-0.124216
0.0659953
0.559639
-0.439315
0.338346
0.859616
0.225313
0.0280315
0.179022
0.284444
0.70701
0.0814948
0.966268
-0.808329
0.233821
-0.599244
0.600935
-0.306375
0.279665
0.736877
0.988999
-0.35908
-0.876605
0.456467
0.849745
0.0565223
-0.0439522
-0.663493
0.267009
0.87859
0.789242
0.444841
-0.814556
-0.0676836
-0.813971
0.768521
-0.472605
0.132333
0.873493
0.492352
0.411913
-0.926416
0.809837
0.115655
-0.337396
0.109146
-0.240939
-0.546652
-0.256612
-0.87677
-0.315115
0.00283915
-0.52573
-0.0893572
0.498906
-0.917604
0.305675
0.0722492
-0.816868
-0.796615
0.245053
0.447037
-0.0283871
-0.154772
-0.424924
-0.892579
-0.918589
-0.251796
-0.298555
-0.887836
-0.569188
-0.433317
-0.35217
-0.222053
-0.46931
0.271558
-0.0186829
0.334231
-0.0599147
0.270905
0.127065
0.702003
0.288855
-0.52322
0.986875
-0.940937
-0.26684
-0.0381772
-0.967914
0.273188
-0.746559
0.0209656
0.908554
0.327605
0.0646064
0.338622
0.494988
-0.534848
0.397729
-0.342323
0.665888
0.870563
0.482607
-0.765968
-0.855446
0.618534
-0.732584
0.917495
-0.131289
0.676214
0.678897
-0.464116
0.20888
-0.0780764
-0.755507
-0.770337
0.0836049
0.308926
0.471885
0.875882
0.521321
-0.771637
-0.775097
-0.678497
0.181963
0.483247
-0.0160446
-0.565922
0.336854
0.90814
0.370103
-0.713014
0.494949
-0.191362
-0.847084
0.539444
0.594386
0.122286
-0.383969
0.6315
0.332576
-0.75699
0.432145
0.777479
-0.526092
0.959907
-0.243988
0.442608
0.884924
-0.243923
0.542648
0.208278
0.937858
0.764938
0.669209
0.444882
-0.140606
-0.312944
0.367476
0.379842
0.365154
-0.528346
0.189251
0.482091
0.677523
0.565006
0.39198
0.519526
-0.821042
0.412927
0.117544
-0.714454
-0.707194
-0.174326
0.394027
0.804764
0.223659
0.341554
0.540516
-0.507821
-0.307211
-0.767645
-0.920493
-0.122598
0.139034
0.0166455
-0.455027
0.356158
-0.112001
0.501146
0.602457
-0.837301
-0.759094
-0.803961
0.266166
-0.27584
-0.706617
0.515215
0.0861994
-0.328537
0.394603
-0.651961
-0.773109
-0.394726
0.580995
0.0360923
-0.950819
0.374743
0.0216545
0.487753
0.482418
0.185132
-0.496129
-0.641273
-0.868115
-0.462883
-0.201744
-0.604464
0.228406
-0.238618
0.340226
0.339882
0.551935
-0.436116
0.855716
-0.0846989
0.425993
-0.26034
-0.290985
0.84655
-0.529166
-0.583761
0.728024
0.804168
0.205006
0.187573
0.392999
-0.488537
0.470314
0.605224
0.551231
0.846625
-0.258871
-0.725829
0.967072
0.705998
0.193032
0.781421
-0.522187
-0.773215
-0.162904
-0.496091
-0.0125647
-0.324065
-0.808178
-0.359207
-0.018339
0.113973
-0.486772
0.0078176
-0.21787
0.588779
-0.756014
-0.286106
-0.510522
0.540421
-0.0927546
0.642784
-0.867594
0.301315
-0.96665
0.402385
0.663908
0.716476
-0.551891
0.178555
0.441828
-0.225192
0.0169519
-0.305361
-0.790961
-0.213012
0.877638
-0.209833
-0.940942
-0.34775
0.817287
-0.280583
0.942841
0.158495
0.762104
-0.851043
-0.747534
-0.374571
-0.136228
0.0279444
0.71534
-0.524881
0.187693
0.411658
-0.224129
-0.243316
-0.37665
-0.951259
-0.0155734
0.352022
0.736278
-0.0732997
-0.838593
0.64881
0.0591467
0.941994
-0.0788969
0.575354
0.593015
0.19927
0.132668
-0.62169
0.935432
-0.891714
0.617374
0.901155
0.460071
-0.943813
0.637818
0.0312665
0.306068
-0.439929
0.0173619
0.585247
-0.863613
-0.154675
-0.788937
-0.3166
0.172729
-0.103311
0.946873
0.669272
0.502643
0.648176
0.400846
0.912559
-0.732379
0.361774
-0.0910259
0.574598
-0.118474
-0.926108
-0.137761
0.380867
-0.534193
-0.705968
-0.691843
-0.261904
-0.448824
-0.885065
0.876437
-0.277393
-0.68577
0.442033
0.222506
0.0802496
0.15946
0.848641
-0.491916
0.913674
0.0148028
-0.304647
0.204641
0.0546735
-0.995907
0.738374
0.0204732
-0.367446
-0.880476
-0.368766
0.0590586
0.462131
-0.451512
0.182279
0.797696
0.923676
0.390398
0.0517201
-0.389806
0.902204
-0.0374579
0.120679
-0.266128
0.918338
0.0286119
-0.187563
-0.229468
-0.614561
0.265826
0.122934
-0.487382
-0.237156
0.781054
-0.685968
0.10328
-0.479172
0.246013
-0.535484
-0.281654
0.072057
-0.0473603
-0.699442
0.62725
0.14892
-0.569211
0.295063
0.446666
-0.275131
0.223459
-0.012811
-0.462236
0.679345
0.0701297
0.803837
-0.354796
0.884022
0.723996
-0.642336
0.384517
-0.422635
0.448325
-0.512757
0.0983079
-0.673986
0.636951
-0.539454
-0.772617
0.880477
0.381985
0.264043
0.275236
-0.453685
0.782429
-0.694805
0.190923
0.465087
0.121131
-0.672852
-0.427096
-0.273398
0.227295
0.217446
0.40147
-0.722299
0.0573495
0.858288
0.0372151
0.919096
0.77691
0.0246494
0.579989
-0.877499
-0.570201
-0.345142
-0.591804
0.157233
-0.456608
0.904534
0.00417566
0.936951
-0.474604
0.659276
0.230522
0.205691
-0.424736
-0.737071
-0.243993
0.37013
-0.257408
0.865254
0.614944
-0.81863
-0.287852
-0.726777
-0.965337
-0.660111
0.86285
-0.658808
-0.351439
0.0674487
-0.134118
-0.751618
0.346288
-0.26575
-0.846258
-0.691932
-0.76889
0.283867
-0.00315721
0.180056
-0.452511
-0.605046
-0.551162
-0.690973
0.355198
-0.128113
0.808974
-0.392275
-0.46589
0.506365
0.949231
-0.937818
-0.0893929
0.899713
0.340036
0.142665
0.797609
0.460223
-0.395703
-0.844854
0.904179
-0.959609
0.243913
-0.708685
-0.120103
-0.182848
0.767631
0.688815
-0.500237
0.675261
-0.325648
0.702364
0.36147
-0.191234
-0.688143
-0.317083
0.0486352
0.0056162
0.0264454
0.642841
0.0881755
-0.239178
-0.0811702
0.489832
-0.825228
-0.696557
-0.126754
-0.479175
0.19815
0.445257
-0.824576
0.25872
0.176352
-0.467986
-0.600058
-0.0758965
0.760922
0.415295
-0.33821
-0.565975
0.43419
-0.107594
-0.787886
0.349801
-0.469713
-0.507371
0.261108
-0.931373
0.86539
0.900266
-0.489333
-0.918772
-0.321152
-0.0898246
0.644438
-0.189322
-0.667714
-0.429361
0.892643
0.00598011
0.14282
0.408282
-0.710229
0.0627932
0.98529
-0.444184
-0.25313
-0.602093
-0.165468
-0.462338
0.965525
0.81938
-0.226696
0.857388
-0.0906482
-0.197975
-0.494305
-0.107318
0.853639
-0.856083
-0.0993674
-0.13452
0.603297
0.277358
0.0954652
0.793284
-0.000109239
-0.835984
-0.742845
0.199515
0.260925
-0.0103008
0.604651
-0.0850915
-0.172198
-0.0900412
0.00312507
-0.720333
0.976112
0.0310663
-0.0590091
-0.629209
-0.951217
0.681168
0.585054
-0.112794
-0.82834
-0.758792
0.273455
-0.263663
-0.896301
-0.230812
-0.0751335
-0.53756
-0.0613574
-0.976137
-0.442342
-0.422997
-0.628507
0.846782
-0.625293
0.618962
0.470042
0.0357207
-0.197676
-0.476602
-0.803296
0.450385
-0.00279322
0.297571
-0.655733
-0.915747
0.392215
0.46374
-0.522175
-0.577092
-0.680269
0.532667
0.183903
0.958825
0.702438
0.607264
0.702226
0.0364912
0.753468
-0.387382
0.524782
-0.841685
0.925944
0.375524
-0.974154
-0.244267
0.753903
0.934787
0.397508
0.0566491
-0.91236
0.0689671
-0.736495
-0.573369
0.653492
0.380757
-0.372797
-0.450009
0.329422
0.474347
-0.978072
-0.839859
0.48554
0.407365
0.991256
0.450891
0.499073
0.884177
0.324413
0.661879
-0.269735
0.53771
0.578243
-0.108682
0.0437841
0.837553
0.988774
-0.146145
-0.0486967
-0.038763
-0.813805
0.547055
-0.0864515
0.0925893
0.700676
0.107481
0.883869
0.147397
0.962056
0.76544
-0.0139363
-0.25369
-0.0139171
-0.931302
-0.0681311
-0.334769
-0.987014
0.588494
-0.5507
0.0782547
0.751701
-0.950868
0.555496
-0.834622
0.151283
0.0369726
0.84326
-0.568222
0.800284
-0.826036
0.84376
-0.164018
0.909944
0.567767
-0.437662
0.992117
-0.195536
0.368042
0.896622
0.629477
0.459753
0.833303
-0.185196
0.426401
0.597676
-0.827718
0.68504
0.41006
-0.960079
-0.654202
0.815717
-0.540415
0.196229
0.271099
0.376589
0.928938
0.451691
-0.174689
0.281071
0.254984
0.628919
-0.923467
0.124649
-0.791233
0.340275
0.161864
0.13208
0.618287
-0.881353
0.0121383
0.156537
0.97633
0.691752
0.734633
-0.596132
-0.35062
-0.291903
-0.568375
-0.775517
0.378075
0.784802
-0.937969
-0.626905
0.653614
0.42802
0.685188
0.899025
-0.225032
0.704319
0.0966464
-0.477157
-0.116888
-0.383659
-0.27929
-0.437029
-0.487529
-0.717461
-0.999541
0.910801
-0.160027
-0.374424
-0.665382
-0.360378
0.434207
-0.824179
0.923691
0.626748
-0.284799
-0.673188
0.0548681
-0.725301
0.835771
0.163639
0.849523
0.329285
0.179681
-0.753613
0.946849
0.264948
-0.632741
-0.0793283
0.326005
0.294241
-0.373753
0.612739
-0.764568
-0.450386
0.996753
0.485572
0.941602
0.443423
-0.52719
-0.497707
-0.0481114
0.797556
0.56451
-0.943165
-0.592488
0.665326
-0.575107
0.569657
-0.793296
0.792135
0.821206
-0.657299
-0.124981
-0.803896
0.360851
0.515075
0.74105
-0.246185
-0.349031
-0.719027
0.79943
0.936971
-0.139453
-0.0473088
-0.835067
0.657265
0.551885
-0.281459
-0.779216
0.460946
0.75853
-0.673161
0.50979
0.274862
-0.731653
-0.563138
-0.12003
-0.953579
-0.891398
-0.190397
0.384238
-0.118747
0.612022
0.313959
0.696085
-0.810904
0.0712235
0.0656129
-0.866703
-0.84928
-0.232253
-0.17044
-0.656012
0.50945
0.56851
0.0382754
0.617804
-0.00396616
-0.415979
-0.155976
-0.544222
-0.533522
0.556768
0.555142
0.337375
-0.452047
0.193811
-0.245043
-0.27986
0.0931997
-0.161415
-0.586552
0.0539701
0.304042
0.739043
-0.845963
-0.731095
0.815524
-0.780025
-0.129619
0.624453
0.389397
-0.775149
-0.549367
-0.65513
-0.780173
-0.629524
-0.249371
0.341687
0.770112
0.254855
0.468609
0.0711249
0.407746
0.401416
-0.631459
-0.643811
0.719989
-0.749587
0.372271
-0.399772
0.128651
0.231004
0.307905
-0.689566
0.877749
-0.34912
-0.2104
-0.481083
0.262165
0.833032
-0.746837
-0.653494
-0.409817
0.0396757
-0.968134
0.581506
-0.504377
-0.670702
-0.401941
0.800708
0.304341
-0.349749
0.339444
-0.808524
0.948742
-0.159004
0.804804
0.902851
0.835085
-0.365532
0.175621
0.381827
0.599695
0.989492
0.936521
0.424705
0.220041
-0.214569
0.816778
0.287008
-0.442582
-0.461455
-0.31031
-0.60071
0.087629
-0.422858
-0.284155
0.164712
0.750849
0.838122
-0.564361
0.448426
-0.808623
0.278568
-0.698971
-0.574521
0.420905
-0.413073
-0.567991
0.674072
0.805877
0.802011
-0.925104
0.736629
0.813791
-0.788989
-0.183367
0.0430904
-0.820277
-0.862649
0.0344832
-0.873775
-0.217409
-0.78769
0.649694
-0.208597
-0.292763
0.0912718
-0.443036
0.0302258
0.936359
0.694832
0.260238
0.573518
-0.143558
0.309453
-0.797478
-0.254786
-0.303499
-0.613255
0.0916505
-0.0778901
0.375158
-0.120387
-0.942548
0.766673
0.695837
-0.96822
0.126713
0.785624
0.882906
-0.0462051
0.715194
-0.969858
0.716699
-0.802204
0.687318
-0.539346
-0.96216
-0.507864
-0.0303913
0.403795
0.244692
0.391288
-0.112663
-0.62598
-0.927758
-0.750735
-0.928293
0.382447
-0.0908877
-0.223327
0.231695
-0.204918
-0.697908
0.279683
0.0525417
0.418761
-0.325181
0.548627
-0.78172
-0.503379
0.114459
0.677891
0.754656
-0.536456
0.493007
-0.70318
0.0457433
0.64475
0.0623372
-0.678184
-0.671505
0.216096
-0.284456
-0.907007
-0.440987
0.355121
-0.414589
-0.926526
0.959608
-0.258955
-0.137545
-0.11554
0.276056
0.333115
0.31444
0.780521
0.475818
-0.387388
0.41185
-0.99546
0.258032
-0.376979
0.639536
0.786217
-0.272742
-0.869223
0.0451448
0.586212
0.351756
0.261816
0.967821
-0.833165
0.514848
0.912845
-0.921511
0.874981
-0.629904
0.492433
0.776565
0.229751
-0.754683
0.076748
0.550885
-0.962062
-0.864584
0.638106
0.873473
0.144095
0.710696
0.789282
-0.00582254
-0.494427
-0.169509
0.986373
0.755884
0.101751
-0.041465
0.017873
0.174976
-0.471571
-0.603711
-0.237823
-0.427552
0.184437
0.941596
0.345191
0.41937
0.907599
-0.728335
-0.0407842
0.459068
-0.67923
-0.127709
0.599982
0.812326
-0.295457
0.060498
-0.467292
0.0644961
0.484177
0.619275
0.732869
-0.127026
-0.0484512
0.0872147
0.73491
0.048242
-0.603059
-0.280837
-0.323989
0.468498
0.197877
0.845896
0.615329
0.644749
0.0395455
-0.156477
-0.955263
-0.0745053
0.0202295
-0.462313
0.379308
-0.612717
0.136073
-0.637934
-0.98212
0.480535
0.651648
0.503901
-0.334306
0.7968
-0.144245
-0.223023
0.349908
-0.663131
0.349082
0.572119
0.467564
-0.505476
0.979775
0.341481
0.301788
0.982291
-0.619267
-0.597828
-0.732699
0.989547
0.85628
0.397096
0.126611
0.07226
-0.635674
0.876739
-0.201117
-0.0543096
-0.0109642
-0.545608
0.282155
-0.651671
-0.894437
-0.0231343
-0.236611
0.952084
0.89206
-0.805724
-0.234073
-0.633741
0.241436
0.909945
0.571984
0.185091
-0.195605
0.209199
-0.706419
0.842344
0.157308
-0.194063
0.00875325
0.507591
-0.558599
-0.208981
0.369498
0.243548
-0.840787
-0.101918
0.249484
-0.436075
0.546873
-0.143727
0.471433
0.28819
0.422417
-0.112771
-0.435069
-0.677483
0.116921
0.94707
-0.141773
0.191794
-0.0133654
0.340353
0.470334
0.938781
-0.847887
-0.942291
0.0992568
0.275745
0.10459
0.5491
-0.845429
0.235265
-0.442514
-0.314008
-0.50724
0.454237
0.490365
0.142956
-0.431466
-0.355087
0.985749
-0.740824
0.0376944
-0.147177
0.728714
-0.715265
0.788566
0.0695142
0.459606
0.352999
-0.965791
-0.291107
-0.200941
0.896529
0.070868
-0.910024
-0.899257
0.322071
-0.584652
-0.245768
0.658384
-0.761047
-0.510192
-0.0300882
-0.623801
-0.433893
-0.0201723
0.424806
0.9105
0.910418
0.536878
-0.404339
-0.377432
0.0164026
0.584064
0.375147
-0.301239
0.251644
0.748508
-0.382198
0.275212
-0.852768
-0.614164
-0.195527
0.530889
0.423383
0.113537
-0.808827
0.857765
0.230852
0.750451
0.154234
0.383807
-0.368666
0.736754
0.925212
-0.918878
-0.109615
-0.630282
0.13515
-0.0210062
-0.592191
0.654539
-0.149364
-0.894038
0.667705
0.283495
-0.256396
0.75121
-0.215131
-0.613621
-0.0707638
0.660539
0.321543
-0.454262
-0.904148
0.481767
0.230768
0.330529
-0.0290088
0.51792
-0.697503
0.0997516
-0.531387
0.319819
-0.310294
-0.332224
0.675647
-0.841871
0.793683
0.718764
-0.220446
-0.58453
-0.20671
-0.698539
-0.312294
-0.824767
0.0473721
0.898185
0.785607
0.583537
-0.490474
-0.974837
0.396075
-0.0205949
0.32064
0.483686
0.377006
-0.17242
0.299358
-0.730315
-0.189971
0.539116
0.0881444
-0.762019
0.266634
-0.414648
-0.918876
-0.070413
0.556176
-0.397073
-0.749181
-0.929996
0.887663
0.674758
0.338922
-0.576255
0.390061
0.377276
-0.647588
0.485045
-0.907154
0.21016
0.44046
0.908657
0.0605703
-0.25261
0.149456
0.44467
-0.689612
0.100553
0.934507
0.683277
0.904351
-0.0799944
-0.869952
-0.210397
-0.422964
-0.071592
-0.259708
0.341789
0.481197
-0.339914
-0.0989352
-0.870584
-0.841918
0.0106751
0.687106
-0.105674
0.349806
-0.384928
-0.485978
-0.776371
-0.959829
0.552914
0.0252885
-0.801197
-0.515385
-0.953393
-0.76324
-0.241091
-0.108551
0.255489
0.114831
0.930447
-0.30829
0.21559
0.330998
0.848479
-0.21575
0.0997533
-0.501302
-0.231022
-0.599297
0.707957
-0.129969
-0.25694
-0.381872
-0.36071
-0.142575
-0.290737
0.0134383
-0.115186
-0.907793
0.475279
0.682889
0.383765
0.0561291
0.468568
0.369825
0.735089
0.0648347
0.176057
-0.42039
0.0610341
0.541575
-0.828373
-0.313769
-0.495905
-0.880304
-0.474679
0.407557
0.22813
-0.876155
0.0239885
-0.528448
0.484775
-0.444066
-0.267291
-0.632365
0.247756
-0.362533
-0.669807
0.625183
-0.46486
-0.306601
0.485534
0.302865
-0.0386645
-0.158332
-0.0133131
0.219656
-0.690369
-0.619256
-0.399427
0.934261
0.559578
-0.46004
0.466996
-0.0470991
-0.309195
-0.980421
0.923924
0.543156
0.749232
0.795624
0.210639
-0.638121
-0.140249
0.683091
0.7787
0.985622
-0.868313
-0.794685
0.56485
-0.220972
0.698279
-0.0439938
-0.363197
0.286884
-0.542038
0.0449004
-0.521874
-0.518935
-0.364804
0.399597
-0.0786918
-0.0983714
0.606766
0.334374
-0.647529
0.470443
-0.345405
-0.015327
0.494751
-0.504247
-0.479054
-0.879087
-0.137721
-0.0588571
0.924713
-0.31123
0.0492657
0.602835
-0.479106
0.360868
0.803504
-0.953458
-0.860089
-0.179382
0.784876
-0.69548
-0.155459
0.157072
-0.163918
0.592426
-0.698929
-0.873449
-0.737036
-0.658816
-0.496052
-0.349669
0.690877
-0.975458
0.961133
-0.757403
-0.50587
0.370416
-0.457595
-0.675615
0.384655
-0.109736
-0.66649
0.131241
-0.486002
-0.17363
-0.0259195
0.195773
-0.393971
-0.857542
0.510972
-0.981675
0.966462
-0.5555
0.761118
0.711997
-0.462157
0.0093538
0.601114
-0.284313
-0.493482
0.718913
-0.718945
0.174452
-0.273604
0.765695
-0.731722
-0.707964
0.00712136
0.202077
-0.923881
-0.825902
0.0920456
0.562124
0.199887
0.505389
-0.451206
-0.782868
0.323406
-0.25912
0.224717
-0.996889
-0.758814
0.899216
-0.0208636
-0.194734
-0.269481
0.803856
-0.0309261
0.414415
0.00121402
-0.717628
-0.809071
0.753097
-0.616804
0.690267
0.901333
0.441223
-0.389597
0.414516
0.691787
0.322659
0.298504
0.0357688
-0.389141
0.0714944
0.618935
0.00463634
-0.442024
-0.0838182
-0.893716
0.0924666
0.639396
0.440954
0.208589
0.163534
0.0837379
0.544448
0.343494
0.008915
0.226069
0.722883
0.765636
-0.718373
0.783652
0.850526
-0.935526
0.307236
0.186442
-0.60341
-0.184452
-0.189683
-0.747166
-0.19267
-0.696726
-0.975714
-0.339657
-0.773416
-0.552597
0.313207
-0.955805
0.943123
0.89529
-0.75218
-0.0951651
0.251427
0.0908991
0.415575
-0.625916
-0.852105
0.523446
0.812271
-0.223762
-0.0726965
0.29983
0.195264
-0.952133
0.412738
0.929216
0.123644
0.443037
-0.0192858
-0.797582
-0.00564269
-0.471681
-0.450863
-0.0210175
-0.781476
-0.396774
0.278892
-0.256318
0.0741527
-0.946066
-0.112553
0.220716
0.123265
0.0856399
0.389495
-0.126855
-0.165304
-0.703063
0.00434627
-0.317165
-0.32445
-0.274405
-0.711025
-0.318658
0.704702
-0.584874
0.144885
-0.12842
-0.355507
-0.0681621
-0.856129
-0.861977
-0.787509
-0.433826
-0.899619
-0.765245
0.297306
-0.108657
0.464405
0.644153
-0.98207
0.327702
0.688058
0.890666
0.890069
-0.135535
-0.443512
0.0408305
-0.681986
0.794582
-0.303855
-0.607694
0.180332
0.191863
-0.857485
0.459904
0.360787
0.437143
0.404195
0.96687
0.307189
0.386682
0.839895
-0.890677
-0.0814054
0.537868
0.243843
-0.876303
0.528755
0.68905
-0.555453
0.550622
-0.378292
-0.434548
0.0904766
0.313574
-0.783704
-0.724815
-0.117228
0.0151148
-0.0600539
0.932251
0.894844
0.867704
-0.453821
0.49574
0.113964
-0.633436
0.358624
-0.785958
0.638602
-0.909273
0.722775
0.949481
-0.730018
-0.195402
0.618949
0.238707
-0.841218
-0.342606
0.905162
0.56094
-0.701694
0.900468
-0.0905241
-0.112422
0.427748
-0.883404
0.665135
-0.793292
0.860168
0.510188
0.960574
0.96496
-0.681902
0.209033
-0.497375
-0.45982
-0.94964
-0.931025
-0.404726
0.243804
-0.540908
-0.0940167
-0.568749
-0.0564484
0.285415
-0.10275
-0.743923
-0.928303
0.217778
-0.140778
-0.205664
0.880912
0.68387
-0.255627
0.680588
-0.173887
-0.355883
-0.382939
-0.16688
-0.067737
-0.710709
-0.0166293
0.728413
0.346406
-0.291535
-0.385448
-0.219978
0.282018
-0.957505
0.482299
0.179579
-0.474385
0.349477
-0.910543
0.488736
0.884849
-0.509659
-0.0682859
-0.936211
-0.214641
0.605058
0.756515
-0.417096
0.179177
0.900587
-0.0866796
-0.741997
-0.673804
0.706306
-0.748184
0.81676
0.995503
-0.532117
-0.948942
0.793357
-0.763205
-0.656598
0.655126
0.718522
-0.28933
0.538611
-0.405973
-0.716564
0.0710014
-0.667208
-0.93513
0.955113
0.558532
0.0727022
-0.203193
-0.834355
0.630874
0.819344
-0.829764
0.430798
-0.863091
-0.392186
-0.969047
-0.765385
0.938253
0.402103
0.925746
0.0545479
0.0159181
0.440939
0.967339
0.192882
0.260547
0.770477
-0.726262
-0.305866
0.836117
-0.141233
0.267327
0.235091
-0.374436
-0.865379
-0.71987
-0.366055
-0.612964
0.975907
0.585762
0.78469
-0.820447
0.401951
-0.63809
-0.608178
0.0588591
-0.890639
-0.447455
-0.986664
-0.641622
-0.735263
-0.98764
0.0808456
-0.94616
-0.686091
0.0416582
0.230055
-0.640572
0.911081
-0.455482
0.707384
0.375759
-0.016949
0.354477
-0.243144
-0.490539
-0.0654193
0.119987
0.230399
-0.866186
0.830134
0.788823
0.39754
0.599889
0.240156
-0.61258
0.429941
0.852167
-0.479359
0.113866
-0.276944
0.85953
0.776788
0.980236
-0.0314551
-0.475821
0.326193
0.452142
-0.599533
-0.258707
-0.968605
-0.347833
0.417878
0.951793
5.34636e-05
0.898562
-0.00599724
-0.430679
0.862719
-0.860142
-0.0664338
-0.929784
0.439405
-0.822244
0.337618
-0.380997
0.339696
0.422295
-0.162655
0.698376
0.57205
0.302681
-0.132749
0.255328
0.422222
-0.402978
0.495955
0.729294
-0.965782
-0.137263
-0.374528
-0.422848
-0.129285
0.228813
0.60447
-0.127439
0.137578
0.659919
-0.0922033
-0.212682
0.413965
-0.562091
-0.645707
0.97853
-0.571708
0.441164
-0.37283
-0.999858
-0.42382
0.666458
-0.675962
-0.443747
-0.916603
0.0103234
-0.224828
0.134353
-0.423881
0.632513
0.251238
-0.0860331
0.12462
-0.268947
-0.330807
0.354435
-0.944216
0.860028
0.149767
0.680375
-0.747053
-0.282613
-0.048042
0.964148
0.799613
0.0137339
-0.14774
-0.722653
-0.906549
-0.750049
0.608285
0.749889
-0.298159
-0.237793
-0.928072
0.0961237
0.859783
0.0415673
-0.298241
-0.608941
-0.769666
-0.755595
-0.244731
-0.0338996
0.682744
0.941409
0.201079
0.423094
0.259365
-0.0942948
-0.244348
-0.598783
0.347712
-0.449642
0.497648
0.0512034
-0.0745754
-0.158214
-0.0369326
-0.172159
-0.437857
0.709887
-0.801852
0.597884
0.67297
0.398462
-0.026611
-0.426616
-0.21312
0.0521388
0.646555
0.278007
0.997865
-0.952714
0.643084
0.185322
-0.314638
0.0183309
-0.250381
0.484563
-0.0189405
0.00552119
0.42966
-0.868332
-0.101233
-0.370916
-0.944102
0.773503
0.0141132
0.227093
0.81442
0.779741
0.361827
-0.195997
-0.369733
-0.188788
0.304231
-0.202713
0.240965
0.987671
0.441882
0.683057
0.203096
0.199622
0.0540599
0.814104
-0.523883
-0.161789
-0.881158
0.291291
0.293088
0.373033
0.417015
-0.552262
0.941042
0.0367274
0.723094
0.319999
-0.285154
0.486046
-0.210369
-0.948555
-0.822523
0.640822
-0.709093
-0.965812
-0.645404
-0.0480406
0.987396
-0.18255
-0.34703
-0.195487
0.199255
-0.113938
0.0678458
0.540198
-0.854977
-0.626313
-0.523913
-0.672551
-0.36324
0.563704
0.629403
0.210085
0.184638
-0.801189
-0.375103
-0.0743269
0.0193866
0.492599
0.570255
0.255783
-0.0514534
0.872701
-0.81947
0.705465
0.243537
-0.0271087
0.33026
-0.547231
0.125584
0.938217
0.792426
0.705805
0.944876
0.223794
0.608187
0.0989732
0.509207
-0.520318
-0.485083
0.280611
-0.485185
-0.434463
0.510056
0.75092
0.0414086
-0.965095
0.404671
-0.160371
0.953582
0.948377
0.825303
0.964344
-0.0302358
-0.104904
0.307445
0.703996
0.671999
-0.917759
0.694888
0.205751
-0.421333
-0.774625
-0.740953
0.867243
-0.198548
0.992734
-0.830792
-0.853158
-0.170191
-0.47693
-0.305435
-0.040743
0.152049
-0.215129
-0.583992
-0.161148
-0.105594
0.698276
-0.106329
-0.652194
-0.675957
-0.35976
0.819349
-0.737685
0.544709
0.721091
0.776288
0.574323
0.372705
0.899719
0.438382
0.111404
0.587152
-0.976629
0.406955
-0.897301
0.069896
0.876033
-0.0671486
0.177917
-0.287356
0.60985
-0.0760903
0.503649
-0.565353
-0.236679
0.809765
0.912482
-0.0213626
-0.581274
-0.724341
-0.145497
0.857008
-0.484398
0.785167
0.187295
0.730961
-0.0835244
-0.954645
0.314626
-0.222772
0.55919
-0.991907
-0.403205
0.681312
0.00131405
-0.0363997
-0.215029
-0.912564
0.639731
0.0694728
0.76389
-0.956622
-0.793308
0.590087
-0.892013
0.58349
-0.280434
0.454257
0.818566
0.211401
0.167156
0.706869
-0.280521
0.993538
0.685357
-0.370817
-0.29125
-0.595435
0.375016
0.610531
0.37764
-0.519247
0.505302
-0.916141
0.775449
-0.535778
-0.234856
0.326057
0.172062
0.809962
0.213743
0.415966
0.938202
0.543655
-0.995337
-0.798579
0.370961
0.715829
0.687759
-0.130911
0.0234684
-0.268943
-0.263914
-0.10957
-0.886817
0.548731
-0.0380426
0.294958
0.677462
-0.468255
-0.118052
-0.830261
-0.919503
0.506668
0.0387271
0.20937
-0.835579
-0.948645
-0.332472
0.50477
0.266272
-0.505953
-0.0217001
0.8673
-0.240044
0.490387
0.500558
-0.284004
0.702451
0.827545
-0.596563
-0.582761
-0.597071
0.996454
0.455448
-0.27843
0.0142634
0.751955
-0.686088
0.0843926
-0.574178
-0.936958
0.354606
-0.0749716
-0.81612
-0.225409
-0.630287
0.0546955
-0.625998
-0.235104
0.14971
0.710817
0.82287
-0.810483
0.147014
-0.470553
0.500647
-0.789895
0.706832
-0.901366
-0.00315164
0.273616
-0.561368
0.507614
-0.172167
-0.558995
0.262855
-0.682526
0.713579
-4.89003e-05
-0.821868
-0.47222
0.616794
-0.857672
0.324908
-0.141493
0.907051
0.183996
0.518916
0.0420743
0.222998
-0.759703
-0.041642
-0.956669
-0.585889
-0.91104
0.141056
0.870551
0.282268
-0.749705
0.376289
0.898814
-0.76834
-0.603849
0.560216
0.259229
-0.390784
0.578633
-0.551858
-0.389372
0.191781
-0.243561
0.616403
-0.428399
-0.0568297
0.87799
-0.296532
-0.00475685
0.416528
0.388088
-0.657041
-0.782711
0.968153
-0.259232
0.342238
-0.0896845
0.998362
0.405451
-0.0576627
-0.122483
0.070971
-0.178768
-0.0169304
0.667407
0.270123
-0.0223665
0.668494
-0.576476
0.680601
-0.950643
0.335724
-0.0938525
-0.8105
0.866335
-0.33661
-0.806778
0.17719
0.624793
-0.0230522
-0.85703
0.110159
-0.349741
0.483715
0.862697
-0.231304
-0.353869
-0.662137
-0.060456
0.174632
-0.245957
0.477236
0.446896
-0.399633
0.463202
0.563145
0.241054
0.485312
0.577223
0.877501
0.596525
0.954395
-0.51536
-0.530949
-0.43351
-0.592007
0.743153
-0.0107614
-0.136885
-0.0104078
-0.193954
0.835392
0.804191
0.5903
-0.315429
-0.274118
-0.886824
0.432949
-0.830985
0.0285421
0.759861
-0.422841
-0.00757755
-0.869312
0.542375
0.627379
0.318004
-0.694052
0.847827
0.933531
-0.715792
-0.0787653
-0.333566
0.227838
0.330927
-0.353554
-0.361476
0.101321
0.843258
-0.606398
0.851515
0.68656
0.837083
0.104562
0.0715
0.713064
-0.649377
0.53524
-0.803755
0.741897
0.00454093
-0.045533
-0.111014
-0.0310114
0.980705
-0.152599
-0.0332789
-0.00761156
-0.440813
-0.850448
0.246617
0.622312
0.527431
0.545053
-0.606687
-0.00687307
0.970965
0.892137
-0.497482
-0.257969
0.439413
-0.688456
-0.590394
0.7338
0.524476
-0.993744
0.97344
-0.766492
-0.661467
0.195785
-0.192835
-0.466713
-0.322715
-0.239003
0.867275
-0.64961
0.616211
-0.646356
-0.935721
-0.9726
-0.249275
0.958757
0.552028
-0.871923
-0.218845
-0.802655
-0.900716
0.930131
-0.616131
0.998245
0.429982
0.534892
-0.662242
-0.828407
-0.879231
-0.55022
0.140583
0.930272
-0.248531
-0.665988
-0.55464
-0.908443
-0.450596
-0.541199
-0.97588
-0.132777
0.777045
0.296296
0.0466398
-0.408638
0.734136
-0.949169
0.980993
0.69314
0.935708
0.752091
0.595814
-0.994599
-0.396144
0.859929
0.482214
0.756352
-0.150616
0.173115
-0.622155
-0.892029
0.322867
0.80056
0.803752
-0.786341
0.191861
-0.890533
0.334627
0.591039
0.11276
0.247608
-0.850701
0.00223679
0.472085
0.236743
-0.719525
-0.574917
0.760151
-0.554994
-0.859464
-0.674355
-0.557258
0.334611
0.321414
0.493405
-0.013708
0.582263
0.222496
0.925152
-0.927866
-0.556748
-0.208252
-0.498092
-0.526304
0.38355
0.444218
0.823948
-0.811153
-0.121306
-0.2732
0.54451
0.387466
-0.101898
0.579394
0.2402
-0.865355
-0.316571
0.653292
0.0143124
0.575988
0.247783
0.0977448
0.984446
0.479391
-0.579629
0.921738
-0.0607933
-0.495938
-0.434256
0.993651
0.578662
-0.0545434
-0.939338
-0.520177
-0.126486
0.0376797
-0.3931
0.788391
0.141581
-0.421261
-0.580797
-0.695858
0.622356
0.271693
-0.755925
-0.791542
0.155054
0.168784
0.954493
-0.872536
0.598004
0.680689
-0.475907
0.884847
-0.540086
0.736658
0.312017
0.176062
-0.332984
-0.109004
0.641928
0.875243
0.77003
0.884278
0.0108834
0.187338
0.453457
-0.625107
0.749741
-0.772082
0.87339
0.756424
-0.946988
0.518277
0.303888
0.165065
0.688651
0.86043
-0.212897
0.802965
0.11568
-0.91951
0.384504
-0.645994
0.155697
-0.147104
0.967442
0.916275
-0.526138
0.185331
-0.151792
0.545092
-0.958947
-0.753461
0.494845
-0.940396
0.82214
0.0497004
-0.212601
0.780782
-0.258549
-0.308019
0.783726
0.0963195
-0.971091
-0.000481674
-0.0954906
-0.219146
-0.859559
-0.269544
0.745753
0.556046
-0.581656
0.989885
0.540866
0.386563
0.834911
-0.292439
0.532443
0.428404
0.134777
-0.28792
-0.883682
-0.00829906
0.126026
-0.761666
0.207285
-0.753173
0.34537
0.420464
-0.820711
0.975123
-0.600934
0.317429
0.774411
-0.852839
-0.810614
0.950808
-0.554683
-0.626722
0.713739
-0.311656
0.888804
-0.28137
-0.27109
-0.240408
0.364325
0.664626
-0.348491
-0.629363
-0.549924
-0.0152166
0.350108
0.693855
0.967777
-0.56831
0.309822
-0.591532
-0.390356
-0.340848
0.339305
-0.139087
-0.905521
0.531514
-0.184238
-0.601019
0.879616
-0.0868565
-0.714943
0.186889
-0.099136
-0.245006
-0.670069
0.22844
-0.664267
-0.749434
0.945907
-0.558631
-0.745156
-0.521098
0.528504
0.461079
0.00248457
0.63658
0.358473
-0.327002
0.0689161
-0.592437
0.52047
0.0456137
0.467005
-0.888925
-0.752104
-0.816324
-0.658861
-0.254445
0.427469
-0.574388
-0.469327
0.992588
-0.276909
0.451885
-0.912175
-0.928514
0.662162
0.479367
-0.975863
-0.835688
-0.770384
0.292848
0.330929
-0.311047
0.125345
0.910129
0.672906
0.324404
0.513391
0.557942
0.157068
-0.226139
0.218729
0.847357
0.0413421
-0.0824573
0.979786
0.528031
-0.492419
-0.537138
0.0251455
-0.204124
0.64662
0.365512
-0.510089
-0.3051
-0.403677
0.746503
-0.960097
-0.950949
0.180018
-0.0926155
-0.141695
0.514624
0.147774
0.291876
0.115048
0.589537
0.985447
-0.819494
0.306611
-0.322459
-0.945506
0.297675
-0.898608
0.228915
0.315328
-0.431155
0.867854
-0.926224
0.033378
0.67186
-0.249804
-0.936608
0.246141
0.620609
0.0300257
0.573105
-0.0929695
0.0314421
0.256907
0.83453
-0.691887
-0.00605219
-0.354198
-0.19288
-0.223511
0.146955
-0.466664
-0.490932
-0.673069
-0.0712574
-0.636203
-0.0111042
-0.898165
-0.450683
-0.999069
0.844356
0.854749
0.786599
-0.866684
-0.537375
-0.956675
-0.682639
0.812753
0.882213
0.431405
-0.670766
-0.487965
0.0858959
-0.429543
0.846421
0.4389
0.807
-0.443229
0.789249
0.555951
-0.183911
-0.0906751
-0.650276
-0.564247
0.356432
-0.513666
-0.176448
0.850803
0.710216
-0.275895
-0.630934
-0.825824
0.397553
0.814359
-0.252266
0.920081
0.209539
-0.991406
-0.973132
0.931656
-0.0998774
0.415978
0.139566
-0.163944
0.156877
-0.436461
0.0566006
-0.727847
-0.825751
0.625341
-0.81453
-0.6294
-0.159944
-0.981055
-0.729363
0.807167
-0.63518
0.16972
-0.444774
0.944454
0.131251
-0.309708
0.50683
-0.34382
-0.494302
-0.0705091
0.940474
-0.509681
-0.450844
-0.709341
-0.143869
-0.907106
0.00627343
-0.0491042
-0.888574
0.137836
-0.127552
0.229117
0.703766
0.812912
0.550663
-0.697049
-0.394664
0.619726
-0.813511
0.490001
-0.987436
0.508828
-0.89139
-0.0605981
0.785722
0.52459
-0.0702401
0.461546
0.836099
-0.445844
-0.0373838
0.367156
-0.00252692
-0.34825
0.406587
-0.0756699
0.568728
0.711952
-0.217701
0.425659
-0.873019
0.478012
-0.624581
-0.537399
-0.351199
0.0967897
-0.0679621
-0.49504
0.656799
0.70961
-0.467765
0.12604
-0.523493
-0.606105
0.775999
-0.276317
-0.710827
-0.997112
-0.51625
0.636739
0.0320509
0.489687
-0.249807
-0.981507
-0.340303
-0.623851
-0.272512
-0.0174287
-0.708421
0.316069
0.0336144
0.645817
-0.126023
0.816366
0.364948
-0.995302
-0.221379
0.849494
0.831059
-0.78537
-0.603996
0.0989427
0.995369
0.335209
0.373456
-0.603091
-0.814163
0.546234
0.232103
-0.352144
-0.780806
0.860834
-0.419267
0.816136
0.49492
-0.665657
-0.988228
-0.811541
-0.636991
0.855818
-0.36689
0.468898
-0.19248
-0.5027
-0.606452
-0.0679011
-0.468958
0.182238
0.108932
-0.846696
0.0625362
0.665811
0.576337
-0.00660567
0.465029
0.136872
-0.203264
-0.0281832
-0.728499
-0.785358
-0.408443
0.00508429
-0.913249
-0.865623
0.304179
-0.0716455
-0.1577
-0.389997
-0.314614
0.429265
-0.514271
0.772479
-0.201696
-0.790003
0.885435
0.348198
-0.279964
0.345306
0.34652
-0.36541
0.225505
0.248382
0.157536
-0.358337
0.607196
0.558539
0.19498
-0.724824
-0.273351
0.00437771
-0.788854
-0.910239
-0.520399
-0.853495
0.284537
0.261175
-0.809452
-0.655353
-0.54137
-0.853558
0.226889
-0.612309
-0.135767
-0.348068
0.467966
0.25294
-0.593984
0.635106
-0.427478
0.418151
0.543291
-0.108863
0.00417174
0.871197
-0.979262
-0.717793
-0.58373
0.2438
-0.61293
0.546497
0.656196
-0.427446
0.969368
0.158466
0.275957
0.668297
-0.885714
-0.0267605
-0.938487
0.779892
0.90253
-0.564834
0.495839
0.781517
0.0979599
-0.521533
0.205423
-0.926663
0.66346
-0.81173
-0.808339
0.0495499
-0.742363
-0.833255
0.999201
-0.623193
0.784073
-0.191117
-0.729084
0.503848
-0.222384
-0.0338987
0.697786
-0.334011
0.749204
0.316315
-0.96035
-0.199432
-0.87029
-0.8992
0.279093
0.135768
0.364478
0.2402
-0.876295
0.666303
-0.277404
-0.864001
0.444795
-0.586852
0.0162112
0.367247
-0.472408
0.457525
0.506174
0.741074
-0.83092
0.117756
-0.140263
0.457225
-0.52885
-0.279225
-0.354994
0.556779
0.737589
-0.164285
0.411095
0.438063
-0.246692
-0.870726
0.892191
-0.59835
-0.494846
0.915553
0.467491
-0.726541
-0.996964
-0.021017
-0.773385
-0.0188156
0.104179
0.637865
0.825329
0.391802
0.521964
0.0382282
0.825451
0.447156
0.957908
-0.716475
-0.552894
-0.689339
0.69433
-0.182712
-0.0614046
-0.769515
-0.228909
-0.22211
-0.423598
-0.724993
-0.103622
0.722108
-0.256162
0.694854
0.628893
-0.346595
-0.8895
-0.420334
0.999937
0.753372
-0.989295
0.382745
-0.0935841
-0.297975
0.858684
-0.434736
0.934171
0.0392594
-0.965749
-0.583312
0.278793
-0.906435
-0.83304
0.603591
0.219962
-0.551415
-0.952903
0.465468
-0.597426
0.0317577
0.561671
0.58211
-0.356952
-0.231273
-0.832965
0.865908
-0.506417
-0.82295
0.461557
0.0348422
0.159639
0.857143
-0.212409
0.997714
-0.495696
-0.36503
0.616406
-0.373927
0.684806
0.476216
-0.696663
-0.912368
0.933812
-0.984695
-0.678758
0.809494
0.346739
0.312939
-0.447703
-0.154236
-0.425743
0.45834
-0.922464
-0.136174
0.935851
0.155587
-0.989697
-0.376128
-0.18102
-0.756247
-0.210719
0.28384
-0.453635
0.633243
0.509515
0.647012
0.951623
0.149498
0.152922
0.451317
0.654863
-0.708192
0.170028
0.7417
0.691542
0.214572
-0.764813
-0.560295
-0.589693
-0.608769
-0.878313
0.869035
-0.196664
0.531346
-0.00732984
-0.70607
-0.404182
-0.735421
-0.636603
-0.734422
0.154597
0.491293
-0.388274
-0.477613
0.340605
-0.415255
0.000307838
0.173825
0.314759
-0.988732
0.846192
0.582092
-0.661905
-0.16023
-0.790555
-0.380636
0.416071
0.715839
0.860634
-0.787763
0.411194
0.112112
-0.637242
0.634799
0.537669
0.892441
0.604436
-0.701675
0.213512
0.530668
0.71267
0.838983
0.914054
-0.731674
-0.901822
-0.666056
-0.691489
-0.318632
0.142872
0.275506
0.0806053
-0.984617
-0.367894
-0.405833
-0.3713
-0.41033
0.421686
0.713795
-0.374804
-0.0604993
0.446552
-0.189062
-0.302082
-0.916803
-0.355894
-0.567096
-0.3947
0.00719977
0.520006
0.244364
0.868636
0.223891
0.244402
0.50555
-0.746175
0.466566
0.858478
0.22805
-0.218357
-0.592408
0.995335
0.763251
0.441088
-0.653608
-0.335372
0.00521647
0.308256
-0.795182
0.212497
-0.519218
0.00637679
-0.311922
-0.583038
-0.239052
0.0342395
-0.969553
0.841636
-0.744393
0.296943
0.915878
-0.195211
0.834855
-0.236129
-0.0712273
-0.129771
0.0545773
0.509814
0.675312
-0.473125
-0.607137
-0.566531
0.0891453
0.0615448
-0.995818
0.235787
0.325217
-0.947953
-0.698687
-0.805134
0.68498
0.41224
-0.437838
0.039341
-0.594146
0.919477
-0.948142
-0.885192
0.74872
0.181281
-0.990199
-0.809049
0.122094
0.523257
-0.357938
0.315585
0.889122
0.0617978
-0.744144
-0.643119
-0.76423
-0.771725
-0.244363
-0.850859
-0.653792
-0.412477
-0.539766
0.104896
-0.427444
0.00195971
0.815175
0.465248
-0.305176
-0.68833
-0.465867
0.890063
-0.246302
-0.328261
-0.0880301
0.683016
0.520827
-0.077951
0.351811
0.199693
0.256207
-0.932244
-0.783279
-0.575863
-0.14092
-0.596283
-0.885396
0.307518
0.92506
-0.472914
0.949847
0.411656
-0.251023
0.692588
-0.326717
0.866223
-0.219203
0.306779
0.498011
0.158348
0.281571
-0.462235
0.689032
-0.85938
0.737704
-0.235654
-0.084681
0.727755
0.283552
-0.286952
0.387639
-0.194591
-0.870657
-0.065603
0.0327402
-0.0462691
0.639313
-0.952985
0.0813297
-0.809872
-0.709606
0.526453
-0.883303
0.368129
0.355631
0.154854
0.809518
0.76622
0.0882025
-0.784598
0.365723
0.0437033
0.48065
0.58632
0.154008
-0.419783
-0.849945
0.712245
0.698578
0.976899
-0.866738
-0.446535
0.463816
-0.255072
-0.104224
-0.394776
0.729042
-0.199564
-0.0872369
-0.107896
-0.858807
0.37243
-0.716736
0.185233
-0.807151
0.899108
-0.8287
-0.805196
0.635423
-0.0832854
-0.938865
0.433435
0.328436
-0.0850614
-0.665653
-0.916434
0.838999
0.172283
0.523638
0.0427632
-0.320935
-0.454894
0.597948
0.736087
-0.280317
0.421293
0.102156
-0.236553
0.915716
0.213204
0.364934
-0.224131
-0.276022
-0.75603
-0.55858
-0.890696
-0.39217
-0.706373
0.628999
0.427851
-0.150211
0.98589
-0.369578
-0.58028
0.986405
0.2826
0.82343
0.603962
-0.663834
-0.47319
-0.691223
0.157084
-0.951613
-0.976395
0.335101
0.560948
-0.568476
-0.482386
-0.647705
0.525986
-0.728085
-0.833098
0.630386
-0.378026
-0.955983
0.949436
-0.490234
0.058606
-0.144592
-0.0671512
0.134043
0.485541
0.418533
-0.161021
0.0348863
0.901508
0.385566
-0.922216
-0.962562
0.865854
-0.413184
-0.424487
0.444633
-0.321284
-0.312241
-0.94102
-0.659981
0.0490281
0.608936
0.679638
0.995412
0.0554257
-0.352451
-0.946882
-0.821863
-0.38242
0.546379
0.678334
0.187137
0.0667271
-0.261343
0.985107
-0.517984
0.623901
0.101446
-0.177456
-0.0940132
-0.511314
-0.760347
0.254873
0.76775
0.684797
0.322828
0.13812
-0.357368
-0.221368
0.0469836
0.368255
-0.646166
0.268675
0.766318
0.733876
-0.330755
0.228838
0.023837
-0.074848
-0.739
-0.548862
0.84742
0.1056
-0.608249
-0.133488
-0.158502
-0.866717
-0.0941761
-0.249164
0.81719
-0.901756
-0.546529
-0.190205
0.613249
-0.18578
-0.389747
0.889084
0.423175
0.618091
-0.168711
-0.731947
-0.495143
0.919731
-0.680628
0.489225
0.100338
-0.682191
0.346315
-0.821996
-0.622842
-0.439775
0.600799
-0.587823
-0.294426
0.259156
-0.614698
0.962727
-0.0907394
-0.730601
0.120926
-0.107672
-0.105815
-0.0110702
-0.326322
-0.62624
-0.30547
-0.626033
-0.826092
0.893233
-0.199011
0.209033
-0.497033
0.286077
0.0201592
-0.643834
0.334924
0.584012
0.500061
-0.639433
-0.0655596
0.762188
-0.433856
-0.409811
0.13654
-0.776628
-0.27908
-0.910244
-0.610198
-0.783081
0.748531
0.013693
-0.834909
0.321157
0.176433
-0.0999157
0.771771
0.0171146
-0.571841
-0.784899
0.309731
-0.124386
0.201651
0.0360547
-0.583972
-0.815285
0.810277
-0.603486
-0.462495
0.320323
-0.841703
0.612786
-0.968341
0.097
-0.532859
0.712498
0.94991
0.473748
0.0758108
-0.201242
-0.169833
-0.466878
-0.0930433
0.789751
-0.121725
-0.313094
0.845121
-0.419005
0.226668
-0.335102
-0.580434
0.390546
0.53966
0.229203
0.160497
-0.846036
-0.955123
-0.71568
-0.199477
-0.625834
-0.482895
0.926611
-0.53604
-0.633194
-0.687533
0.933133
-0.404125
-0.776575
-0.393053
0.566727
0.203569
0.144004
0.170662
0.396697
-0.579385
-0.0877238
0.829833
-0.26546
-0.970092
0.786388
-0.407828
-0.769144
0.0055266
0.520599
0.214242
-0.319031
-0.571785
0.16107
-0.216551
0.632378
-0.0272464
0.0159934
0.70565
0.340584
-0.764652
-0.853897
0.521676
0.188957
0.532877
-0.397973
0.255889
-0.282249
0.065826
-0.285332
0.492359
0.525758
0.549749
0.0706455
-0.648087
-0.899102
0.930237
-0.841001
-0.699698
0.321332
0.116788
0.696961
0.923233
-0.0611134
-0.875572
-0.302141
-0.909267
0.820437
0.548079
0.121722
0.271271
-0.840149
0.62077
0.729016
-0.63762
0.28196
-0.928203
0.899234
-0.716139
-0.903749
0.196879
-0.922626
-0.854765
-0.0683038
-0.237062
0.37123
0.224479
-0.00412176
-0.0310959
0.561125
-0.589946
-0.858391
-0.767331
0.351565
-0.947025
0.897203
-0.716025
-0.991071
0.654133
-0.966583
0.521685
0.334595
0.0660329
0.191538
-0.317574
-0.205599
0.967163
0.22928
0.445833
0.858127
0.326943
-0.069129
0.0150547
-0.0699532
-0.837272
-0.276024
-0.793067
0.645638
-0.131903
-0.654571
0.611366
-0.712313
-0.85047
0.888332
-0.209569
0.489875
-0.0996546
0.160651
-0.259864
0.717327
-0.247947
-0.844598
-0.914631
0.0368909
0.470859
-0.356451
0.195038
-0.736805
-0.781382
0.18212
0.112039
-0.8705
-0.427352
0.539828
-0.0612654
-0.429266
0.503217
0.295096
0.00517583
-0.374811
-0.165569
0.961789
0.266135
-0.804835
-0.419994
-0.401572
0.00289422
-0.60016
-0.801682
0.447984
-0.242585
-0.101849
0.40525
-0.42445
0.0804067
0.798964
0.109739
0.713099
-0.0586169
0.961119
-0.983154
-0.898121
-0.699583
0.252927
-0.824522
0.165259
0.947291
-0.418638
0.382358
-0.589555
-0.28208
0.906467
0.366594
-0.45059
-0.431799
-0.953066
-0.26657
0.488022
-0.112919
-0.924719
0.217329
0.435345
0.316501
-0.830824
-0.388192
-0.100425
0.20643
0.988524
-0.338903
0.903544
0.477644
-0.805684
0.430191
0.0505084
0.367366
0.521978
0.27378
0.203491
0.838496
-0.274199
-0.242245
0.615102
-0.164425
0.0735801
0.551456
0.641554
0.582232
0.699883
-0.210723
0.214667
-0.173954
-0.472333
0.707193
0.154839
0.549693
0.132654
-0.851772
0.12678
0.911306
-0.67628
-0.789536
0.747881
-0.917424
-0.797788
-0.457898
-0.781977
-0.817616
0.75212
0.0784283
0.669378
0.283015
0.810675
-0.915154
-0.764686
-0.427564
0.981477
0.835011
-0.60312
-0.30293
0.942727
0.228154
-0.471602
-0.13168
0.0938627
0.980867
0.583542
-0.411273
-0.438132
0.0910395
-0.347251
-0.918394
-0.968085
0.399271
0.574666
-0.98436
-0.0471615
-0.358068
0.137498
0.313614
-0.101777
0.614235
0.382175
-0.663013
0.340847
-0.34922
0.237999
0.389331
-0.892853
-0.527522
-0.0887339
-0.146435
0.201917
-0.62082
-0.575727
-0.859245
0.00103152
-0.784932
-0.246614
-0.563054
0.2918
0.851706
-0.236051
-0.765606
0.230388
-0.0406567
-0.519823
-0.171817
-0.692303
0.126416
-0.200739
0.288957
-0.821935
-0.593684
0.677081
-0.867931
0.634506
0.613983
0.140758
0.862877
-0.205367
0.871492
-0.0284531
-0.264043
-0.279224
-0.33847
-0.941408
-0.185809
-0.867917
0.871083
-0.891939
0.824953
0.074974
0.857487
-0.440758
-0.928753
-0.342564
0.60726
0.640688
-0.967064
-0.569818
0.100231
-0.472477
0.282728
0.977814
0.500437
-0.304144
0.66081
0.891047
0.294645
0.419079
-0.973809
-0.438543
-0.809597
-0.0909863
0.241255
0.858025
0.604917
0.386864
0.89341
-0.231079
-0.559852
-0.143423
0.579732
-0.192762
-0.241204
-0.0142768
-0.976795
0.616228
-0.368868
0.352646
-0.902454
0.839572
-0.306208
0.0936393
0.22628
-0.847141
0.594842
0.789976
-0.341269
0.258272
0.658288
-0.378003
-0.569436
0.514721
0.790598
0.106551
0.379659
0.282921
0.22483
-0.094923
0.319286
0.85172
-0.992294
0.219969
-0.437571
0.523262
-0.273723
0.760483
-0.964081
-0.676439
-0.46619
-0.538574
0.0278437
0.0219181
-0.204335
0.09636
-0.289278
0.42327
0.209064
-0.972824
-0.00716675
-0.964915
0.440295
0.13548
0.521132
-0.943441
-0.24256
0.325153
-0.0180221
-0.680807
0.488814
0.198789
-0.940943
-0.370656
0.423695
-0.75919
-0.42331
-0.892701
-0.974057
-0.603038
-0.931327
-0.483509
-0.402578
-0.911039
0.156212
0.51043
-0.0964093
0.460572
-0.519438
0.29555
-0.501775
0.944994
0.21761
-0.959425
0.335262
0.275437
-0.0791493
0.333253
0.627112
-0.164892
-0.776786
-0.941832
0.810822
-0.454451
-0.0773198
0.959743
-0.997679
0.0811
-0.670555
0.0662839
0.41119
0.0375834
-0.0116508
0.0366155
0.841413
-0.487357
-0.817447
0.579541
0.72153
0.152929
0.573936
0.879128
0.822611
-0.169278
0.873152
-0.241351
-0.472473
0.350761
0.666796
-0.00334057
0.098279
-0.159791
-0.41209
0.949481
-0.7413
0.0415755
-0.159895
-0.168303
-0.872791
0.313738
0.973861
0.320923
0.24031
-0.0208243
-0.534573
0.0215913
0.425547
-0.759714
-0.237536
-0.608707
-0.839696
0.225784
0.929451
0.0766326
0.611655
0.140833
0.126334
-0.586131
-0.991776
-0.19697
0.389202
-0.0587461
0.789756
-0.0426377
0.429963
0.225381
0.161804
0.119445
-0.875105
-0.455877
-0.930806
-0.733214
-0.6681
0.197459
-0.179981
0.717108
-0.937008
0.520431
0.381122
-0.240468
0.362403
0.479413
-0.201401
-0.843183
0.861308
0.535941
0.963589
0.409783
0.511727
0.716367
0.745514
0.547446
-0.523246
0.551212
0.527883
-0.965772
-0.971112
-0.354778
0.179061
0.944491
0.768506
-0.726505
-0.392301
-0.901895
0.229289
0.594777
0.691645
0.943207
0.308944
0.76886
-0.779472
0.160954
-0.16467
-0.0497766
0.932962
0.844065
0.964338
-0.130861
0.863684
0.34987
-0.304033
-0.594658
-0.689168
0.565284
0.0632489
-0.476191
0.109534
0.279533
0.523577
0.0191888
0.168547
0.968912
0.494764
-0.288866
0.350914
-0.875179
-0.703835
-0.971641
0.883246
-0.329368
-0.577153
-0.697233
-0.498777
0.0953489
0.838213
-0.0288852
0.594014
-0.136993
-0.837047
-0.490554
-0.313507
0.910638
-0.887735
-0.872575
0.945478
-0.77197
0.757464
0.541752
-0.859187
0.985632
-0.70125
0.354829
-0.331438
-0.246886
-0.146119
-0.59708
0.853664
-0.43854
-0.762532
-0.357168
-0.855378
0.75128
-0.0298492
-0.607679
0.430813
-0.620816
-0.498122
-0.015072
0.780043
0.440269
0.704489
-0.162028
0.233373
-0.114572
-0.585213
0.442179
0.687768
-0.985386
0.833952
0.70991
-0.412114
0.548233
0.714732
0.375044
0.0845982
-0.119187
0.218857
0.00515922
-0.653895
-0.146467
0.661412
-0.120443
0.22755
0.495786
0.877713
-0.949111
0.954426
-0.999927
-0.572292
-0.3743
-0.58963
-0.545765
0.64926
-0.504669
-0.579459
-0.344343
0.834547
-0.411663
0.127834
-0.493347
0.980189
-0.814577
-0.422778
0.0534891
-0.780167
-0.524454
0.357043
0.766635
0.0632541
-0.389127
0.315251
-0.709768
0.801366
0.35614
-0.408407
0.611343
-0.101595
0.66775
0.0417738
0.172818
-0.612508
-0.47076
0.0334624
0.0905281
0.17943
-0.976455
0.328278
0.38284
-0.485745
-0.854378
-0.562761
0.216513
-0.280573
0.112639
0.224504
-0.568459
-0.185639
-0.0120053
0.0781867
0.609838
-0.26925
-0.42452
-0.101228
-0.28237
0.038848
0.241704
0.413125
0.432366
-0.644056
0.597088
-0.706886
0.00303215
-0.281905
0.859243
-0.0421705
-0.839954
0.893085
0.434244
-0.191026
-0.20056
0.302814
-0.888338
0.104614
0.940661
-0.371951
0.775304
0.153431
-0.116047
0.749233
0.806564
0.349415
-0.948932
0.962585
-0.466316
-0.650678
0.787591
-0.303914
-0.598677
0.133896
0.0281417
0.0315292
0.721728
-0.639085
0.779822
0.732063
0.444857
-0.545044
0.758024
0.940014
-0.233326
0.916611
0.133606
0.150153
-0.969921
0.669763
-0.367508
-0.917384
-0.117684
0.358022
-0.9025
0.0554247
-0.369203
-0.279292
-0.480789
-0.920985
0.720204
-0.142348
-0.459684
-0.672067
0.76621
0.916239
-0.119633
-0.278694
0.581738
-0.610875
0.969739
-0.726014
-0.13761
-0.202247
0.0694509
0.396032
-0.751068
-0.529462
0.552438
-0.977668
-0.0526111
-0.585695
-0.655818
-0.353674
-0.384351
0.21416
-0.691318
0.555285
0.750672
0.877255
0.466445
0.819877
0.124517
-0.997354
0.547684
0.487748
0.399798
-0.688885
0.321907
-0.334582
-0.838344
0.831767
0.121117
-0.895755
0.941472
0.256904
0.773448
0.0874035
0.908081
0.377639
-0.536683
0.681099
0.41436
0.0662993
0.670103
-0.651241
0.335426
-0.0949168
0.424241
-0.578816
-0.520688
0.405665
0.549007
-0.40928
-0.0659288
-0.442277
-0.328427
0.24711
-0.214677
0.00244617
0.99112
0.167735
-0.682849
-0.704345
-0.539375
-0.437594
0.127029
0.0905018
0.738411
0.645649
-0.954356
0.165151
0.138088
-0.891035
-0.0970412
-0.159211
0.338418
0.0687145
-0.981787
0.0756642
-0.664225
-0.0415239
0.0266629
0.297942
-0.410243
0.881037
0.792442
0.975316
-0.351068
0.290261
-0.0219786
0.186459
-0.328543
0.295345
0.17856
0.531969
0.45029
-0.598895
0.470818
-0.0577506
-0.59927
0.168121
0.801612
-0.628137
0.0601355
-0.56042
-0.683109
-0.0781824
-0.537817
-0.371264
-0.800424
0.472225
-0.523234
0.748815
0.787752
-0.601163
0.466433
0.620791
0.0874155
0.10956
0.706991
0.7615
0.120106
0.223417
-0.719239
-0.765759
0.665527
0.795327
0.2204
0.820098
0.837966
-0.191558
0.995414
0.090411
0.211254
-0.291383
-0.833122
0.234381
0.816797
0.604269
-0.512915
-0.552023
0.96309
-0.989635
-0.327711
-0.838483
0.498583
-0.349089
-0.687901
-0.260506
-0.0752169
-0.93959
-0.759202
-0.622623
-0.7604
0.357906
-0.847998
-0.81816
-0.392814
0.593333
0.545856
0.875275
0.318854
0.592456
-0.192156
0.938129
0.326465
0.0264321
0.419596
0.710847
0.321324
0.985166
-0.54193
0.861055
-0.702856
0.490676
0.356097
-0.136601
0.752939
-0.268388
0.0664299
0.864258
-0.113465
-0.094153
-0.860794
0.0982313
-0.960576
-0.0138479
0.232327
0.419879
0.47408
-0.475782
0.990798
-0.239363
-0.191323
-0.180428
-0.798335
0.46845
0.386265
-0.171965
-0.180357
-0.600518
0.3057
0.492984
-0.0949689
0.549041
-0.832309
-0.225368
-0.939927
-0.411424
-0.978607
0.290474
-0.437873
0.444592
-0.00480632
0.585201
-0.638302
-0.170403
-0.0433718
-0.908768
-0.920029
0.661331
-0.485779
-0.42041
0.735455
0.210725
-0.185836
-0.323522
0.308152
-0.546039
-0.955685
0.957452
-0.378354
-0.472937
0.564326
-0.0375911
0.88265
0.776365
0.872878
-0.843333
0.351488
-0.238971
0.399689
-0.527946
0.916671
0.136782
-0.717999
-0.049205
-0.582224
-0.564842
0.350998
-0.466198
-0.659369
0.326708
-0.0106081
-0.559943
-0.676278
-0.757285
-0.533934
-0.353099
0.28046
-0.0103887
0.127522
-0.733838
0.960034
0.891706
-0.746033
0.850348
-0.928187
0.159401
-0.14405
-0.953556
-0.513056
-0.918369
-0.547692
-0.624726
0.143149
-0.186842
0.878953
0.891601
-0.51991
-0.626724
0.6824
-0.829103
0.544135
0.0818064
0.202999
0.564547
-0.32118
-0.564461
0.757398
0.418919
-0.660834
-0.28728
0.876953
0.396778
-0.210858
0.9453
-0.770557
0.379045
-0.0260974
-0.794724
0.919846
-0.750515
-0.229318
-0.0814934
-0.941425
-0.481303
0.564671
-0.240072
0.0258922
-0.654797
0.808005
0.44438
0.545275
-0.890503
0.837069
0.864565
-0.952517
0.957678
-0.574878
0.40732
0.243575
-0.392816
0.551624
0.466127
0.464516
0.512159
-0.159011
0.694379
-0.357653
-0.0114948
0.658342
-0.467589
0.0783604
0.528199
-0.665225
0.275366
-0.266254
0.804182
0.434633
-0.664971
0.546983
-0.306034
0.0147349
-0.445827
-0.743599
-0.480636
-0.347007
-0.81441
-0.612222
-0.672769
-0.0305357
0.976709
-0.0551804
0.476263
-0.89508
0.289107
-0.295819
0.974094
0.230151
-0.0245283
-0.544692
-0.440982
0.442299
0.706427
-0.720979
-0.879678
0.0423139
0.249262
-0.163312
-0.351145
0.00765917
0.241029
0.0683383
0.816882
0.0375234
-0.0202966
0.335379
-0.888409
0.915002
0.204041
-0.0427243
0.974601
0.746262
-0.998782
-0.46335
-0.0424239
-0.0982375
0.856988
-0.815333
0.992854
0.185018
-0.420544
0.477255
0.776122
-0.215151
-0.959599
0.412343
-0.697237
-0.561112
0.806353
0.804398
0.0640935
-0.280849
-0.529342
-0.545084
0.0976346
0.132622
-0.395125
-0.133661
-0.0783437
-0.247975
-0.32254
-0.29466
-0.665343
0.28759
-0.67441
-0.494794
0.792121
0.582919
0.240792
-0.919978
0.531289
-0.971076
-0.749887
0.321407
0.377281
-0.552547
0.153422
-0.266016
0.799677
-0.0315801
-0.576188
0.510158
0.455054
-0.899983
-0.870224
-0.789815
0.0486925
0.969134
0.239665
0.263953
0.765629
-0.843842
-0.201432
-0.351552
0.164571
-0.605583
0.542705
0.166327
-0.225684
-0.260986
0.977154
-0.584638
-0.00873413
-0.186342
0.280422
-0.651633
-0.247837
-0.993686
-0.169878
-0.225157
0.599393
-0.0880379
0.551052
0.850317
-0.452966
-0.245501
0.145154
-0.60883
-0.908611
-0.279158
-0.215638
-0.139761
0.894477
0.706087
-0.429952
-0.0399706
-0.987347
0.995074
0.373004
0.927108
0.812894
0.256764
0.42807
0.531785
-0.641059
0.731261
0.965175
0.9283
-0.261082
0.368517
-0.242699
-0.015894
-0.0355893
0.405734
0.707622
0.363163
-0.86112
0.617972
-0.174151
0.326747
-0.358424
0.146819
-0.757797
-0.135513
-0.0846567
0.134928
-0.749269
-0.41362
0.360864
0.735585
-0.727141
0.0311641
-0.415159
0.615782
0.26321
-0.727972
-0.931702
0.324618
0.113451
0.863045
0.621827
-0.630281
0.144837
-0.950516
0.463327
0.653826
0.986599
0.548533
-0.363121
0.577576
0.816215
0.819573
0.0186113
-0.538429
0.452536
0.029541
0.427245
-0.346297
0.120111
0.313103
-0.704952
0.382772
-0.63889
0.0642174
0.800031
-0.0838634
-0.652793
0.377812
0.363558
-0.223499
0.343077
0.0159719
0.345199
0.553955
-0.613321
0.977137
-0.863608
-0.0743339
0.900756
-0.253788
-0.651157
0.73871
0.671214
0.0186773
-0.429272
0.391538
-0.912043
-0.716582
0.770037
0.00336408
-0.703185
0.956856
0.723277
0.391292
-0.0554563
-0.160476
0.195774
-0.3738
0.812181
-0.728355
-0.362033
0.737245
0.181384
-0.24937
0.35012
0.893966
-0.879083
-0.068092
-0.677343
0.458539
-0.58052
-0.049432
0.723644
-0.565666
-0.489705
0.958301
0.891972
-0.268836
-0.466904
-0.52996
0.190285
-0.261703
-0.0658555
-0.210387
-0.249861
-0.897847
-0.0970314
0.00545923
0.388308
0.0510513
0.490647
0.874395
-0.478188
0.666677
-0.99898
0.335388
-0.732286
0.925739
0.93284
0.799766
-0.539181
-0.179638
0.477818
-0.8806
-0.44976
0.505655
-0.979706
-0.185829
-0.205461
0.285419
-0.0388195
-0.762395
-0.04951
0.412667
0.734362
-0.159141
0.514924
0.204905
0.491302
-0.239901
-0.220588
-0.980506
0.494543
0.120021
0.795405
0.526933
0.18837
-0.321333
-0.140035
0.285202
-0.684121
0.0360895
-0.998795
-0.681466
-0.596261
-0.505801
0.526182
-0.445969
-0.142081
0.0130691
-0.321019
-0.856924
0.900103
0.896974
-0.567819
0.569869
-0.237794
-0.935935
-0.572888
0.736675
0.599192
-0.465081
-0.0146935
-0.98045
0.427179
-0.452035
0.396771
-0.331084
-0.300993
0.375799
-0.347557
0.0548448
-0.115837
0.285704
-0.245615
0.217662
-0.0817176
-0.710599
-0.167996
0.288841
-0.771193
-0.307175
-0.164691
-0.409201
-0.73763
0.480877
-0.720004
0.493636
-0.12898
-0.768699
0.496696
-0.947758
0.576591
-0.738066
0.14811
0.943414
0.786612
-0.633981
0.201497
0.450908
0.788641
0.342657
-0.0432949
0.383178
0.192232
-0.658263
0.808309
-0.553474
-0.430047
-0.631741
0.723951
-0.399818
0.362394
0.33913
-0.0804673
-0.818436
-0.0344533
0.377015
-0.0309978
0.209761
0.732641
-0.967082
-0.870668
-0.242922
-0.763758
0.171403
-0.267022
-0.112889
-0.413273
0.191203
0.173506
0.958144
-0.740353
-0.160087
-0.397314
-0.805758
-0.806144
-0.288781
0.772887
0.661791
-0.757348
-0.588619
0.449535
0.82027
0.733307
0.225228
-0.412289
0.617109
0.448801
0.487692
0.456451
0.574991
-0.507976
-0.90307
-0.510585
0.485281
0.048684
0.825319
0.229639
-0.634655
-0.122777
0.129393
-0.415849
0.0221106
-0.968714
-0.177321
-0.832167
-0.837825
0.549243
-0.439084
-0.903705
0.926669
-0.564317
0.18756
0.188557
-0.179728
0.96297
-0.00954729
0.26862
0.837899
-0.314618
0.363169
-0.764825
-0.767016
0.656442
-0.284146
0.305336
0.375811
-0.145851
-0.0994835
-0.0849184
-0.263182
0.18939
0.809919
0.49364
-0.0644798
-0.210677
0.998587
0.180095
-0.801581
0.155081
-0.507859
-0.948227
-0.312407
-0.719667
-0.961434
0.701297
-0.577519
-0.844263
-0.289872
-0.561993
-0.00276877
0.708505
-0.919623
0.49382
-0.0320468
-0.42154
-0.267564
-0.207567
0.0278877
0.762534
0.377452
-0.681251
-0.976372
-0.398522
0.0233213
0.379469
0.0975559
0.81002
0.203358
0.600467
-0.16073
0.923246
-0.849037
-0.15334
-0.477194
-0.74571
-0.843008
0.800181
-0.566067
0.899056
-0.699912
0.733466
0.897096
-0.517707
0.267021
0.0949972
-0.072125
0.903674
-0.456347
-0.833479
-0.770087
-0.839933
0.252282
-0.654786
0.993415
0.618836
0.345516
0.879458
-0.741176
0.129977
0.401325
-0.153259
-0.11938
0.979134
0.571387
-0.850086
0.341226
-0.974501
-0.0692507
0.970071
-0.13624
0.821452
0.477795
-0.274896
0.160266
0.39989
-0.145319
0.845453
-0.837664
-0.86715
-0.360847
-0.456843
0.962143
0.228438
-0.696404
0.44768
0.769057
-0.470234
-0.253336
-0.0569698
0.52304
-0.00734184
-0.907662
0.665445
0.42851
0.916859
0.289783
0.0633262
-0.177635
0.0151475
-0.510205
-0.243532
0.10631
0.328096
0.314966
-0.499782
-0.793627
-0.779747
-0.459831
-0.148497
0.669845
-0.99921
0.477668
-0.40193
0.989082
-0.966736
0.943376
0.138531
-0.440663
-0.322737
-0.614724
0.525468
0.685549
-0.15286
-0.412358
0.447782
0.489829
-0.872862
0.114782
0.105274
-0.0808726
0.491352
-0.398774
-0.20841
-0.145802
-0.273285
0.117979
0.603498
0.66443
0.477598
-0.593935
0.467116
-0.0309471
0.0619419
-0.322756
-0.935858
-0.281056
-0.995387
-0.633324
0.250561
-0.453269
0.77674
0.16965
-0.619002
-0.129064
-0.173806
-0.985191
0.111737
0.177153
0.00565685
0.70974
-0.277826
-0.958936
-0.572723
0.507004
-0.429562
0.523919
0.770441
-0.329215
-0.00978407
0.289079
-0.77057
0.171755
0.643544
0.906801
0.977905
0.0401294
0.656823
0.114162
-0.309156
-0.331086
-0.322759
-0.986456
-0.145835
-0.822109
-0.519224
0.895837
0.4413
-0.0990182
-0.264182
-0.608534
-0.93182
0.352227
0.175771
0.889367
0.190283
-0.302158
-0.198949
0.254032
-0.370157
0.812401
-0.0353048
-0.934906
0.722122
-0.0238005
0.68783
-0.933322
0.222748
-0.967731
0.355421
0.621916
-0.128993
-0.987841
-0.29483
-0.52832
0.62594
0.250959
-0.764823
-0.731803
-0.0709063
0.266159
-0.406323
0.521757
0.548822
-0.510202
-0.205242
-0.151273
-0.869796
0.414179
0.0288522
-0.148877
0.282932
0.415255
-0.0122735
-0.42864
-0.104176
-0.588863
0.346918
0.326341
0.946349
0.874305
-0.987681
-0.615554
-0.433296
-0.98887
0.518022
-0.979922
0.312059
0.883174
-0.537669
-0.891985
0.0567592
-0.0627016
-0.447194
-0.601659
-0.866433
-0.306898
-0.49969
-0.259747
0.673309
-0.0184315
0.559808
0.404175
0.629439
0.829449
-0.717556
-0.605443
-0.216019
0.581303
0.204789
0.540448
-0.645924
0.335964
-0.0493551
-0.104465
-0.448391
0.407361
0.924248
0.999598
-0.945801
0.343106
0.493458
-0.128593
-0.263156
0.635992
0.479875
-0.432516
0.121701
0.918342
0.103711
-0.23666
0.113464
0.0874295
0.34477
-0.660865
-0.816959
-0.328216
-0.337956
-0.302678
0.185854
0.624373
0.0350015
0.837319
0.0670092
-0.519989
-0.967901
0.496319
0.837123
0.760506
-0.574458
0.480262
0.0682411
0.183402
-0.452558
-0.391815
-0.737004
-0.1223
0.14044
0.527801
-0.354355
0.292116
-0.965296
-0.969637
0.43368
0.44883
0.978967
-0.239397
-0.761799
0.978715
-0.470786
0.580478
0.336166
0.348884
0.247041
-0.371469
-0.246868
-0.837063
-0.768043
-0.601873
-0.473786
-0.704519
0.657192
0.322501
0.654897
-0.125409
-0.988403
-0.755656
-0.273775
-0.113806
0.297442
-0.818777
0.354976
-0.849994
0.879323
0.101308
0.620355
0.76217
-0.739835
0.545195
-0.235554
0.581505
-0.524434
0.696525
-0.401899
0.511695
0.169139
-0.199157
0.755737
0.630791
0.431558
0.911531
0.115002
0.812683
0.700692
0.387021
0.525963
-0.123977
0.0843963
-0.512982
-0.679299
-0.291908
-0.657148
-0.589065
0.942297
-0.987919
-0.621876
0.809439
0.428006
0.456587
-0.254045
0.155345
-0.065875
-0.538131
0.464541
0.933577
-0.94532
0.435861
-0.132916
0.447166
0.126452
-0.597102
0.484667
-0.264323
0.135261
0.843923
0.568477
0.485691
0.948067
0.622419
0.316464
-0.459646
-0.0401679
-0.304676
0.717127
-0.602198
0.1896
0.347529
-0.527202
-0.70853
0.49057
0.575725
0.822551
-0.172567
0.826005
-0.356915
0.389686
-0.920977
0.857752
0.0128496
0.111913
-0.987505
0.339501
-0.850362
0.700499
0.131571
-0.931556
0.790108
-0.121587
-0.00178996
-0.962226
-0.619984
0.476141
-0.954878
-0.600187
-0.249995
-0.144081
-0.469446
0.988744
-0.647335
0.746064
-0.339815
-0.420328
0.107514
0.445684
0.34808
-0.278567
0.713671
-0.446796
0.0864456
-0.191847
0.129846
-0.802402
-0.6536
-0.195773
0.39249
-0.0413423
0.080406
0.788138
-0.113739
0.411385
0.319471
0.97042
0.717119
-0.746014
0.179574
-0.551079
-0.293957
0.144849
-0.740833
0.893309
-0.926324
0.359215
0.147112
-0.828527
-0.899143
0.238737
-0.335242
-0.93812
-0.165784
0.352954
-0.716093
-0.136011
-0.448291
0.0736604
-0.220016
0.647839
-0.26357
-0.33621
-0.083802
-0.621469
0.642042
-0.324614
-0.0372128
-0.880806
-0.912842
0.971881
-0.8408
-0.318325
0.303478
0.267163
0.476158
-0.667361
-0.495434
0.038095
-0.41406
0.976018
0.442714
-0.446327
0.976469
-0.0942078
-0.782034
-0.773043
-0.275768
-0.494214
-0.58415
-0.808858
0.340052
0.402148
0.685279
0.430398
0.527379
0.679084
-0.329234
-0.325791
-0.693953
0.509454
0.62697
-0.549585
-0.31251
-0.46608
0.323735
-0.74171
-0.850628
0.220224
0.857407
-0.776009
0.115749
-0.75326
0.873711
0.148479
-0.970467
-0.513346
-0.801372
-0.457335
0.678849
-0.264787
0.329795
0.744452
-0.301516
-0.416092
-0.0538394
-0.107494
-0.101644
0.852036
-0.683542
-0.361947
0.176198
-0.0476625
0.341944
0.0837789
0.233327
-0.899859
-0.801196
-0.491226
0.508485
0.47069
-0.205524
0.226631
-0.94364
0.545238
-0.503486
0.316765
-0.393512
-0.140393
-0.734536
0.225624
0.241172
0.473886
0.392471
-0.3545
0.858193
0.42516
0.852747
0.264426
-0.404575
-0.345464
-0.998446
-0.811697
-0.262935
0.349441
-0.521702
-0.63009
0.366554
-0.110067
0.890572
-0.684038
0.423191
0.889768
-0.195629
0.802596
0.902896
0.59211
-0.004604
0.985606
-0.13942
-0.505551
0.732842
-0.583316
0.211102
-0.849521
-0.288488
-0.422342
0.378849
-0.329751
-0.0173976
-0.185694
-0.947034
0.743246
-0.457736
-0.0591687
-0.312359
-0.923098
0.331848
-0.980168
0.178104
-0.128201
0.330705
-0.0723581
0.986012
0.684636
0.6317
-0.418072
-0.217271
-0.466585
-0.171864
-0.473488
-0.69639
0.684371
-0.821566
-0.398564
-0.681967
0.107284
-0.42856
-0.752402
-0.817274
0.491178
0.809531
0.975903
0.518185
0.756903
-0.88842
0.735289
0.42957
-0.380559
0.700041
0.436416
-0.807472
-0.500925
-0.882627
-0.394149
-0.845645
-0.389865
-0.0959576
-0.0684865
0.813866
-0.523481
-0.403031
0.605257
0.0900258
-0.261583
0.948701
-0.84606
-0.357738
-0.435861
0.1434
-0.969584
0.327114
-0.188033
0.992701
-0.386225
0.837938
-0.649214
0.271382
-0.989123
0.280821
0.0470699
0.819629
0.969822
-0.325921
-0.878194
0.872766
-0.741538
0.0423195
0.34476
-0.83374
-0.160106
-0.715942
-0.59736
0.143422
-0.606057
0.583509
-0.965909
-0.268969
-0.70801
0.235395
-0.259185
0.121942
0.955888
-0.536877
0.425307
0.332596
-0.423548
-0.88227
-0.398912
-0.527235
-0.26157
0.159638
0.844836
-0.213121
0.045871
0.791726
-0.0490041
-0.205979
0.593812
-0.53056
-0.904606
-0.205297
-0.0745644
-0.973146
0.705905
0.629523
0.226123
-0.481175
0.710507
0.61725
0.817768
-0.192956
-0.507024
0.0875727
-0.370308
0.272268
0.910026
0.944271
-0.941979
0.336443
0.995538
-0.942724
-0.192371
-0.679252
-0.50229
0.289512
0.513537
0.0110103
0.320297
-0.266426
0.906106
-0.706021
-0.589949
-0.908989
0.489541
-0.716664
0.391597
0.0692529
-0.933263
0.223075
-0.47505
-0.829272
0.700075
0.0215927
0.447997
-0.027318
0.812821
0.0216829
-0.15721
0.843041
-0.254548
0.696555
0.0965553
-0.00693412
-0.0551159
0.559324
-0.734733
-0.0846399
0.417773
0.193187
0.392436
0.174909
-0.586426
-0.942699
-0.758646
0.727777
0.653575
0.77652
0.470218
0.991118
0.131154
-0.939086
0.724203
-0.168884
-0.641077
0.431778
0.605607
-0.149207
-0.25442
0.844101
0.561708
0.21002
0.0942843
0.0675982
0.378779
-0.506942
0.47627
-0.789212
-0.940689
0.888539
-0.724721
-0.543121
-0.158358
-0.454446
-0.00256313
-0.956902
-0.50469
-0.923044
0.238387
-0.209228
0.227452
0.854215
-0.182953
0.00629037
-0.764322
-0.315063
0.870063
0.0724772
-0.984561
-0.413834
0.76012
-0.0613114
-0.202473
0.264722
-0.430861
0.816155
0.826881
0.364345
0.994421
-0.587514
-0.114789
-0.232452
-0.512042
0.124793
0.642576
-0.350732
-0.179509
0.636988
-0.906529
-0.413188
-0.490469
-0.890622
-0.159026
0.440479
0.239365
0.214912
0.944161
-0.785256
-0.691546
-0.274401
-0.630912
-0.459562
-0.622184
-0.367235
0.666707
-0.498019
-0.28997
-0.206185
0.127995
-0.788203
0.0232715
0.542103
-0.953065
-0.255402
-0.664254
-0.528924
-0.522284
-0.402934
0.237597
0.619746
-0.481095
0.0595467
0.66497
-0.563279
-0.486832
0.996095
-0.581498
0.637709
0.203146
0.0396092
-0.0867492
-0.911666
-0.378672
0.304977
0.34103
-0.274964
0.0221636
-0.0785852
-0.307173
-0.128908
-0.560056
-0.564227
0.702181
0.29428
-0.713478
0.697459
-0.828174
0.0350125
0.0221598
-0.142402
-0.373402
0.501425
0.291845
0.604629
-0.460926
-0.429304
0.857643
-0.810941
-0.545519
0.776377
0.0753826
-0.397943
0.749898
-0.132578
0.134487
-0.160212
-0.485146
0.209516
-0.390716
-0.39295
0.301288
-0.421116
-0.12921
0.497512
0.76987
0.195657
-0.337759
0.998355
0.28568
-0.64276
0.259497
-0.889314
-0.290467
0.557074
-0.435988
0.999729
-0.750506
-0.0877812
0.865859
-0.332501
0.0111021
0.862496
-0.604815
-0.667004
0.503222
0.37954
0.280672
-0.453063
-0.884792
0.461439
0.0499148
-0.60935
0.47095
-0.840234
0.18592
0.736493
0.528469
-0.118285
-0.745073
-0.139352
-0.358673
-0.0405826
-0.273118
0.922381
0.745084
0.312455
0.532418
0.0106323
0.967345
0.281427
0.243497
-0.690347
-0.237951
-0.572933
0.98831
0.192717
0.487598
0.86901
-0.611587
0.0030814
-0.454225
-0.282277
0.594494
0.935364
-0.0347165
-0.0466222
0.705499
0.816862
0.696218
-0.567519
0.611844
0.321754
-0.912207
-0.47164
-0.767682
-0.542705
-0.173848
-0.697431
0.300303
0.151383
0.710338
-0.23171
0.957286
0.957128
0.304291
-0.195207
0.910865
-0.0844872
0.984458
0.687707
-0.0115815
0.200587
-0.853704
0.765843
-0.238198
-0.725918
0.460201
-0.767663
-0.225103
0.501716
-0.939851
-0.140902
-0.290077
-0.00980438
0.947659
-0.233091
0.868119
0.524991
-0.339857
-0.136671
0.588626
-0.319166
-0.842292
-0.274244
-0.00508277
0.93889
-0.016917
0.892361
0.255282
0.649584
-0.0649794
0.514748
0.231731
-0.600255
-0.38616
0.937523
0.134596
-0.338245
-0.158217
-0.0831997
-0.498887
0.249451
-0.998346
-0.122378
0.830717
0.581838
-0.92543
-0.742491
0.138457
-0.685431
0.143143
-0.286214
-0.327475
0.121685
0.651794
0.954121
-0.124522
0.923167
-0.176196
0.076494
0.282231
-0.367816
-0.0891578
-0.271342
0.650537
0.956888
0.257172
0.290189
0.895132
-0.408322
0.0339996
-0.00185726
-0.0932633
0.0924851
0.950047
0.769896
0.628585
-0.530448
-0.0206454
0.472105
0.585342
-0.272411
-0.320816
-0.451277
-0.983876
0.101092
0.994883
0.170203
0.688095
0.512651
-0.889278
-0.688767
0.314356
0.357523
0.82281
-0.819357
0.61518
0.146325
0.0646057
0.326086
0.663679
0.86001
0.846752
-0.124431
0.453172
-0.407371
-0.0915391
0.949315
-0.529064
-0.875524
-0.505913
0.638119
0.0981987
-0.508716
0.769766
0.44594
0.647046
0.528595
0.990059
0.462646
0.206249
0.949026
-0.389959
-0.677016
0.950991
-0.474159
0.133922
0.452979
0.460882
-0.315186
0.805364
-0.809711
-0.00309421
0.238843
-0.547691
-0.598402
-0.369249
-0.0525001
-0.719284
-0.525291
-0.710323
0.476492
-0.0483
0.627347
0.789579
-0.0235614
0.706345
-0.0906445
-0.136665
0.678653
-0.558983
0.468664
0.992251
-0.950556
0.793821
0.0381591
0.664443
0.69674
0.197591
0.0476781
-0.0802953
-0.927084
-0.409823
0.931985
-0.575744
-0.143344
0.919313
-0.699212
0.490895
0.0491468
0.604803
0.465753
-0.80935
-0.933328
0.124288
-0.851769
0.178403
-0.107878
-0.556703
-0.459432
-0.430422
-0.929082
-0.884247
-0.501945
0.085892
-0.496208
-0.980626
0.468933
-0.612659
0.0986792
-0.432827
0.895683
-0.146354
-0.548701
0.546981
-0.336005
0.359223
0.279532
0.503178
0.640519
-0.80121
-0.728944
0.86142
0.418647
-0.234668
-0.645214
-0.856978
0.994818
0.0726702
-0.741988
-0.533521
0.585372
-0.772932
-0.40913
-0.533089
0.834152
0.0709994
-0.700712
-0.721602
-0.364535
-0.189131
-0.466167
-0.136984
-0.682291
0.658249
-0.0399869
-0.261987
-0.846752
0.124545
-0.537873
-0.326805
0.37804
0.199626
0.12084
-0.5652
-0.661333
0.451363
0.433198
0.353795
0.421016
-0.549056
0.584563
0.761915
-0.0157816
-0.145703
-0.615304
-0.23484
0.580526
0.151539
0.328304
0.812008
-0.639992
-0.450034
0.914271
-0.0771418
0.95229
-0.765142
0.0241172
-0.365403
0.335703
-0.443363
0.541647
-0.607423
0.747671
-0.449907
0.0465467
-0.97454
-0.728158
-0.0600884
0.352089
0.861845
0.573867
0.71812
0.0721945
-0.736968
-0.514902
-0.823943
0.903574
0.981113
0.705531
0.345287
0.0257273
-0.426037
0.514369
-0.137518
-0.652641
0.931506
-0.634426
-0.275655
-0.593844
0.994044
-0.924513
0.672661
0.215406
0.249335
-0.943501
0.871585
0.535398
-0.155475
0.872746
-0.0762335
0.0958224
0.796384
-0.134339
0.656926
0.852255
-0.995507
0.471264
-0.562821
0.208209
0.764086
-0.647384
0.914053
-0.736346
0.935881
0.659284
0.352116
0.313918
0.00583853
0.763141
0.588125
0.369563
0.340967
-0.326002
-0.250595
0.89191
-0.316227
0.428248
0.50986
0.443392
-0.058122
0.279513
0.181702
-0.911901
-0.330293
0.998294
0.250938
-0.122652
0.219162
0.128957
0.372579
0.782828
-0.00111688
0.350196
0.169389
-0.0050323
0.787082
0.257182
0.452124
-0.900497
0.604492
-0.767216
0.286236
0.703082
-0.695177
-0.0601507
0.305267
0.21184
0.549267
-0.0384061
-0.81458
-0.464031
0.634955
0.166347
0.122687
-0.64447
0.648931
-0.0382613
-0.381682
-0.163151
-0.642354
0.0970004
-0.527389
-0.839765
0.0714989
0.695059
0.0715767
0.00113601
-0.0287193
0.383032
0.726742
0.384149
-0.610576
-0.137059
-0.941304
-0.436661
-0.307565
0.405264
-0.201433
-0.372862
-0.536488
0.953414
0.119587
0.512893
0.187584
0.579776
-0.452146
0.533209
-0.822444
0.968438
-0.470358
-0.337407
0.919861
-0.484878
0.719533
0.708362
-0.312407
-0.73414
0.89048
-0.22373
-0.537776
-0.685234
-0.682945
-0.321643
0.777136
-0.296717
-0.11924
0.329868
0.973721
-0.0315206
-0.577229
-0.980747
-0.558159
-0.808295
-0.327611
-0.163864
0.4919
-0.18991
0.572491
0.706102
-0.176965
-0.837727
-0.926507
0.279489
0.793559
-0.362344
-0.496522
0.869879
0.988991
-0.492297
-0.49375
0.206274
0.373407
-0.429175
0.0198896
0.947173
-0.407554
-0.178786
-0.327353
0.169062
-0.496573
0.00311152
-0.948022
-0.854567
-0.732058
-0.357679
-0.455591
0.881657
-0.912728
0.891738
-0.206326
-0.249747
-0.977306
-0.970765
-0.530137
0.216996
0.853093
0.087928
-0.397976
0.197086
-0.440285
-0.973659
0.082217
0.104091
0.162104
-0.961484
0.857663
-0.482968
0.692327
-0.714229
-0.923889
-0.963792
-0.809048
0.142379
0.986628
0.031717
0.87735
0.0724609
-0.259656
0.204796
0.649278
-0.199603
-0.735204
-0.999279
0.318712
-0.798619
0.694618
-0.331161
-0.584507
-0.805235
0.990305
-0.528127
0.867714
-0.275818
-0.33762
0.340998
-0.811594
-0.529627
0.778121
0.258931
0.728435
0.709933
-0.0351399
-0.163324
-0.552623
0.870934
-0.401987
0.026817
0.88833
-0.236691
0.595182
0.489606
-0.627222
0.32207
-0.590008
0.221794
0.116897
0.538985
0.882935
-0.546498
-0.664173
-0.156865
0.6417
0.0416822
0.63324
0.463475
0.150882
0.292231
-0.0346128
0.695688
-0.479749
0.551344
0.756226
0.850269
-0.263096
0.635522
-0.434535
0.29902
-0.409432
-0.61005
-0.289101
0.391772
0.0166728
-0.996116
0.219452
-0.11687
-0.0894189
0.463138
0.486466
-0.149165
-0.548106
-0.575049
0.542748
0.889393
0.616601
-0.0955719
-0.585735
-0.332503
0.975091
-0.131524
0.718894
-0.0277724
-0.823987
0.149511
0.367278
-0.956404
0.871024
-0.884289
-0.205069
-0.231545
0.717814
0.942585
-0.149702
-0.576004
-0.513192
-0.215998
0.929674
-0.300345
-0.860546
0.262271
0.621609
-0.291081
0.243269
0.588513
-0.218169
0.5631
-0.522695
0.800987
0.981422
0.898843
-0.283675
0.221228
-0.385866
0.883203
-0.0425198
0.410674
0.371617
0.735719
-0.464839
-0.94843
-0.719535
-0.734573
0.618453
-0.0854982
-0.00708088
-0.521745
-0.358626
0.762254
-0.317634
-0.208889
0.920016
-0.886285
0.500619
-0.251541
-0.00198143
-0.180297
-0.606801
-0.923995
-0.747013
-0.610714
-0.454403
-0.279839
0.453764
-0.459486
-0.350408
-0.73207
0.555884
-0.312896
0.168148
0.258927
0.664276
0.897807
0.432768
-0.882335
-0.483682
-0.295412
-0.312902
0.0727646
-0.155346
0.0533396
-0.293178
-0.877056
-0.129857
0.612776
-0.143609
0.461603
0.79597
0.0353942
0.436764
0.0359722
-0.969478
0.110335
-0.386366
0.467832
9.67158e-05
0.625503
-0.0942291
-0.139065
-0.536638
0.441999
0.652144
0.840414
0.832268
0.542529
0.207511
-0.962802
0.817824
-0.250178
-0.225744
-0.261427
0.569174
0.21258
-0.131888
-0.396113
0.382998
0.157634
-0.716425
-0.707893
0.199696
0.300537
0.0777056
-0.476194
0.0657743
-0.153923
0.83959
-0.00376246
-0.992326
0.67502
-0.390544
-0.503991
0.826295
-0.494424
-0.11629
-0.340278
-0.208587
-0.120002
-0.480879
0.678865
-0.996871
-0.466055
0.74276
-0.627642
-0.737424
0.931651
-0.186942
0.210261
0.128867
0.872545
-0.452137
0.683064
0.333464
0.1776
0.513122
0.0342493
-0.804656
-0.399527
0.254401
-0.172529
0.468275
0.448759
-0.208024
-0.660543
-0.404733
0.125401
0.857579
-0.883517
0.771716
0.0967866
-0.120725
0.492806
0.049519
-0.2619
-0.377714
0.273682
-0.446513
0.846602
-0.651344
0.599954
0.329028
-0.136949
-0.0939242
-0.0154957
0.659239
0.596344
0.899626
0.878406
-0.312933
0.551519
0.692364
-0.0972581
-0.804056
-0.323553
0.789185
0.485995
0.0635457
-0.488688
-0.0725534
0.705036
-0.975044
0.929347
0.328397
-0.747957
0.633683
-0.213843
-0.100841
-0.771129
-0.229243
-0.827837
0.692021
0.263112
-0.364187
-0.338279
-0.734277
0.591256
0.753731
0.0327226
-0.342675
0.74951
-0.657038
-0.727897
-0.665967
-0.186099
-0.743855
-0.776639
-0.478051
0.967953
-0.622714
-0.276161
-0.0934308
0.277485
0.222955
-0.495988
-0.278004
-0.948749
0.0402598
0.847787
0.266874
0.621986
-0.952829
0.716732
-0.256229
0.563703
0.618691
0.901906
-0.0438782
-0.420321
0.230247
-0.414752
-0.662667
-0.976675
0.636254
0.879125
0.781813
0.0733835
0.247916
0.334178
-0.943206
-0.289571
-0.506229
-0.665277
0.40518
-0.611554
0.551335
0.606485
0.609659
-0.27741
-0.95813
0.977158
-0.515237
-0.457818
-0.427467
0.606866
0.0181098
0.154061
-0.524298
0.988571
-0.556578
-0.363965
-0.607281
-0.996352
-0.74197
-0.216716
-0.146156
-0.220774
-0.0964702
0.438024
-0.913918
-0.109442
-0.726622
-0.36116
-0.708615
0.0573148
0.275733
0.904593
0.996981
0.31389
0.532227
0.799513
0.32715
-0.588498
0.480957
-0.375067
-0.480376
-0.977044
0.428826
0.237462
0.36166
-0.000398878
-0.703945
-0.806257
-0.190291
0.163356
0.0971163
0.420844
-0.434938
-0.470678
0.401305
-0.489892
0.809972
0.394595
-0.778227
-0.0436335
-0.307334
-0.835192
-0.441848
-0.124888
-0.241299
-0.598868
0.911723
0.333871
-0.107687
-0.350712
-0.835355
-0.176622
0.922414
0.289805
0.434831
-0.33693
-0.18117
0.85547
-0.213412
-0.846591
0.834817
-0.863926
0.707113
0.80842
-0.689456
0.722508
-0.543898
0.902293
-0.540159
0.510124
0.887541
0.621
0.595511
-0.0982257
0.0544782
0.843514
-0.302075
-0.808884
0.889688
0.578008
-0.0563149
0.529256
0.0990656
0.0621183
-0.357901
0.947142
-0.927661
-0.107113
0.293474
0.85248
-0.222344
-0.364165
-0.977601
-0.924423
0.184319
0.95929
-0.615228
-0.950643
0.324328
0.227827
0.144832
-0.0198027
-0.486568
0.432837
-0.717566
-0.771708
-0.958441
-0.246011
0.566138
-0.692693
0.576316
-0.37321
-0.382782
0.468522
0.607557
-0.48628
0.269573
-0.256301
0.346627
0.434107
-0.49424
-0.0152544
0.714334
0.695258
0.425942
-0.117763
0.0256206
-0.218831
-0.56414
0.153442
-0.934055
-0.0993456
-0.767005
0.844473
0.820531
-0.998097
-0.94831
-0.699736
0.682823
0.272671
0.678699
-0.789878
0.999705
-0.142523
-0.415081
0.928127
-0.174884
0.0114908
-0.726376
-0.221393
0.618044
-0.961178
0.996502
0.268085
-0.14453
-0.0188479
0.561281
-0.961381
0.578206
-0.716194
-0.836156
0.477881
-0.821813
-0.54494
0.512299
-0.797793
-0.547356
0.0343339
-0.383822
0.106106
0.905811
-0.654095
-0.512457
0.149742
0.247105
-0.30026
-0.426038
0.508899
-0.706906
0.659903
-0.352256
-0.676846
0.820692
-0.296485
-0.228814
-0.621108
-0.411324
-0.289173
0.177773
-0.698145
0.29547
-0.839875
0.228678
-0.671735
0.351539
-0.385423
-0.793773
-0.234069
-0.569696
0.138263
-0.945438
0.438627
0.219035
0.989274
-0.737839
0.961044
-0.250714
0.896841
-0.816902
-0.370738
0.043659
0.735818
-0.810847
0.0282461
0.786033
-0.378108
-0.340235
-0.492586
-0.347011
-0.878455
0.490951
0.989987
0.255029
0.383209
0.713592
-0.7833
-0.937339
0.956412
-0.737807
0.501435
0.455262
-0.413767
0.887739
0.939582
0.627466
0.782711
-0.961315
0.690554
-0.392129
-0.0168104
0.684812
0.587895
0.510476
-0.312262
-0.283806
0.0155636
-0.517262
0.758988
0.0337317
0.617297
0.610918
-0.236986
0.638789
-0.763109
-0.0488734
-0.0092026
-0.0598421
0.491969
-0.0178474
-0.744669
0.662939
-0.583677
0.131877
0.217768
-0.295534
0.767184
-0.826741
-0.0100782
0.346247
-0.954287
0.335618
-0.871604
-0.850151
0.24073
-0.95905
-0.486655
0.981463
0.595471
-0.773315
-0.853249
-0.70578
-0.537816
-0.36454
-0.2844
-0.965141
-0.360446
-0.706631
0.287754
0.0861177
-0.701963
-0.631315
-0.23758
-0.33428
0.232121
-0.0446838
0.163073
0.327274
-0.504427
-0.495874
-0.36715
0.107027
-0.74348
-0.484882
0.64546
-0.126502
-0.240835
0.202496
-0.888887
-0.119407
0.519882
0.154823
0.276079
0.721144
0.656959
0.397204
0.957467
-0.130038
-0.43299
0.143132
-0.476525
-0.494826
0.257086
0.845311
-0.228056
0.126164
-0.436801
-0.652715
0.680242
-0.975623
-0.8076
-0.650864
0.674248
0.762413
0.354805
-0.737814
0.385653
-0.459332
-0.752954
0.0176791
0.915652
0.123078
0.942667
0.23193
-0.256829
-0.522185
-0.746207
0.938141
0.528969
0.279195
0.848563
-0.815087
-0.993361
-0.713892
-0.267108
-0.553437
-0.805783
-0.226764
0.711993
-0.539991
0.334583
0.854526
0.0458003
0.602229
-0.677699
-0.519833
-0.336943
-0.403388
0.594179
-0.360055
0.856575
0.361123
0.096089
0.276202
0.792907
-0.320584
-0.54672
0.71064
0.853684
-0.109884
-0.154544
-0.595694
0.0204373
-0.969603
0.0153238
-0.548312
-0.0366491
-0.406419
0.90161
0.104514
0.273677
-0.526853
-0.843091
0.407495
0.182334
0.711529
-0.334517
-0.747762
0.915229
0.0223308
-0.268485
0.427024
0.072618
-0.619012
-0.310144
0.18979
-0.58568
-0.401121
-0.5436
0.908941
-0.290212
-0.284072
0.550788
-0.598277
-0.271161
-0.42079
0.351278
-0.772593
0.283662
-0.442991
0.78577
0.327427
-0.922129
-0.507655
0.491151
0.349709
-0.0171546
0.8996
0.445364
0.964457
-0.131233
0.611356
-0.878237
0.153004
0.838191
-0.408823
0.629454
0.0716108
0.575486
0.810645
-0.41452
-0.761074
-0.958276
-0.477278
-0.155148
0.380355
-0.137368
-0.130058
-0.753327
0.7437
0.169613
-0.234263
-0.833693
-0.358409
0.400832
0.682135
-0.286927
0.809741
0.510893
-0.311227
0.0966724
-0.0391005
0.635566
-0.683208
-0.740038
-0.869227
0.9713
-0.610681
-0.892816
-0.909754
-0.369183
-0.946078
-0.311525
0.098913
0.496003
0.531447
-0.309464
0.619361
0.172847
-0.118384
-0.405789
-0.632052
0.50215
-0.649135
0.613356
-0.39595
0.134295
-0.387855
0.565472
0.232432
0.182702
0.897077
-0.848756
0.55941
-0.294755
-0.268624
-0.909009
0.155871
-0.232846
-0.135987
-0.0519441
0.624735
-0.00309442
0.235311
-0.678651
0.599894
0.325625
-0.099395
-0.596964
0.801669
-0.671684
0.204061
-0.694923
-0.792751
0.957011
0.338053
0.928294
-0.364784
0.745688
0.475151
0.527024
0.710057
-0.95369
-0.756099
-0.713093
0.165966
-0.292032
0.383508
0.737676
-0.709151
-0.940384
0.0163254
0.286534
0.707223
0.661498
-0.675679
0.313788
0.81533
-0.0426535
0.164668
0.0224266
-0.658253
0.970244
-0.227452
-0.851366
-0.17788
0.906491
0.779009
-0.937247
0.506246
0.954845
0.0533006
-0.94878
0.514798
0.0727439
-0.503375
0.18272
0.197471
-0.974172
-0.53714
-0.0049395
0.346717
0.935623
-0.674668
-0.826125
0.351475
-0.452643
-0.822448
0.893225
-0.336559
-0.946164
-0.754352
-0.477921
0.151509
0.836459
-0.382915
0.224112
0.950899
-0.0352756
-0.443404
0.856871
-0.778267
-0.704934
0.684534
0.905003
0.875624
0.17905
0.770591
-0.81233
0.219674
-0.381542
-0.813443
-0.477708
0.742567
-0.873063
0.743095
-0.999009
0.854826
0.0791148
-0.914327
0.13915
0.965676
0.356891
-0.78797
0.931475
-0.153051
-0.619375
-0.413983
0.255657
-0.182134
-0.344742
0.131628
-0.980231
0.110542
-0.902772
-0.5118
-0.933785
0.445657
0.895779
-0.541136
-0.913674
-0.0122957
-0.802082
0.738341
0.480196
0.963528
0.383474
0.15569
-0.265279
-0.925124
0.406833
-0.947185
0.203341
0.318192
-0.526692
0.861939
0.150026
-0.101626
0.143656
-0.678708
0.634666
0.311948
0.00662101
-0.207255
0.264618
-0.178869
-0.712859
-0.0269695
0.66994
-0.391598
-0.101959
0.553882
-0.830397
-0.207446
0.0545239
0.611252
-0.632968
-0.892034
0.229079
0.0788186
0.230419
-0.527388
-0.830192
-0.77331
-0.75855
0.338351
0.942692
0.638875
-0.312875
0.535778
0.222776
-0.496171
-0.348955
-0.432551
0.53493
-0.0296588
-0.4075
-0.260395
-0.216897
-0.187022
0.866235
-0.010659
-0.416227
-0.328335
-0.334963
-0.24178
0.430141
0.211889
0.370109
-0.611249
0.679349
0.13406
0.785365
0.523997
0.0789115
-0.329888
-0.313887
-0.484365
0.341398
0.90329
0.22278
-0.433494
-0.314062
-0.428936
0.0434188
0.698044
-0.000857302
-0.408672
0.162635
-0.0277153
0.135542
0.570575
0.636785
-0.321634
0.916621
0.296908
0.338109
0.871414
-0.337607
0.559114
-0.257757
0.999587
-0.132579
0.114089
-0.538881
-0.140625
-0.638751
0.398655
0.216873
0.776088
-0.794971
0.753299
-0.225971
-0.0876939
0.332276
-0.799307
-0.873299
-0.216048
0.0854699
0.531988
0.780884
-0.552478
0.310669
0.644493
-0.258168
0.104648
0.523672
0.614492
-0.411792
0.972881
0.962708
-0.406176
-0.137139
-0.290229
0.552569
-0.78055
-0.960369
-0.52239
-0.199944
-0.463665
0.78415
-0.895183
0.560586
-0.646903
-0.129657
0.984805
0.513944
-0.281114
-0.974859
0.0355109
0.399128
0.157266
-0.899465
-0.178731
-0.405999
-0.166016
0.4476
0.425602
-0.84064
-0.635288
0.36006
-0.770992
0.0673607
-0.613868
-0.208935
0.148062
0.136133
-0.622222
-0.0189633
0.62114
0.940775
-0.457906
-0.905508
0.75738
0.123311
0.856455
0.335741
-0.805994
-0.767224
0.164643
0.594855
0.995899
-0.872844
0.415746
-0.757925
-0.282262
0.857282
-0.876604
0.469117
-0.525298
-0.831005
0.690655
-0.693351
-0.49064
-0.761804
0.886067
0.96046
0.0607149
0.177325
0.89587
0.988756
-0.4454
-0.577667
-0.34132
0.404496
0.0211531
0.0600738
-0.597327
0.689624
0.100926
0.202218
-0.547165
0.247163
-0.328423
0.310015
-0.349187
0.781011
-0.410402
0.206434
0.0523408
0.0416038
0.315425
0.21053
-0.470459
0.0921896
0.982486
0.669458
0.622938
-0.0715299
-0.215051
-0.277231
0.037722
-0.682569
0.991994
-0.257727
0.500776
0.386938
0.143078
-0.389787
0.218211
-0.8618
-0.804648
-0.271779
0.302158
0.197581
0.884034
0.914877
0.101508
-0.127785
0.316811
-0.622811
-0.91682
-0.63908
0.866203
-0.554013
0.637609
-0.468396
-0.483942
-0.679848
-0.511598
-0.539876
0.259112
-0.348704
-0.210962
0.206864
0.291548
0.608693
0.597307
-0.0351463
-0.270901
-0.0523084
-0.496997
0.891652
-0.65998
0.0715919
0.256631
0.188446
-0.0472782
-0.320545
0.100905
0.856127
0.828017
-0.660158
0.0711812
0.355082
-0.0703058
0.357403
0.80529
-0.0524274
-0.497764
-0.00900863
-0.79972
0.304412
-0.166177
0.737555
-0.732026
-0.827545
0.6034
0.0140842
0.739807
-0.0118542
0.618547
-0.504895
-0.373476
0.258595
0.0745029
-0.0612545
-0.247274
0.462012
-0.440542
-0.294164
0.672423
0.208173
0.169679
-0.119522
0.589996
-0.417688
-0.768935
0.521485
-0.0181746
-0.244187
0.102031
-0.339883
-0.576436
0.349992
-0.250275
-0.851246
-0.167198
-0.413411
0.869073
-0.556902
-0.799552
-0.994034
0.0956785
0.376933
-0.403171
0.25213
-0.219306
0.575295
0.59246
-0.124009
0.54241
0.210162
0.47385
0.779831
0.871092
-0.744363
0.796536
-0.571414
0.382514
-0.966346
0.500428
-0.464028
0.688516
0.585593
-0.0646116
-0.426826
-0.732042
-0.0852048
-0.0754173
0.814248
-0.106483
-0.246684
-0.749589
0.339223
-0.525049
-0.641097
0.0992476
0.120762
-0.87481
0.50063
-0.0770702
-0.966302
0.245032
0.102541
0.231953
-0.862419
0.904738
0.434551
-0.0303065
-0.293604
-0.0358088
0.715419
-0.188263
0.126776
0.8435
-0.534664
0.489193
0.557098
-0.0273335
0.551514
0.610884
-0.818288
-0.547197
0.696858
0.186165
0.862926
0.616729
-0.947342
0.563837
0.864469
-0.579501
-0.0396033
0.186121
0.118094
0.53384
0.776485
0.87809
-0.610973
0.319963
-0.88731
-0.739805
0.0442184
-0.985063
0.264069
0.719902
0.899494
0.65804
-0.544663
-0.960191
-0.538504
0.199792
0.911111
-0.947456
0.658224
-0.452516
-0.690629
0.142005
-0.29305
-0.729054
0.99649
0.0653534
-0.227891
0.898886
-0.558558
-0.511784
-0.665299
0.0336753
0.669392
0.506146
0.272705
0.25852
0.811502
0.980705
-0.148383
0.589474
0.926317
-0.470211
-0.862459
0.238993
-0.0269311
0.315287
-0.116159
-0.133588
-0.839502
0.491489
-0.0876973
0.275297
-0.434214
0.707144
0.336732
0.846405
0.164032
-0.672797
-0.497195
0.552329
-0.816501
-0.62725
-0.146754
0.838237
-0.634361
-0.185415
-0.256278
0.732832
-0.746504
0.938445
-0.496007
-0.59082
0.574934
-0.474571
0.221319
-0.859849
-0.140126
0.75212
0.0772887
-0.48361
-0.0848322
0.186255
0.366949
-0.477802
0.154214
0.0538971
0.0767097
0.907476
-0.799073
-0.947204
0.888474
-0.826129
0.27159
-0.481141
0.279387
0.0798531
0.494831
-0.170136
-0.554892
-0.148721
0.914004
0.552497
-0.987597
0.793086
-0.327353
0.177609
-0.45742
0.256649
0.489296
0.295875
-0.0292649
0.21223
0.100963
0.826597
0.580485
0.460609
-0.903721
0.661373
-0.767271
0.367504
0.84673
-0.501519
-0.87222
-0.215009
-0.57502
0.0327691
-0.560464
-0.433297
-0.00778749
-0.397692
0.972513
0.777046
0.314416
0.362636
0.393086
-0.0128894
-0.779823
-0.743003
0.538017
-0.385651
0.485314
0.616311
-0.972991
0.303586
0.0882183
-0.519303
0.568678
0.86376
-0.4918
0.865896
-0.71724
0.715731
0.0470999
0.323439
-0.702091
-0.773847
0.327112
-0.219257
0.390553
0.656581
-0.946518
-0.700131
-0.962889
0.362233
0.632732
0.929815
-0.928643
0.496952
-0.640586
0.67701
-0.0562889
-0.155479
0.818387
0.219081
0.765217
-0.775475
0.0906567
0.342132
0.250227
0.0467001
-0.396117
0.31223
0.744783
-0.737953
0.0416427
0.968635
0.840703
0.700457
0.436539
-0.749384
-0.341112
0.887976
0.933596
-0.61598
0.535643
0.953409
0.0288766
-0.739083
0.180332
0.184912
-0.204107
0.929693
-0.983085
-0.738252
-0.980504
0.52554
0.891571
-0.0223523
0.907123
-0.728671
0.445396
0.508266
0.790403
0.836629
-0.540223
0.422391
-0.556753
-0.296456
-0.735146
-0.0247063
-0.535644
-0.980986
-0.584765
-0.150582
0.748491
-0.666753
0.724925
0.966773
-0.324924
0.880186
-0.510477
0.307133
0.460314
-0.854872
-0.85255
-0.96214
-0.16371
-0.0366279
-0.0509829
-0.341604
-0.378794
0.256461
0.336409
0.429848
0.294014
-0.18794
-0.575697
-0.358056
0.327922
0.396264
-0.849703
-0.341661
-0.336044
0.705444
0.880238
0.354468
-0.400635
-0.363211
0.0647786
0.233621
-0.955774
0.450808
0.100234
-0.428603
-0.490168
0.169131
-0.343656
-0.746082
0.0358876
-0.39259
0.349402
-0.175253
-0.198786
0.992794
-0.81793
-0.529168
-0.628091
-0.281926
0.497083
-0.436631
0.200575
-0.0428752
0.437203
0.415462
-0.523323
-0.754182
-0.616426
0.0359264
-0.739039
0.918098
-0.994119
0.661284
-0.268673
-0.729395
0.268258
-0.249645
-0.263258
0.917956
-0.393628
-0.0827001
0.898594
-0.47119
0.790609
0.284554
0.546298
0.317328
0.0772286
-0.493851
-0.478601
-0.266894
-0.952693
0.991113
0.0559415
0.316364
-0.12606
0.188797
-0.147766
-0.162305
0.577489
0.351621
-0.997865
0.948612
0.771113
0.955743
-0.982652
-0.452778
-0.0866878
-0.879886
0.546754
-0.147572
-0.898992
0.774995
0.964221
0.0277426
0.323368
-0.899908
-0.611098
0.220393
0.703746
0.468529
0.726302
0.982779
0.59474
0.0671532
-0.099741
0.708023
-0.0151135
0.0820478
0.260601
0.678384
-0.0933875
0.0061348
-0.379098
0.147934
0.986764
0.31852
-0.0161202
-0.837355
-0.674066
-0.698756
-0.963521
-0.256866
-0.13927
-0.973965
-0.059016
-0.746586
0.563309
0.991896
0.207652
-0.587454
-0.0926963
-0.499167
-0.464324
0.703178
-0.084945
-0.709557
0.350031
0.389374
-0.168419
-0.823303
-0.46804
-0.501582
-0.938643
0.163407
0.950323
0.41051
-0.392786
0.0660326
0.187094
-0.649273
0.279944
-0.696754
-0.432801
0.320178
-0.270271
0.53568
0.588157
0.911436
0.509898
0.0929546
-0.281581
0.301668
0.968532
-0.890781
-0.819841
-0.521677
-0.214027
0.926156
-0.175469
-0.82084
0.809116
-0.00632763
0.138121
-0.335716
0.225588
0.650412
0.855381
-0.711851
0.925254
-0.222364
-0.70718
-0.940027
0.0180584
0.29037
-0.184172
-0.476592
-0.626205
-0.705365
-0.561283
0.929815
-0.92625
0.596575
0.795066
-0.164377
0.875505
0.184551
-0.275241
0.37494
0.34206
0.0428377
-0.067393
0.070628
-0.943581
0.533485
-0.180918
-0.0448202
0.869432
-0.524856
0.605692
-0.711963
0.0303535
-0.0385437
-0.127251
-0.832896
0.0379703
-0.509299
0.983475
-0.836717
0.0571687
-0.18007
0.210122
0.795683
0.209712
0.907924
-0.271096
-0.328726
0.211972
0.778749
0.808972
-0.426234
0.208094
0.831238
-0.774361
0.690433
0.691832
0.0821915
0.674354
0.54723
-0.150997
-0.225079
0.907636
-0.111934
0.624206
0.234702
0.210562
-0.933031
-0.999604
0.854634
0.865374
0.636908
-0.253859
0.268574
0.0741496
-0.998943
0.959994
0.225961
0.914135
-0.359842
0.431564
0.0036095
0.421539
0.244658
0.813975
-0.699121
-0.0981293
0.675422
-0.619364
-0.223217
0.0842026
-0.767634
-0.729726
-0.294052
0.553534
0.439035
0.0788744
-0.953354
-0.119147
0.895086
-0.177428
-0.618693
-0.939854
-0.195944
-0.486555
0.649016
-0.602158
0.871755
0.395526
0.867007
0.963618
0.897183
-0.0609771
-0.584552
-0.572858
0.236497
0.256775
0.615532
0.059968
-0.374964
-0.749006
-0.986792
0.323708
-0.190022
0.678958
-0.440769
-0.1112
-0.155181
0.823554
0.691794
0.442543
0.798901
0.0412647
-0.383862
0.435005
0.597613
-0.892204
0.380233
0.941009
0.484257
0.968657
0.212208
0.733789
0.331316
0.199738
0.00343227
-0.557106
0.897991
0.51557
-0.0590174
-0.769036
0.830912
-0.251088
0.607818
-0.0948936
0.814891
0.693924
0.113971
-0.51925
0.459035
-0.242868
-0.851521
-0.779322
0.678864
-0.0117998
0.532038
0.612666
-0.986544
-0.627863
-0.46375
0.356024
0.749969
-0.952197
0.340161
0.246451
0.829306
-0.12846
-0.0277476
-0.407697
-0.581941
0.196681
-0.246564
