-0.424252
-0.608173
-0.622471
-0.810923
-0.835768
-0.376358
-0.927729
-0.883507
-0.0219548
-0.895929
-0.792249
-0.671615
-0.770138
-0.740839
-0.207126
-0.188999
-0.146808
-0.738261
-0.632159
-0.971404
-0.623096
-0.950309
-0.918822
-0.897258
-0.0884444
-0.723103
-0.252051
-0.20736
-0.241269
-0.802953
-0.0585983
-0.0674271
-0.0362528
-0.0843816
-0.817095
-0.212204
-0.321509
-0.696617
-0.345574
-0.0629737
-0.0431284
-0.617626
-0.730682
-0.942105
-0.089382
-0.932182
-0.876631
-0.48871
-0.982342
-0.0623486
-0.903742
-0.534573
-0.209782
-0.781389
-0.249785
-0.702086
-0.5652
-0.0396906
-0.851004
-0.773889
-0.577154
-0.705446
-0.3144
-0.111102
-0.775842
-0.0127354
-0.839987
-0.317212
-0.738339
-0.649582
-0.856786
-0.0632081
-0.0953981
-0.273771
-0.0510196
-0.377373
-0.154231
-0.393468
-0.743417
-0.782092
-0.406594
-0.670521
-0.526213
-0.345496
-0.0455504
-0.157747
-0.177514
-0.585593
-0.587155
-0.93562
-0.643253
-0.445504
-0.347293
-0.446285
-0.521525
-0.300102
-0.92265
-0.750996
-0.472146
-0.288616
-0.361434
-0.599891
-0.775607
-0.960466
-0.183842
-0.996875
-0.303071
-0.584733
-0.3955
-0.196422
-0.802016
-0.849519
-0.442847
-0.754903
-0.343308
-0.5577
-0.36706
-0.854364
-0.523088
-0.648566
-0.630284
-0.553246
-0.373935
-0.387608
-0.436675
-0.378467
-0.398156
-0.788812
-0.904993
-0.813345
-0.375889
-0.823189
-0.571217
-0.38128
-0.0253926
-0.662552
-0.749043
-0.0365654
-0.154075
-0.358622
-0.972654
-0.901867
-0.116415
-0.960622
-0.218689
-0.767638
-0.183296
-0.874912
-0.105399
-0.503946
-0.379873
-0.711774
-0.725682
-0.827018
-0.424955
-0.764982
-0.590906
-0.771935
-0.141574
-0.570904
-0.311587
-0.483866
-0.902102
-0.168685
-0.616767
-0.539026
-0.202906
-0.248144
-0.336198
-0.972185
-0.797328
-0.804125
-0.319947
-0.348152
-0.63794
-0.260723
-0.141339
-0.518634
-0.655442
-0.163528
-0.466833
-0.103836
-0.155481
-0.67224
-0.909524
-0.823892
-0.728026
-0.349715
-0.986405
-0.968357
-0.943589
-0.420423
-0.754434
-0.238769
-0.24541
-0.726385
-0.983827
-0.39339
-0.725994
-0.896711
-0.966482
-0.525432
-0.171263
-0.191734
-0.756622
-0.726619
-0.0360966
-0.0495351
-0.0463317
-0.331979
-0.0313306
-0.986718
-0.0380498
-0.485116
-0.180874
-0.334792
-0.658567
-0.860458
-0.8821
-0.708337
-0.959059
-0.870224
-0.0600047
-0.381045
-0.973123
-0.00640675
-0.428705
-0.601297
-0.0892257
-0.897336
-0.105868
-0.608485
-0.692163
-0.352449
-0.596218
-0.956715
-0.347527
-0.498555
-0.17767
-0.620439
-0.357919
-0.815845
-0.933432
-0.155403
-0.654817
-0.0241425
-0.38378
-0.582936
-0.994765
-0.832643
-0.679428
-0.512462
-0.279006
-0.218376
-0.697945
-0.641769
-0.114462
-0.525041
-0.0841472
-0.764825
-0.556059
-0.00117197
-0.261349
-0.280725
-0.601688
-0.176342
-0.324244
-0.30643
-0.333932
-0.466911
-0.121259
-0.0408626
-0.112353
-0.0546136
-0.178842
-0.881788
-0.638644
-0.417533
-0.109774
-0.479647
-0.961247
-0.358075
-0.850691
-0.704196
-0.0356278
-0.944996
-0.734042
-0.691304
-0.160794
-0.85702
-0.115478
-0.751543
-0.594109
-0.486288
-0.442222
-0.615517
-0.260255
-0.0367997
-0.206344
-0.0147668
-0.292992
-0.337136
-0.181264
-0.421908
-0.0854754
-0.0610204
-0.607547
-0.483085
-0.727869
-0.314868
-0.215642
-0.0881319
-0.65341
-0.710524
-0.44691
-0.660911
-0.383155
-0.44355
-0.911712
-0.311743
-0.518712
-0.672865
-0.0489101
-0.906946
-0.248926
-0.510431
-0.826002
-0.198453
-0.25502
-0.869443
-0.885772
-0.527229
-0.571998
-0.555512
-0.879209
-0.0636768
-0.199937
-0.586061
-0.691695
-0.24791
-0.283928
-0.31604
-0.47699
-0.368857
-0.255098
-0.886866
-0.771154
-0.967341
-0.717087
-0.910462
-0.0329713
-0.352606
-0.631065
-0.727479
-0.227752
-0.788733
-0.887569
-0.927963
-0.935776
-0.6781
-0.216267
-0.227518
-0.736464
-0.231424
-0.607626
-0.500508
-0.613251
-0.754981
-0.360731
-0.443081
-0.807172
-0.999453
-0.878037
-0.802328
-0.919212
-0.984374
-0.515353
-0.923666
-0.977498
-0.982108
-0.0100789
-0.247597
-0.214235
-0.774514
-0.71654
-0.788499
-0.8353
-0.271818
-0.615439
-0.242831
-0.151418
-0.766232
-0.869677
-0.938042
-0.183374
-0.892335
-0.990781
-0.944058
-0.524963
-0.066724
-0.879444
-0.115947
-0.856083
-0.906399
-0.126963
-0.312759
-0.745214
-0.182827
-0.770373
-0.793109
-0.863271
-0.509337
-0.582077
-0.80311
-0.0934448
-0.83819
-0.916478
-0.374561
-0.526994
-0.519728
-0.899367
-0.558872
-0.628408
-0.135089
-0.124775
-0.824908
-0.954528
-0.859677
-0.707868
-0.85452
-0.557934
-0.41933
-0.510509
-0.843425
-0.0838347
-0.695132
-0.0145324
-0.240722
-0.680991
-0.860927
-0.98664
-0.0206266
-0.599734
-0.740761
-0.189702
-0.303617
-0.706696
-0.593171
-0.277209
-0.817642
-0.334167
-0.519181
-0.777404
-0.3612
-0.547621
-0.119462
-0.640128
-0.748574
-0.932026
-0.841785
-0.717947
-0.102117
-0.77217
-0.193843
-0.227049
-0.631924
-0.919134
-0.966951
-0.629971
-0.483553
-0.832409
-0.627158
-0.856317
-0.958669
-0.783108
-0.633096
-0.180483
-0.247676
-0.231659
-0.659895
-0.156653
-0.933589
-0.190249
-0.42558
-0.904368
-0.673959
-0.292835
-0.302289
-0.410501
-0.541683
-0.795297
-0.351121
-0.300023
-0.905227
-0.865615
-0.0320338
-0.143527
-0.00648488
-0.446129
-0.486679
-0.529338
-0.0424252
-0.460817
-0.762247
-0.981092
-0.783577
-0.737636
-0.492773
-0.888351
-0.102195
-0.789593
-0.0792249
-0.667161
-0.777014
-0.274084
-0.120713
-0.9189
-0.914681
-0.973826
-0.163216
-0.39714
-0.56231
-0.395031
-0.0918822
-0.489726
-0.208844
-0.57231
-0.625205
-0.420736
-0.824127
-0.780295
-0.00585983
-0.306743
-0.403625
-0.00843816
-0.88171
-0.62122
-0.532151
-0.669662
-0.334557
-0.606297
-0.204313
-0.561763
-0.273068
-0.89421
-0.408938
-0.193218
-0.0876631
-0.548871
-0.398234
-0.806235
-0.790374
-0.253457
-0.520978
-0.178139
-0.724979
-0.670209
-0.45652
-0.803969
-0.2851
-0.577389
-0.757715
-0.970545
-0.43144
-0.21111
-0.0775842
-0.301274
-0.183999
-0.0317212
-0.0738339
-0.464958
-0.685679
-0.906321
-0.10954
-0.427377
-0.305102
-0.0377373
-0.415423
-0.639347
-0.574342
-0.0782092
-0.440659
-0.267052
-0.552621
-0.23455
-0.304555
-0.915775
-0.217751
-0.558559
-0.558716
-0.593562
-0.364325
-0.24455
-0.534729
-0.244628
-0.552153
-0.13001
-0.992265
-0.2751
-0.347215
-0.428862
-0.636143
-0.859989
-0.777561
-0.396047
-0.318384
-0.999687
-0.930307
-0.458473
-0.23955
-0.419642
-0.580202
-0.384952
-0.844285
-0.27549
-0.434331
-0.85577
-0.836706
-0.585436
-0.552309
-0.164857
-0.763028
-0.155325
-0.637394
-0.138761
-0.943667
-0.437847
-0.639816
-0.678881
-0.390499
-0.0813345
-0.137589
-0.682319
-0.157122
-0.038128
-0.502539
-0.0662552
-0.774904
-0.803657
-0.215407
-0.0358622
-0.997265
-0.390187
-0.0116415
-0.596062
-0.921869
-0.576764
-0.61833
-0.887491
-0.91054
-0.0503946
-0.237987
-0.0711774
-0.872568
-0.582702
-0.942496
-0.176498
-0.359091
-0.0771935
-0.214157
-0.75709
-0.831159
-0.348387
-0.69021
-0.916869
-0.461677
-0.953903
-0.720291
-0.624814
-0.33362
-0.397219
-0.579733
-0.280413
-0.531995
-0.634815
-0.563794
-0.726072
-0.914134
-0.851863
-0.965544
-0.316353
-0.546683
-0.910384
-0.0155481
-0.467224
-0.190952
-0.582389
-0.872803
-0.634971
-0.598641
-0.496836
-0.794359
-0.142042
-0.675443
-0.623877
-0.124541
-0.772638
-0.298383
-0.539339
-0.272599
-0.789671
-0.0966482
-0.552543
-0.217126
-0.419173
-0.475662
-0.0726619
-0.20361
-0.404954
-0.304633
-0.933198
-0.103133
-0.998672
-0.703805
-0.948512
-0.518087
-0.533479
-0.965857
-0.386046
-0.08821
-0.670834
-0.595906
-0.887022
-0.806
-0.738105
-0.597312
-0.200641
-0.742871
-0.66013
-0.208923
-0.589734
-0.510587
-0.860849
-0.969216
-0.135245
-0.159622
-0.595672
-0.834753
-0.149855
-0.417767
-0.162044
-0.135792
-0.281584
-0.793343
-0.91554
-0.165482
-0.902414
-0.238378
-0.158294
-0.299477
-0.783264
-0.667943
-0.951246
-0.127901
-0.521838
-0.369795
-0.464177
-0.511446
-0.0525041
-0.708415
-0.976483
-0.755606
-0.500117
-0.526135
-0.328073
-0.160169
-0.717634
-0.0324244
-0.230643
-0.433393
-0.646691
-0.212126
-0.304086
-0.811235
-0.905461
-0.917884
-0.688179
-0.463864
-0.441753
-0.510977
-0.947965
-0.396125
-0.335807
-0.885069
-0.37042
-0.603563
-0.5945
-0.573404
-0.86913
-0.816079
-0.985702
-0.811548
-0.975154
-0.459411
-0.448629
-0.0442222
-0.861552
-0.126025
-0.10368
-0.120634
-0.901477
-0.0292992
-0.533714
-0.0181264
-0.0421908
-0.408548
-0.106102
-0.660755
-0.348308
-0.672787
-0.0314868
-0.0215642
-0.808813
-0.365341
-0.471052
-0.044691
-0.966091
-0.438315
-0.744355
-0.991171
-0.0311743
-0.951871
-0.267287
-0.604891
-0.890695
-0.624893
-0.351043
-0.2826
-0.0198453
-0.425502
-0.886944
-0.788577
-0.852723
-0.1572
-0.0555512
-0.387921
-0.506368
-0.919994
-0.158606
-0.369169
-0.324791
-0.428393
-0.531604
-0.547699
-0.136886
-0.52551
-0.188687
-0.0771154
-0.196734
-0.871709
-0.391046
-0.203297
-0.335261
-0.763106
-0.172748
-0.522775
-0.578873
-0.0887569
-0.792796
-0.793578
-0.96781
-0.821627
-0.222752
-0.673646
-0.223142
-0.760763
-0.650051
-0.961325
-0.375498
-0.736073
-0.144308
-0.180717
-0.299945
-0.887804
-0.980233
-0.591921
-0.998437
-0.651535
-0.292367
-0.19775
-0.0982108
-0.901008
-0.92476
-0.221424
-0.377451
-0.171654
-0.27885
-0.18353
-0.927182
-0.761544
-0.824283
-0.815142
-0.776623
-0.186968
-0.693804
-0.718337
-0.189234
-0.199078
-0.394406
-0.952496
-0.406672
-0.687944
-0.411595
-0.785608
-0.19064
-0.512696
-0.331276
-0.874521
-0.0182827
-0.0770373
-0.179311
-0.986327
-0.950934
-0.0582077
-0.980311
-0.609344
-0.883819
-0.0916478
-0.437456
-0.552699
-0.251973
-0.189937
-0.355887
-0.362841
-0.913509
-0.712478
-0.882491
-0.795453
-0.385968
-0.0707868
-0.785452
-0.155793
-0.741933
-0.451051
-0.584343
-0.308383
-0.769513
-0.601453
-0.124072
-0.668099
-0.986093
-0.898664
-0.402063
-0.659973
-0.174076
-0.81897
-0.630362
-0.57067
-0.259317
-0.827721
-0.581764
-0.733417
-0.551918
-0.0777404
-0.33612
-0.954762
-0.911946
-0.364013
-0.174857
-0.993203
-0.484178
-0.971795
-0.710212
-0.377217
-0.119384
-0.622705
-0.863192
-0.491913
-0.696695
-0.362997
-0.948355
-0.483241
-0.762716
-0.0856317
-0.0958669
-0.378311
-0.36331
-0.0180483
-0.0247676
-0.523166
-0.66599
-0.515665
-0.993359
-0.519025
-0.742558
-0.590437
-0.667396
-0.829284
-0.930229
-0.44105
-0.354168
-0.97953
-0.435112
-0.0300023
-0.690523
-0.986561
-0.00320338
-0.714353
-0.300648
-0.0446129
-0.948668
-0.552934
-0.304243
-0.846082
-0.676225
-0.798109
-0.978358
-0.173764
-0.749277
-0.0888351
-0.81022
-0.678959
-0.407922
-0.966716
-0.577701
-0.827408
-0.512071
-0.19189
-0.791468
-0.497383
-0.916322
-0.339714
-0.756231
-0.639503
-0.609188
-0.848973
-0.320884
-0.557231
-0.262521
-0.542074
-0.882413
-0.77803
-0.500586
-0.630674
-0.640363
-0.800844
-0.588171
-0.162122
-0.153215
-0.166966
-0.233456
-0.0606297
-0.520431
-0.0561763
-0.527307
-0.589421
-0.440894
-0.319322
-0.208766
-0.554887
-0.739823
-0.980623
-0.679037
-0.425346
-0.852098
-0.0178139
-0.972498
-0.867021
-0.345652
-0.0803969
-0.92851
-0.0577389
-0.875772
-0.297054
-0.243144
-0.221111
-0.307758
-0.630127
-0.5184
-0.603172
-0.507383
-0.146496
-0.668568
-0.0906321
-0.210954
-0.0427377
-0.53051
-0.303774
-0.741542
-0.363935
-0.157434
-0.107821
-0.0440659
-0.826705
-0.355262
-0.223455
-0.830456
-0.191577
-0.721775
-0.955856
-0.155872
-0.759356
-0.336433
-0.024455
-0.453473
-0.124463
-0.755215
-0.413001
-0.0992265
-0.12751
-0.434721
-0.942886
-0.263614
-0.785999
-0.277756
-0.939605
-0.531838
-0.599969
-0.793031
-0.845847
-0.623955
-0.141964
-0.65802
-0.738495
-0.684428
-0.627549
-0.943433
-0.385577
-0.983671
-0.358544
-0.955231
-0.0164857
-0.676303
-0.815532
-0.863739
-0.613876
-0.894367
-0.443785
-0.963982
-0.967888
-0.83905
-0.108133
-0.113759
-0.368232
-0.115712
-0.803813
-0.250254
-0.806626
-0.87749
-0.680366
-0.721541
-0.903586
-0.499727
-0.439019
-0.901164
-0.959606
-0.992187
-0.257676
-0.461833
-0.988749
-0.491054
-0.505039
-0.623799
-0.107118
-0.887257
-0.85827
-0.39425
-0.91765
-0.635909
-0.807719
-0.121416
-0.075709
-0.883116
-0.934839
-0.469021
-0.591687
-0.946168
-0.99539
-0.972029
-0.762481
-0.033362
-0.439722
-0.0579733
-0.928041
-0.953199
-0.563482
-0.656379
-0.372607
-0.0914134
-0.385186
-0.896554
-0.931635
-0.754668
-0.291038
-0.901555
-0.0467224
-0.419095
-0.458239
-0.18728
-0.763497
-0.259864
-0.949684
-0.779436
-0.814204
-0.567544
-0.562388
-0.412454
-0.977264
-0.929838
-0.353934
-0.92726
-0.778967
-0.709665
-0.255254
-0.921713
-0.541917
-0.847566
-0.00726619
-0.620361
-0.340495
-0.930463
-0.49332
-0.0103133
-0.299867
-0.87038
-0.0948512
-0.151809
-0.853348
-0.296586
-0.138605
-0.908821
-0.667083
-0.759591
-0.388702
-0.6806
-0.77381
-0.559731
-0.820064
-0.874287
-0.966013
-0.420892
-0.858973
-0.551059
-0.886085
-0.596922
-0.113524
-0.315962
-0.459567
-0.483475
-0.814986
-0.741777
-0.416204
-0.813579
-0.428158
-0.479334
-0.891554
-0.816548
-0.0902414
-0.123838
-0.615829
-0.329948
-0.578326
-0.966794
-0.595125
-0.71279
-0.952184
-0.336979
-0.146418
-0.651145
-0.20525
-0.770841
-0.897648
-0.175561
-0.150012
-0.452613
-0.932807
-0.0160169
-0.571763
-0.503242
-0.223064
-0.743339
-0.764669
-0.521213
-0.230409
-0.381124
-0.990546
-0.891788
-0.868818
-0.746386
-0.444175
-0.0510977
-0.394796
-0.0396125
-0.833581
-0.888507
-0.137042
-0.560356
-0.95945
-0.95734
-0.486913
-0.581608
-0.69857
-0.781155
-0.197515
-0.0459411
-0.244863
-0.604422
-0.786155
-0.312603
-0.710368
-0.412063
-0.890148
-0.50293
-0.153371
-0.201813
-0.00421908
-0.940855
-0.81061
-0.766075
-0.834831
-0.167279
-0.303149
-0.602156
-0.280881
-0.636534
-0.947105
-0.204469
-0.596609
-0.0438315
-0.774436
-0.699117
-0.903117
-0.395187
-0.126729
-0.260489
-0.0890695
-0.862489
-0.335104
-0.72826
-0.401985
-0.64255
-0.288694
-0.378858
-0.485272
-0.21572
-0.105555
-0.538792
-0.150637
-0.591999
-0.0158606
-0.536917
-0.732479
-0.342839
-0.45316
-0.0547699
-0.213689
-0.652551
-0.518869
-0.707712
-0.819673
-0.787171
-0.539105
-0.22033
-0.133526
-0.776311
-0.117275
-0.152278
-0.957887
-0.608876
-0.77928
-0.779358
-0.796781
-0.682163
-0.122275
-0.267365
-0.622314
-0.776076
-0.0650051
-0.496133
-0.63755
-0.173607
-0.714431
-0.318072
-0.929995
-0.38878
-0.698023
-0.659192
-0.999844
-0.965154
-0.229237
-0.119775
-0.709821
-0.290101
-0.692476
-0.422142
-0.137745
-0.717165
-0.927885
-0.918353
-0.792718
-0.776154
-0.0824283
-0.381514
-0.0776623
-0.318697
-0.0693804
-0.471834
-0.218923
-0.819908
-0.839441
-0.19525
-0.540667
-0.568794
-0.841159
-0.578561
-0.019064
-0.25127
-0.0331276
-0.387452
-0.401828
-0.607704
-0.517931
-0.498633
-0.195093
-0.505821
-0.798031
-0.960934
-0.288382
-0.309165
-0.943746
-0.45527
-0.525197
-0.118994
-0.535589
-0.436284
-0.291351
-0.971248
-0.588249
-0.179545
-0.0385968
-0.607079
-0.378545
-0.415579
-0.674193
-0.345105
-0.958434
-0.730838
-0.976951
-0.860145
-0.812407
-0.16681
-0.198609
-0.289866
-0.640206
-0.765997
-0.817408
-0.281897
-0.863036
-0.457067
-0.925932
-0.482772
-0.658176
-0.773342
-0.455192
-0.507774
-0.233612
-0.0954762
-0.291195
-0.936401
-0.817486
-0.29932
-0.748418
-0.897179
-0.0710212
-0.837722
-0.811938
-0.0622705
-0.886319
-0.649191
-0.76967
-0.6363
-0.894836
-0.548324
-0.276272
-0.608563
-0.709587
-0.237831
-0.036331
-0.101805
-0.702477
-0.652317
-0.466599
-0.0515665
-0.499336
-0.351902
-0.474256
-0.759044
-0.26674
-0.482928
-0.693023
-0.544105
-0.335417
-0.797953
-0.943511
-0.403
-0.869052
-0.798656
-0.10032
-0.371435
-0.830065
-0.104461
-0.294867
-0.755293
-0.430424
-0.984608
-0.567622
-0.579811
-0.297836
-0.417376
-0.0749277
-0.708884
-0.081022
-0.0678959
-0.140792
-0.396672
-0.45777
-0.0827408
-0.451207
-0.619189
-0.0791468
-0.649738
-0.891632
-0.833971
-0.975623
-0.56395
-0.760919
-0.684897
-0.732088
-0.255723
-0.0262521
-0.854207
-0.488241
-0.877803
-0.750059
-0.263067
-0.664036
-0.0800844
-0.858817
-0.516212
-0.115322
-0.716697
-0.823346
-0.606063
-0.152043
-0.905618
-0.952731
-0.458942
-0.344089
-0.731932
-0.220877
-0.255489
-0.973982
-0.198062
-0.167904
-0.442535
-0.68521
-0.801781
-0.79725
-0.786702
-0.434565
-0.90804
-0.492851
-0.905774
-0.987577
-0.229705
-0.224314
-0.0221111
-0.930776
-0.563013
-0.55184
-0.0603172
-0.450738
-0.51465
-0.766857
-0.00906321
-0.0210954
-0.704274
-0.053051
-0.830377
-0.174154
-0.836393
-0.515743
-0.0107821
-0.404407
-0.182671
-0.735526
-0.0223455
-0.983046
-0.219158
-0.872178
-0.495586
-0.515587
-0.975936
-0.633643
-0.302446
-0.445347
-0.312446
-0.675522
-0.6413
-0.00992265
-0.212751
-0.443472
-0.894289
-0.426361
-0.0785999
-0.527776
-0.69396
-0.753184
-0.959997
-0.0793031
-0.684585
-0.662395
-0.714196
-0.265802
-0.27385
-0.0684428
-0.262755
-0.594343
-0.538558
-0.0983671
-0.935854
-0.695523
-0.101649
-0.66763
-0.881553
-0.586374
-0.761388
-0.789437
-0.0443785
-0.896398
-0.896789
-0.983905
-0.410813
-0.611376
-0.336823
-0.111571
-0.880381
-0.325025
-0.480663
-0.187749
-0.868037
-0.572154
-0.590359
-0.649973
-0.943902
-0.490116
-0.295961
-0.999219
-0.825768
-0.146183
-0.598875
-0.549105
-0.450504
-0.46238
-0.110712
-0.688726
-0.585827
-0.639425
-0.591765
-0.963591
-0.880772
-0.412142
-0.907571
-0.388312
-0.593484
-0.346902
-0.359169
-0.0946168
-0.099539
-0.197203
-0.976248
-0.703336
-0.843972
-0.205797
-0.892804
-0.0953199
-0.256348
-0.165638
-0.937261
-0.00914134
-0.0385186
-0.589655
-0.493164
-0.975467
-0.529104
-0.990155
-0.804672
-0.44191
-0.545824
-0.718728
-0.27635
-0.625986
-0.594968
-0.677944
-0.18142
-0.456754
-0.856239
-0.941245
-0.897726
-0.192984
-0.0353934
-0.892726
-0.0778967
-0.370966
-0.725525
-0.792171
-0.654192
-0.884757
-0.300727
-0.0620361
-0.83405
-0.993046
-0.449332
-0.201031
-0.829987
-0.087038
-0.409485
-0.315181
-0.285335
-0.629659
-0.41386
-0.290882
-0.866708
-0.275959
-0.53887
-0.16806
-0.477381
-0.455973
-0.682006
-0.0874287
-0.496601
-0.742089
-0.485897
-0.355106
-0.188608
-0.0596922
-0.311352
-0.431596
-0.245957
-0.848348
-0.181499
-0.474178
-0.74162
-0.381358
-0.0428158
-0.547933
-0.189155
-0.181655
-0.509024
-0.512384
-0.261583
-0.332995
-0.257833
-0.496679
-0.759512
-0.371279
-0.795218
-0.333698
-0.414642
-0.465114
-0.720525
-0.677084
-0.989765
-0.717556
-0.0150012
-0.345261
-0.993281
-0.501602
-0.857176
-0.150324
-0.522306
-0.474334
-0.776467
-0.152121
-0.923041
-0.838112
-0.899055
-0.489179
-0.0868818
-0.374639
-0.544418
-0.40511
-0.33948
-0.703961
-0.983358
-0.288851
-0.413704
-0.256036
-0.095945
-0.395734
-0.248691
-0.458161
-0.169857
-0.878115
-0.819752
-0.804594
-0.424486
-0.660442
-0.278616
-0.13126
-0.271037
-0.441206
-0.389015
-0.750293
-0.315337
-0.320181
-0.400422
-0.294085
-0.581061
-0.576608
-0.583483
-0.116728
-0.0303149
-0.760216
-0.528088
-0.763653
-0.294711
-0.720447
-0.659661
-0.104383
-0.277444
-0.869912
-0.990312
-0.839519
-0.212673
-0.426049
-0.00890695
-0.986249
-0.93351
-0.172826
-0.540198
-0.464255
-0.528869
-0.937886
-0.148527
-0.121572
-0.110556
-0.653879
-0.815064
-0.7592
-0.301586
-0.253692
-0.573248
-0.834284
-0.045316
-0.105477
-0.521369
-0.265255
-0.151887
-0.870771
-0.181967
-0.578717
-0.0539105
-0.022033
-0.913353
-0.677631
-0.111727
-0.915228
-0.0957887
-0.360888
-0.477928
-0.577936
-0.879678
-0.168216
-0.512228
-0.226736
-0.562231
-0.377608
-0.206501
-0.0496133
-0.063755
-0.217361
-0.471443
-0.131807
-0.392999
-0.638878
-0.469802
-0.765919
-0.799984
-0.396515
-0.422924
-0.311977
-0.570982
-0.32901
-0.369248
-0.342214
-0.313775
-0.971717
-0.692788
-0.491835
-0.679272
-0.477615
-0.508243
-0.338151
-0.407766
-0.93187
-0.806938
-0.947183
-0.221892
-0.481991
-0.483944
-0.919525
-0.0540667
-0.0568794
-0.684116
-0.557856
-0.401906
-0.625127
-0.403313
-0.938745
-0.340183
-0.86077
-0.951793
-0.249863
-0.719509
-0.450582
-0.479803
-0.996093
-0.128838
-0.730916
-0.994375
-0.745527
-0.25252
-0.311899
-0.553559
-0.443628
-0.929135
-0.197125
-0.958825
-0.817955
-0.40386
-0.0607079
-0.537855
-0.941558
-0.967419
-0.734511
-0.795843
-0.473084
-0.497695
-0.986015
-0.881241
-0.516681
-0.219861
-0.0289866
-0.464021
-0.4766
-0.281741
-0.82819
-0.686304
-0.0457067
-0.192593
-0.948277
-0.465818
-0.877334
-0.645519
-0.950777
-0.0233612
-0.209548
-0.729119
-0.59364
-0.381749
-0.129932
-0.974842
-0.389718
-0.907102
-0.283772
-0.281194
-0.706227
-0.488632
-0.964919
-0.176967
-0.46363
-0.389484
-0.854832
-0.627627
-0.960856
-0.270959
-0.423783
-0.503633
-0.31018
-0.170248
-0.965232
-0.24666
-0.00515665
-0.149934
-0.43519
-0.0474256
-0.575904
-0.426674
-0.148293
-0.0693023
-0.454411
-0.333542
-0.379795
-0.694351
-0.8403
-0.386905
-0.279866
-0.410032
-0.437144
-0.483006
-0.710446
-0.429487
-0.775529
-0.943042
-0.298461
-0.556762
-0.157981
-0.229784
-0.241738
-0.907493
-0.370888
-0.708102
-0.90679
-0.214079
-0.739667
-0.945777
-0.908274
-0.545121
-0.561919
-0.307915
-0.664974
-0.289163
-0.483397
-0.797562
-0.856395
-0.976092
-0.66849
-0.0732088
-0.325572
-0.602625
-0.385421
-0.948824
-0.58778
-0.0750059
-0.726307
-0.966404
-0.508008
-0.285882
-0.751621
-0.611532
-0.37167
-0.882335
-0.760606
-0.615204
-0.190562
-0.495273
-0.445894
-0.434409
-0.873193
-0.722088
-0.0255489
-0.697398
-0.519806
-0.91679
-0.444253
-0.068521
-0.280178
-0.479725
-0.97867
-0.243457
-0.290804
-0.849285
-0.390577
-0.0987577
-0.0229705
-0.122431
-0.302211
-0.393078
-0.656301
-0.355184
-0.206032
-0.945074
-0.751465
-0.576686
-0.600906
-0.00210954
-0.470427
-0.905305
-0.883038
-0.917415
-0.583639
-0.151574
-0.801078
-0.640441
-0.818267
-0.473553
-0.602235
-0.298305
-0.521916
-0.387218
-0.349559
-0.951559
-0.197594
-0.0633643
-0.130245
-0.0445347
-0.931245
-0.667552
-0.86413
-0.700992
-0.321275
-0.644347
-0.689429
-0.742636
-0.60786
-0.552778
-0.269396
-0.0753184
-0.796
-0.50793
-0.268458
-0.86624
-0.17142
-0.22658
-0.527385
-0.606844
-0.326275
-0.759434
-0.353856
-0.909837
-0.893585
-0.269552
-0.110165
-0.566763
-0.388155
-0.558637
-0.576139
-0.478944
-0.804438
-0.38964
-0.889679
-0.39839
-0.841081
-0.561138
-0.133682
-0.811157
-0.888038
-0.0325025
-0.248066
-0.318775
-0.0868037
-0.357215
-0.659036
-0.964997
-0.19439
-0.349012
-0.829596
-0.999922
-0.982577
-0.114618
-0.559887
-0.854911
-0.64505
-0.846238
-0.711071
-0.568873
-0.858583
-0.463942
-0.459176
-0.396359
-0.388077
-0.541214
-0.690757
-0.0388312
-0.659348
-0.0346902
-0.735917
-0.109462
-0.409954
-0.41972
-0.597625
-0.270334
-0.284397
-0.42058
-0.78928
-0.00953199
-0.125635
-0.0165638
-0.693726
-0.700914
-0.303852
-0.758966
-0.249316
-0.597547
-0.25291
-0.399016
-0.980467
-0.644191
-0.654582
-0.971873
-0.727635
-0.262599
-0.559497
-0.767794
-0.218142
-0.645675
-0.985624
-0.794125
-0.0897726
-0.0192984
-0.303539
-0.689273
-0.70779
-0.837097
-0.672553
-0.979217
-0.365419
-0.488476
-0.930073
-0.406204
-0.583405
-0.0993046
-0.144933
-0.320103
-0.382999
-0.408704
-0.140949
-0.431518
-0.228533
-0.962966
-0.741386
-0.329088
-0.386671
-0.227596
-0.753887
-0.116806
-0.0477381
-0.645597
-0.968201
-0.908743
-0.64966
-0.874209
-0.94859
-0.535511
-0.418861
-0.405969
-0.531135
-0.44316
-0.824596
-0.884835
-0.31815
-0.947418
-0.274162
-0.138136
-0.804282
-0.354793
-0.118916
-0.518165
-0.550902
-0.851238
-0.826158
-0.233299
-0.0257833
-0.749668
-0.175951
-0.237128
-0.879522
-0.13337
-0.741464
-0.346511
-0.272053
-0.667708
-0.898976
-0.471756
-0.2015
-0.934526
-0.399328
-0.0501602
-0.185718
-0.415032
-0.552231
-0.147433
-0.877647
-0.715212
-0.492304
-0.783811
-0.789905
-0.148918
-0.208688
-0.537464
-0.854442
-0.540511
-0.533948
-0.0703961
-0.698336
-0.728885
-0.54137
-0.725604
-0.809594
-0.539573
-0.324869
-0.445816
-0.416986
-0.987812
-0.281975
-0.880459
-0.342449
-0.366044
-0.627862
-0.013126
-0.927104
-0.744121
-0.938901
-0.375029
-0.631534
-0.832018
-0.540042
-0.429409
-0.758106
-0.0576608
-0.858348
-0.411673
-0.803031
-0.0760216
-0.952809
-0.476365
-0.229471
-0.172045
-0.365966
-0.610438
-0.127744
-0.486991
-0.599031
-0.583952
-0.221267
-0.342605
-0.400891
-0.398625
-0.893351
-0.217283
-0.45402
-0.246426
-0.952887
-0.493789
-0.114853
-0.612157
-0.511056
-0.965388
-0.281506
-0.77592
-0.0301586
-0.725369
-0.757325
-0.883428
-0.0045316
-0.0105477
-0.352137
-0.526526
-0.415189
-0.587077
-0.918197
-0.757872
-0.00539105
-0.202203
-0.0913353
-0.367763
-0.0111727
-0.491523
-0.609579
-0.936089
-0.747793
-0.757794
-0.987968
-0.316822
-0.651223
-0.222674
-0.656223
-0.337761
-0.32065
-0.504961
-0.606375
-0.221736
-0.447144
-0.713181
-0.0392999
-0.763888
-0.34698
-0.376592
-0.979998
-0.539652
-0.342292
-0.331198
-0.857098
-0.132901
-0.636925
-0.0342214
-0.631377
-0.797172
-0.769279
-0.549184
-0.467927
-0.347762
-0.550824
-0.833815
-0.940777
-0.793187
-0.880694
-0.394718
-0.0221892
-0.948199
-0.448394
-0.991952
-0.205407
-0.805688
-0.668412
-0.0557856
-0.440191
-0.162513
-0.240331
-0.593875
-0.434018
-0.786077
-0.295179
-0.824986
-0.971951
-0.745058
-0.14798
-0.999609
-0.912884
-0.573092
-0.799437
-0.274553
-0.225252
-0.23119
-0.555356
-0.844363
-0.292914
-0.319712
-0.295882
-0.981795
-0.940386
-0.706071
-0.453785
-0.194156
-0.296742
-0.173451
-0.679584
-0.547308
-0.0497695
-0.0986015
-0.988124
-0.351668
-0.421986
-0.102899
-0.946402
-0.04766
-0.628174
-0.082819
-0.46863
-0.504571
-0.519259
-0.794828
-0.246582
-0.987733
-0.264552
-0.995078
-0.902336
-0.220955
-0.272912
-0.859364
-0.638175
-0.312993
-0.797484
-0.838972
-0.0907102
-0.228377
-0.928119
-0.970623
-0.448863
-0.0964919
-0.517697
-0.446363
-0.538948
-0.185483
-0.362763
-0.896086
-0.827096
-0.442378
-0.650363
-0.031018
-0.917025
-0.496523
-0.724666
-0.600516
-0.914993
-0.043519
-0.704743
-0.15759
-0.142667
-0.814829
-0.70693
-0.645441
-0.933354
-0.13798
-0.769435
-0.58403
-0.238691
-0.227987
-0.841003
-0.543714
-0.248301
-0.371045
-0.742949
-0.677553
-0.0943042
-0.0298461
-0.655676
-0.215798
-0.122978
-0.424174
-0.590749
-0.737089
-0.37081
-0.690679
-0.0214079
-0.773967
-0.594578
-0.590827
-0.754512
-0.256192
-0.130791
-0.166497
-0.128916
-0.74834
-0.879756
-0.18564
-0.397609
-0.666849
-0.707321
-0.732557
-0.360263
-0.338542
-0.494882
-0.358778
-0.00750059
-0.672631
-0.99664
-0.250801
-0.928588
-0.0751621
-0.761153
-0.737167
-0.388233
-0.576061
-0.46152
-0.919056
-0.949527
-0.744589
-0.0434409
-0.687319
-0.272209
-0.702555
-0.66974
-0.351981
-0.491679
-0.644425
-0.706852
-0.628018
-0.0479725
-0.697867
-0.624346
-0.22908
-0.0849285
-0.939058
-0.409876
-0.402297
-0.712243
-0.830221
-0.139308
-0.0656301
-0.635518
-0.720603
-0.694507
-0.875146
-0.157669
-0.160091
-0.700211
-0.147043
-0.790531
-0.288304
-0.291742
-0.0583639
-0.0151574
-0.380108
-0.764044
-0.381827
-0.147355
-0.860223
-0.82983
-0.0521916
-0.638722
-0.434956
-0.995156
-0.919759
-0.106336
-0.713024
-0.00445347
-0.993124
-0.466755
-0.086413
-0.270099
-0.232128
-0.764435
-0.468943
-0.574264
-0.060786
-0.555278
-0.82694
-0.407532
-0.8796
-0.150793
-0.626846
-0.786624
-0.417142
-0.022658
-0.0527385
-0.760684
-0.632628
-0.0759434
-0.935386
-0.590984
-0.789359
-0.0269552
-0.0110165
-0.456676
-0.838816
-0.0558637
-0.457614
-0.0478944
-0.680444
-0.738964
-0.788968
-0.939839
-0.584108
-0.256114
-0.113368
-0.281116
-0.688804
-0.60325
-0.524807
-0.0318775
-0.10868
-0.235722
-0.565904
-0.1965
-0.819439
-0.734901
-0.88296
-0.899992
-0.698258
-0.711462
-0.655989
-0.285491
-0.664505
-0.184624
-0.171107
-0.156887
-0.985858
-0.846394
-0.745918
-0.339636
-0.738808
-0.754121
-0.169076
-0.703883
-0.965935
-0.403469
-0.973592
-0.110946
-0.740995
-0.241972
-0.959762
-0.0270334
-0.0284397
-0.342058
-0.278928
-0.200953
-0.812563
-0.201656
-0.969373
-0.170091
-0.930385
-0.475897
-0.124932
-0.859755
-0.725291
-0.739902
-0.998047
-0.564419
-0.865458
-0.997187
-0.372763
-0.12626
-0.15595
-0.776779
-0.221814
-0.464568
-0.598562
-0.479412
-0.908977
-0.70193
-0.530354
-0.268927
-0.970779
-0.48371
-0.867255
-0.397922
-0.736542
-0.248848
-0.493007
-0.94062
-0.75834
-0.10993
-0.514493
-0.73201
-0.2383
-0.14087
-0.414095
-0.343152
-0.522853
-0.596297
-0.974139
-0.232909
-0.938667
-0.32276
-0.975389
-0.511681
-0.104774
-0.36456
-0.29682
-0.190874
-0.564966
-0.987421
-0.194859
-0.453551
-0.141886
-0.640597
-0.853114
-0.244316
-0.48246
-0.588483
-0.231815
-0.694742
-0.927416
-0.813814
-0.480428
-0.135479
-0.211892
-0.251817
-0.15509
-0.585124
-0.482616
-0.62333
-0.00257833
-0.574967
-0.217595
-0.523713
-0.787952
-0.713337
-0.0741464
-0.534651
-0.227205
-0.666771
-0.689898
-0.847176
-0.92015
-0.193453
-0.139933
-0.205016
-0.718572
-0.241503
-0.855223
-0.714743
-0.387765
-0.471521
-0.14923
-0.278381
-0.0789905
-0.614892
-0.120869
-0.953746
-0.685444
-0.854051
-0.453395
-0.10704
-0.869834
-0.972889
-0.954137
-0.77256
-0.280959
-0.653957
-0.832487
-0.644582
-0.741699
-0.398781
-0.928198
-0.988046
-0.334245
-0.536604
-0.662786
-0.801313
-0.69271
-0.474412
-0.79389
-0.0375029
-0.363153
-0.983202
-0.254004
-0.642941
-0.375811
-0.805766
-0.685835
-0.941167
-0.880303
-0.307602
-0.595281
-0.747637
-0.722947
-0.217204
-0.436597
-0.361044
-0.512774
-0.348699
-0.759903
-0.458395
-0.222127
-0.53426
-0.140089
-0.239862
-0.489335
-0.121728
-0.145402
-0.424643
-0.695289
-0.0493789
-0.0114853
-0.561216
-0.151106
-0.696539
-0.328151
-0.177592
-0.603016
-0.472537
-0.375732
-0.788343
-0.800453
-0.501055
-0.735214
-0.952653
-0.441519
-0.458708
-0.29182
-0.0757872
-0.900539
-0.82022
-0.909134
-0.736776
-0.301117
-0.149152
-0.260958
-0.193609
-0.174779
-0.975779
-0.598797
-0.531682
-0.565122
-0.0222674
-0.965622
-0.333776
-0.432065
-0.350496
-0.160638
-0.822174
-0.344714
-0.871318
-0.30393
-0.776389
-0.134698
-0.0376592
-0.398
-0.753965
-0.134229
-0.93312
-0.0857098
-0.11329
-0.263692
-0.803422
-0.163138
-0.379717
-0.676928
-0.954918
-0.946793
-0.134776
-0.0550824
-0.283382
-0.194078
-0.279319
-0.288069
-0.239472
-0.402219
-0.69482
-0.944839
-0.699195
-0.920541
-0.280569
-0.566841
-0.405579
-0.444019
-0.0162513
-0.624033
-0.159387
-0.543402
-0.178608
-0.829518
-0.982499
-0.0971951
-0.674506
-0.414798
-0.499961
-0.491288
-0.557309
-0.279944
-0.427455
-0.322525
-0.923119
-0.855536
-0.784436
-0.929291
-0.231971
-0.729588
-0.69818
-0.694039
-0.770607
-0.845379
-0.519416
-0.829674
-0.0173451
-0.867958
-0.554731
-0.704977
-0.20986
-0.798812
-0.135167
-0.142199
-0.71029
-0.39464
-0.004766
-0.0628174
-0.0082819
-0.846863
-0.850457
-0.651926
-0.379483
-0.624658
-0.298773
-0.626455
-0.699508
-0.990234
-0.822095
-0.327291
-0.985936
-0.863817
-0.631299
-0.779748
-0.883897
-0.109071
-0.322838
-0.992812
-0.397062
-0.544886
-0.509649
-0.65177
-0.344636
-0.853895
-0.418548
-0.336276
-0.989609
-0.68271
-0.244238
-0.465036
-0.703102
-0.791702
-0.549652
-0.572467
-0.660052
-0.191499
-0.704352
-0.0704743
-0.715759
-0.614267
-0.981483
-0.870693
-0.164544
-0.693335
-0.613798
-0.876944
-0.558403
-0.523869
-0.822799
-0.4841
-0.954371
-0.82483
-0.937104
-0.974295
-0.267755
-0.70943
-0.202985
-0.265568
-0.22158
-0.412298
-0.942417
-0.159075
-0.473709
-0.637081
-0.0690679
-0.402141
-0.677397
-0.0594578
-0.259083
-0.775451
-0.925619
-0.413079
-0.11665
-0.0128916
-0.874834
-0.0879756
-0.618564
-0.939761
-0.566685
-0.370732
-0.673256
-0.136026
-0.333854
-0.449488
-0.235878
-0.60075
-0.967263
-0.699664
-0.0250801
-0.592859
-0.207516
-0.276115
-0.573717
-0.938823
-0.357606
-0.746152
-0.391906
-0.394953
-0.0744589
-0.604344
-0.768732
-0.427221
-0.270255
-0.266974
-0.535198
-0.349168
-0.864443
-0.770685
-0.862802
-0.404797
-0.269787
-0.162435
-0.222908
-0.708493
-0.993906
-0.640988
-0.94023
-0.671224
-0.683022
-0.313931
-0.00656301
-0.463552
-0.37206
-0.969451
-0.187515
-0.815767
-0.916009
-0.270021
-0.214704
-0.879053
-0.0288304
-0.429174
-0.705836
-0.401516
-0.538011
-0.976404
-0.738183
-0.614736
-0.0860223
-0.182983
-0.805219
-0.563872
-0.743496
-0.799516
-0.291976
-0.110634
-0.671302
-0.700445
-0.199312
-0.446676
-0.608641
-0.72701
-0.123213
-0.476443
-0.246894
-0.0574264
-0.806079
-0.755528
-0.482694
-0.640753
-0.88796
-0.0150793
-0.362685
-0.878662
-0.941714
-0.0022658
-0.505274
-0.676068
-0.763263
-0.207594
-0.293539
-0.459098
-0.378936
-0.502696
-0.101102
-0.545668
-0.683882
-0.505586
-0.745761
-0.304789
-0.968044
-0.873896
-0.878897
-0.993984
-0.658411
-0.825611
-0.111337
-0.828112
-0.66888
-0.160325
-0.752481
-0.803188
-0.110868
-0.723572
-0.35659
-0.51965
-0.881944
-0.67349
-0.188296
-0.989999
-0.769826
-0.671146
-0.665599
-0.428549
-0.566451
-0.318462
-0.0171107
-0.815689
-0.898586
-0.384639
-0.774592
-0.733964
-0.673881
-0.275412
-0.416908
-0.970388
-0.396593
-0.440347
-0.197359
-0.0110946
-0.4741
-0.724197
-0.495976
-0.602703
-0.402844
-0.834206
-0.0278928
-0.220095
-0.0812563
-0.120166
-0.796937
-0.717009
-0.893039
-0.14759
-0.912493
-0.485975
-0.372529
-0.0739902
-0.499805
-0.456442
-0.786546
-0.399719
-0.137276
-0.612626
-0.615595
-0.277678
-0.922181
-0.646457
-0.159856
-0.647941
-0.490898
-0.470193
-0.853035
-0.226893
-0.597078
-0.148371
-0.0867255
-0.339792
-0.773654
-0.524885
-0.0493007
-0.994062
-0.675834
-0.710993
-0.551449
-0.973201
-0.02383
-0.314087
-0.0414095
-0.234315
-0.252285
-0.25963
-0.897414
-0.123291
-0.493867
-0.132276
-0.497539
-0.951168
-0.110477
-0.636456
-0.929682
-0.319087
-0.156497
-0.898742
-0.419486
-0.545355
-0.614189
-0.96406
-0.985311
-0.724432
-0.548246
-0.258848
-0.723181
-0.269474
-0.0927416
-0.681381
-0.948043
-0.413548
-0.221189
-0.325182
-0.515509
-0.958512
-0.748262
-0.862333
-0.300258
-0.957497
-0.52176
-0.352371
-0.578795
-0.0713337
-0.907415
-0.353465
-0.822721
-0.466677
-0.0689898
-0.384718
-0.792015
-0.619345
-0.113993
-0.420502
-0.771857
-0.12415
-0.685522
-0.871474
-0.338776
-0.547152
-0.014923
-0.327838
-0.107899
-0.0614892
-0.712087
-0.795375
-0.368544
-0.185405
-0.345339
-0.010704
-0.386983
-0.297289
-0.295414
-0.877256
-0.628096
-0.0653957
-0.583249
-0.0644582
-0.37417
-0.439878
-0.0928198
-0.698805
-0.833424
-0.85366
-0.366279
-0.680131
-0.669271
-0.247441
-0.179389
-0.00375029
-0.836315
-0.49832
-0.1254
-0.964294
-0.0375811
-0.380577
-0.868583
-0.694117
-0.78803
-0.73076
-0.959528
-0.974764
-0.372295
-0.0217204
-0.84366
-0.136104
-0.351277
-0.33487
-0.67599
-0.74584
-0.322213
-0.853426
-0.314009
-0.0239862
-0.348934
-0.812173
-0.11454
-0.542464
-0.969529
-0.204938
-0.701149
-0.356122
-0.415111
-0.569654
-0.0328151
-0.317759
-0.860302
-0.847254
-0.937573
-0.0788343
-0.580045
-0.350105
-0.0735214
-0.395265
-0.144152
-0.145871
-0.529182
-0.00757872
-0.690054
-0.882022
-0.690913
-0.0736776
-0.430112
-0.914915
-0.0260958
-0.819361
-0.717478
-0.997578
-0.45988
-0.553168
-0.356512
-0.502227
-0.996562
-0.233378
-0.0432065
-0.63505
-0.616064
-0.382217
-0.234471
-0.287132
-0.030393
-0.777639
-0.41347
-0.203766
-0.4398
-0.0753965
-0.813423
-0.393312
-0.708571
-0.011329
-0.526369
-0.380342
-0.816314
-0.0379717
-0.467693
-0.295492
-0.894679
-0.513478
-0.505508
-0.728338
-0.419408
-0.527932
-0.728807
-0.523947
-0.840222
-0.369482
-0.394484
-0.96992
-0.292054
-0.128057
-0.556684
-0.140558
-0.344402
-0.801625
-0.762403
-0.0159387
-0.55434
-0.617861
-0.782952
-0.59825
-0.40972
-0.367451
-0.94148
-0.949996
-0.849129
-0.355731
-0.327994
-0.142746
-0.832253
-0.592312
-0.0855536
-0.0784436
-0.492929
-0.923197
-0.872959
-0.669818
-0.369404
-0.377061
-0.0845379
-0.851942
-0.982967
-0.201735
-0.986796
-0.0554731
-0.370498
-0.620986
-0.479881
-0.0135167
-0.0142199
-0.171029
-0.139464
-0.100477
-0.406282
-0.600828
-0.984686
-0.585046
-0.465193
-0.737948
-0.562466
-0.429877
-0.862646
-0.369951
-0.499023
-0.28221
-0.932729
-0.998594
-0.686382
-0.0631299
-0.0779748
-0.38839
-0.610907
-0.232284
-0.799281
-0.239706
-0.454489
-0.350965
-0.265177
-0.134464
-0.985389
-0.741855
-0.433628
-0.698961
-0.868271
-0.624424
-0.246504
-0.97031
-0.37917
-0.554965
-0.757247
-0.866005
-0.11915
-0.570435
-0.207047
-0.171576
-0.261427
-0.298148
-0.487069
-0.616454
-0.469334
-0.66138
-0.487694
-0.75584
-0.552387
-0.18228
-0.64841
-0.595437
-0.782483
-0.49371
-0.0974295
-0.726776
-0.070943
-0.820298
-0.926557
-0.622158
-0.74123
-0.294242
-0.615907
-0.347371
-0.463708
-0.406907
-0.740214
-0.0677397
-0.105946
-0.625908
-0.577545
-0.792562
-0.741308
-0.311665
-0.501289
-0.787483
-0.608798
-0.761856
-0.893976
-0.356668
-0.537073
-0.767326
-0.113603
-0.333385
-0.344949
-0.923588
-0.960075
-0.0967263
-0.569966
-0.102508
-0.859286
-0.620752
-0.427612
-0.357372
-0.693882
-0.735761
-0.0746152
-0.639191
-0.539495
-0.307446
-0.560434
-0.976873
-0.842722
-0.927026
-0.726697
-0.0535198
-0.934917
-0.486444
-0.477069
-0.38628
-0.14048
-0.326979
-0.916243
-0.322291
-0.870849
-0.199391
-0.464099
-0.494023
-0.167122
-0.268302
-0.831393
-0.400656
-0.346355
-0.237206
-0.896945
-0.0187515
-0.181577
-0.491601
-0.627002
-0.82147
-0.187905
-0.902883
-0.342917
-0.470584
-0.940152
-0.653801
-0.79764
-0.873818
-0.861474
-0.108602
-0.218298
-0.680522
-0.756387
-0.67435
-0.379952
-0.729198
-0.611063
-0.26713
-0.570045
-0.119931
-0.744668
-0.0608641
-0.572701
-0.712321
-0.847644
-0.0246894
-0.505743
-0.780608
-0.0755528
-0.848269
-0.164075
-0.588796
-0.301508
-0.236268
-0.687866
-0.394171
-0.900227
-0.750527
-0.367607
-0.976326
-0.720759
-0.729354
-0.64591
-0.0378936
-0.45027
-0.41011
-0.454567
-0.368388
-0.150559
-0.574576
-0.130479
-0.0968044
-0.58739
-0.98789
-0.299398
-0.765841
-0.782561
-0.511134
-0.982811
-0.166888
-0.216033
-0.175248
-0.0803188
-0.911087
-0.172357
-0.435659
-0.151965
-0.888194
-0.067349
-0.0188296
-0.199
-0.376983
-0.0671146
-0.96656
-0.542855
-0.0566451
-0.631846
-0.901711
-0.0815689
-0.189859
-0.338464
-0.477459
-0.473396
-0.567388
-0.527541
-0.641691
-0.0970388
-0.639659
-0.644035
-0.619736
-0.201109
-0.84741
-0.97242
-0.849598
-0.46027
-0.640284
-0.783421
-0.702789
-0.72201
-0.00812563
-0.812017
-0.0796937
-0.771701
-0.0893039
-0.914759
-0.991249
-0.0485975
-0.837253
-0.707399
-0.74998
-0.245644
-0.778655
-0.639972
-0.713728
-0.161263
-0.961559
-0.427768
-0.392218
-0.464646
-0.615986
-0.364794
-0.34909
-0.847019
-0.885304
-0.422689
-0.259708
-0.914837
-0.00867255
-0.933979
-0.277365
-0.852488
-0.10493
-0.399406
-0.0675834
-0.0710993
-0.855145
-0.69732
-0.502383
-0.0314087
-0.00414095
-0.923432
-0.925229
-0.325963
-0.689741
-0.812329
-0.149387
-0.313228
-0.849754
-0.495117
-0.411048
-0.663646
-0.992968
-0.431909
-0.31565
-0.389874
-0.941949
-0.0545355
-0.161419
-0.996406
-0.198531
-0.272443
-0.754825
-0.325885
-0.672318
-0.926947
-0.709274
-0.168138
-0.494804
-0.341355
-0.122119
-0.232518
-0.851551
-0.895851
-0.774826
-0.786233
-0.330026
-0.59575
-0.852176
-0.0352371
-0.85788
-0.307133
-0.490741
-0.435347
-0.0822721
-0.346668
-0.306899
-0.438472
-0.779202
-0.761935
-0.911399
-0.24205
-0.977186
-0.912415
-0.468552
-0.487147
-0.633878
-0.354715
-0.101492
-0.632784
-0.11079
-0.706149
-0.471209
-0.0795375
-0.736854
-0.318541
-0.0345339
-0.70107
-0.338698
-0.529729
-0.129541
-0.887726
-0.96281
-0.70654
-0.558325
-0.506446
-0.937417
-0.0439878
-0.809282
-0.46988
-0.783342
-0.685366
-0.836628
-0.568013
-0.666927
-0.724744
-0.617939
-0.800375
-0.483632
-0.849832
-0.51254
-0.296429
-0.103758
-0.138058
-0.786858
-0.469412
-0.678803
-0.373076
-0.195953
-0.697476
-0.537229
-0.802172
-0.884366
-0.21361
-0.635128
-0.633487
-0.267599
-0.674584
-0.432221
-0.385343
-0.931401
-0.702399
-0.634893
-0.581217
-0.611454
-0.354246
-0.996953
-0.320494
-0.470115
-0.835612
-0.341511
-0.156965
-0.00328151
-0.731776
-0.18603
-0.484725
-0.0937573
-0.907883
-0.458005
-0.135011
-0.107352
-0.939527
-0.514415
-0.714587
-0.352918
-0.700758
-0.269005
-0.988202
-0.369091
-0.307368
-0.543011
-0.0914915
-0.40261
-0.781936
-0.371748
-0.899758
-0.645988
-0.0553168
-0.335651
-0.850223
-0.599656
-0.723338
-0.304321
-0.863505
-0.561606
-0.238222
-0.123447
-0.528713
-0.903039
-0.377764
-0.241347
-0.820377
-0.94398
-0.50754
-0.181342
-0.439331
-0.970857
-0.501133
-0.752637
-0.838034
-0.881631
-0.603797
-0.646769
-0.229549
-0.189468
-0.251348
-0.0505508
-0.272834
-0.841941
-0.752793
-0.872881
-0.652395
-0.484022
-0.936948
-0.939448
-0.496992
-0.829205
-0.912806
-0.555668
-0.914056
-0.83444
-0.0801625
-0.87624
-0.401594
-0.555434
-0.861786
-0.178295
-0.759825
-0.440972
-0.336745
-0.094148
-0.995
-0.884913
-0.335573
-0.832799
-0.714275
-0.283225
-0.159231
-0.508555
-0.407844
-0.949293
-0.69232
-0.387296
-0.366982
-0.83694
-0.637706
-0.208454
-0.485194
-0.198297
-0.220173
-0.0986796
-0.00554731
-0.23705
-0.862099
-0.247988
-0.301352
-0.201422
-0.917103
-0.513946
-0.610048
-0.0406282
-0.0600828
-0.398469
-0.858505
-0.446519
-0.573795
-0.956247
-0.242988
-0.186265
-0.536995
-0.749902
-0.228221
-0.893273
-0.199859
-0.568638
-0.806313
-0.807797
-0.138839
-0.961091
-0.323228
-0.0799281
-0.823971
-0.745449
-0.235096
-0.426518
-0.113446
-0.298539
-0.574185
-0.0433628
-0.669896
-0.386827
-0.262442
-0.52465
-0.997031
-0.337917
-0.355497
-0.275725
-0.486601
-0.511915
-0.157044
-0.0207047
-0.617158
-0.626143
-0.629815
-0.448707
-0.0616454
-0.746933
-0.566138
-0.248769
-0.475584
-0.0552387
-0.318228
-0.964841
-0.159544
-0.578248
-0.949371
-0.709743
-0.272678
-0.807094
-0.98203
-0.992656
-0.362216
-0.774123
-0.629424
-0.361591
-0.634737
-0.546371
-0.840691
-0.474021
-0.706774
-0.610595
-0.162591
-0.257755
-0.479256
-0.874131
-0.931166
-0.650129
-0.978748
-0.26088
-0.176186
-0.289398
-0.535667
-0.453707
-0.176733
-0.41136
-0.733339
-0.534495
-0.192359
-0.896008
-0.809673
-0.556997
-0.210251
-0.885929
-0.562075
-0.342761
-0.435737
-0.169388
-0.773576
-0.507462
-0.163919
-0.55395
-0.530745
-0.356043
-0.397687
-0.684272
-0.592703
-0.17267
-0.505352
-0.693492
-0.648644
-0.647707
-0.438628
-0.814048
-0.532698
-0.791624
-0.532229
-0.687085
-0.219939
-0.0464099
-0.349402
-0.916712
-0.42683
-0.183139
-0.840066
-0.334636
-0.623721
-0.0896945
-0.00187515
-0.418158
-0.24916
-0.5627
-0.482147
-0.518791
-0.690288
-0.934292
-0.347058
-0.394015
-0.86538
-0.979764
-0.487382
-0.686147
-0.0108602
-0.42183
-0.0680522
-0.175639
-0.167435
-0.337995
-0.37292
-0.161106
-0.926713
-0.657004
-0.511993
-0.174467
-0.906086
-0.0572701
-0.771232
-0.984764
-0.602469
-0.350574
-0.178061
-0.707555
-0.784827
-0.0164075
-0.65888
-0.930151
-0.423627
-0.468787
-0.539417
-0.290023
-0.675053
-0.536761
-0.697633
-0.572076
-0.572935
-0.764591
-0.503789
-0.345027
-0.941011
-0.845457
-0.536839
-0.715056
-0.457458
-0.0130479
-0.90968
-0.858739
-0.498789
-0.22994
-0.276584
-0.678256
-0.251113
-0.998281
-0.616689
-0.521603
-0.317525
-0.808032
-0.191109
-0.617236
-0.643566
-0.515196
-0.888819
-0.206735
-0.101883
-0.7199
-0.537698
-0.906711
-0.196656
-0.854285
-0.505665
-0.763185
-0.190171
-0.408157
-0.0189859
-0.233846
-0.147746
-0.94734
-0.256739
-0.252754
-0.364169
-0.209704
-0.763966
-0.364403
-0.261974
-0.420111
-0.684741
-0.697242
-0.48496
-0.146027
-0.564028
-0.778342
-0.570279
-0.172201
-0.400813
-0.381202
-0.00796937
-0.77717
-0.30893
-0.891476
-0.799125
-0.20486
-0.683725
-0.47074
-0.974998
-0.424564
-0.677865
-0.163997
-0.571373
-0.416126
-0.796156
-0.542777
-0.0392218
-0.746465
-0.461599
-0.936479
-0.834909
-0.184702
-0.18853
-0.0422689
-0.425971
-0.991484
-0.100867
-0.493398
-0.0277365
-0.185249
-0.310493
-0.239941
-0.506758
-0.00710993
-0.585514
-0.569732
-0.0502383
-0.203141
-0.300414
-0.992343
-0.292523
-0.232596
-0.868974
-0.781233
-0.214939
-0.931323
-0.684975
-0.749512
-0.141105
-0.466365
-0.999297
-0.843191
-0.031565
-0.0389874
-0.694195
-0.805454
-0.616142
-0.399641
-0.119853
-0.727244
-0.175482
-0.132588
-0.567232
-0.492695
-0.870927
-0.216814
-0.34948
-0.934135
-0.312212
-0.623252
-0.985155
-0.689585
-0.777483
-0.378623
-0.433003
-0.559575
-0.785218
-0.103524
-0.085788
-0.130713
-0.149074
-0.243535
-0.308227
-0.734667
-0.83069
-0.243847
-0.37792
-0.276193
-0.59114
-0.824205
-0.797719
-0.891242
-0.746855
-0.548715
-0.363388
-0.0354715
-0.910149
-0.963278
-0.811079
-0.870615
-0.147121
-0.807954
-0.173685
-0.731854
-0.203453
-0.370107
-0.53387
-0.0529729
-0.812954
-0.288773
-0.396281
-0.370654
-0.655832
-0.250645
-0.893742
-0.304399
-0.880928
-0.446988
-0.678334
-0.268537
-0.883663
-0.0568013
-0.666693
-0.672474
-0.961794
-0.480038
-0.0483632
-0.784983
-0.051254
-0.429643
-0.810376
-0.713806
-0.178686
-0.846941
-0.86788
-0.537308
-0.819595
-0.769748
-0.653723
-0.780217
-0.988437
-0.421361
-0.963513
-0.863349
-0.52676
-0.467458
-0.243222
-0.238534
-0.19314
-0.0702399
-0.663489
-0.958122
-0.661145
-0.435425
-0.0996953
-0.232049
-0.747011
-0.583561
-0.134151
-0.915697
-0.200328
-0.673178
-0.118603
-0.448473
-0.00937573
-0.0907883
-0.2458
-0.813501
-0.410735
-0.593953
-0.451442
-0.671459
-0.735292
-0.970076
-0.326901
-0.89882
-0.436909
-0.430737
-0.0543011
-0.109149
-0.340261
-0.878194
-0.837175
-0.689976
-0.864599
-0.805532
-0.633565
-0.285022
-0.559966
-0.872334
-0.530432
-0.28635
-0.856161
-0.923822
-0.0123447
-0.752871
-0.890304
-0.537776
-0.924135
-0.0820377
-0.294398
-0.650754
-0.118134
-0.343933
-0.697086
-0.450113
-0.375264
-0.683803
-0.488163
-0.86038
-0.864677
-0.822955
-0.518947
-0.725135
-0.705055
-0.227283
-0.684194
-0.575279
-0.287288
-0.0652395
-0.548402
-0.293695
-0.493945
-0.149699
-0.382921
-0.391281
-0.255567
-0.991406
-0.083444
-0.608016
-0.587624
-0.0401594
-0.955543
-0.0861786
-0.21783
-0.575982
-0.444097
-0.0336745
-0.509415
-0.5995
-0.688491
-0.533557
-0.98328
-0.271427
-0.528323
-0.815923
-0.950856
-0.0407844
-0.0949293
-0.169232
-0.73873
-0.736698
-0.283694
-0.263771
-0.820845
-0.0485194
-0.81983
-0.822017
-0.309868
-0.100555
-0.423705
-0.48621
-0.424799
-0.730135
-0.820142
-0.89171
-0.851395
-0.861005
-0.00406282
-0.906008
-0.0398469
-0.88585
-0.544652
-0.457379
-0.995625
-0.0242988
-0.418626
-0.3537
-0.87499
-0.122822
-0.389327
-0.819986
-0.856864
-0.0806313
-0.98078
-0.713884
-0.196109
-0.732323
-0.307993
-0.682397
-0.174545
-0.92351
-0.942652
-0.211345
-0.129854
-0.957419
-0.504336
-0.46699
-0.138683
-0.926244
-0.552465
-0.199703
-0.533792
-0.0355497
-0.927572
-0.84866
-0.251191
-0.0157044
-0.50207
-0.961716
-0.462614
-0.162981
-0.344871
-0.906165
-0.0746933
-0.656614
-0.424877
-0.747558
-0.705524
-0.331823
-0.996484
-0.215954
-0.157825
-0.194937
-0.470974
-0.0272678
-0.0807094
-0.998203
-0.599266
-0.636222
-0.877412
-0.662942
-0.836159
-0.463474
-0.354637
-0.0840691
-0.747402
-0.670677
-0.561059
-0.116259
-0.925775
-0.447926
-0.887413
-0.893117
-0.165013
-0.797875
-0.926088
-0.517619
-0.42894
-0.653567
-0.745371
-0.217673
-0.541136
-0.673334
-0.153449
-0.219236
-0.889601
-0.380967
-0.9557
-0.121025
-0.988593
-0.456208
-0.734276
-0.743574
-0.816939
-0.177358
-0.550746
-0.816392
-0.055395
-0.353074
-0.735604
-0.0397687
-0.868427
-0.65927
-0.017267
-0.850535
-0.669349
-0.264864
-0.0647707
-0.443863
-0.981405
-0.85327
-0.279162
-0.253223
-0.468708
-0.521994
-0.404641
-0.23494
-0.391671
-0.342683
-0.418314
-0.284007
-0.333464
-0.362372
-0.808969
-0.400188
-0.241816
-0.924916
-0.25627
-0.148215
-0.0518791
-0.569029
-0.893429
-0.234706
-0.339402
-0.686538
-0.0979764
-0.848738
-0.268615
-0.901086
-0.942183
-0.106805
-0.817564
-0.316743
-0.6338
-0.337292
-0.216111
-0.192671
-0.9657
-0.351199
-0.317447
-0.790609
-0.305727
-0.177123
-0.498476
-0.160247
-0.735057
-0.917806
-0.670756
-0.578483
-0.00164075
-0.365888
-0.593015
-0.242363
-0.0468787
-0.453942
-0.229002
-0.0675053
-0.0536761
-0.969763
-0.257208
-0.357294
-0.676459
-0.850379
-0.634503
-0.494101
-0.184546
-0.153684
-0.271506
-0.545746
-0.701305
-0.390968
-0.185874
-0.449879
-0.322994
-0.0276584
-0.167826
-0.425111
-0.799828
-0.361669
-0.65216
-0.431752
-0.280803
-0.619111
-0.0617236
-0.764357
-0.45152
-0.688882
-0.620673
-0.410188
-0.47199
-0.25377
-0.590671
-0.719666
-0.485429
-0.250566
-0.876318
-0.419017
-0.440816
-0.301899
-0.323385
-0.114775
-0.594734
-0.625674
-0.525275
-0.136417
-0.42097
-0.876397
-0.43644
-0.326197
-0.742011
-0.468474
-0.469724
-0.748496
-0.914603
-0.956403
-0.277834
-0.957028
-0.41722
-0.0400813
-0.93812
-0.200797
-0.777717
-0.430893
-0.0891476
-0.879912
-0.220486
-0.168373
-0.547074
-0.9975
-0.442456
-0.667787
-0.9164
-0.357137
-0.641613
-0.0796156
-0.754278
-0.203922
-0.474646
-0.84616
-0.693648
-0.683491
-0.41847
-0.318853
-0.104227
-0.242597
-0.0991484
-0.110087
-0.54934
-0.502774
-0.118525
-0.431049
-0.123994
-0.650676
-0.100711
-0.458551
-0.256973
-0.305024
-0.0203141
-0.530041
-0.199234
-0.429252
-0.72326
-0.286897
-0.978123
-0.121494
-0.0931323
-0.768498
-0.374951
-0.61411
-0.946636
-0.0999297
-0.284319
-0.403156
-0.903899
-0.569419
-0.980545
-0.661614
-0.539964
-0.411985
-0.872724
-0.617548
-0.713259
-0.0567232
-0.649269
-0.787093
-0.521681
-0.334948
-0.693414
-0.631221
-0.762325
-0.998516
-0.668959
-0.177748
-0.637862
-0.2433
-0.255957
-0.0785218
-0.510352
-0.808579
-0.313071
-0.814907
-0.724353
-0.530823
-0.373467
-0.283069
-0.124385
-0.737792
-0.527619
-0.659114
-0.982421
-0.0797719
-0.789124
-0.974686
-0.354871
-0.136339
-0.403547
-0.991015
-0.996328
-0.181108
-0.387061
-0.314712
-0.180795
-0.317369
-0.773185
-0.420345
-0.737011
-0.353387
-0.805297
-0.581295
-0.628877
-0.239628
-0.437065
-0.465583
-0.825064
-0.989374
-0.63044
-0.588093
-0.144699
-0.267833
-0.726854
-0.0883663
-0.70568
-0.366669
-0.767247
-0.0961794
-0.448004
-0.904836
-0.778498
-0.605125
-0.942964
-0.281038
-0.671381
-0.717869
-0.0846941
-0.886788
-0.753731
-0.0819595
-0.276975
-0.765372
-0.678022
-0.198844
-0.342136
-0.296351
-0.0863349
-0.252676
-0.346746
-0.324322
-0.323853
-0.219314
-0.907024
-0.266349
-0.395812
-0.266115
-0.343542
-0.60997
-0.0232049
-0.174701
-0.958356
-0.713415
-0.0915697
-0.420033
-0.667318
-0.81186
-0.0448473
-0.000937573
-0.209079
-0.62458
-0.28135
-0.741074
-0.259395
-0.845144
-0.467146
-0.173529
-0.697008
-0.43269
-0.489882
-0.243691
-0.343074
-0.50543
-0.710915
-0.534026
-0.0878194
-0.583717
-0.168998
-0.68646
-0.0805532
-0.963357
-0.828502
-0.755997
-0.587233
-0.953043
-0.528635
-0.885616
-0.492382
-0.801234
-0.675287
-0.58903
-0.353778
-0.892413
-0.00820377
-0.82944
-0.965075
-0.211813
-0.234393
-0.269709
-0.145011
-0.337526
-0.26838
-0.848816
-0.286038
-0.786468
-0.382295
-0.251895
-0.172513
-0.470506
-0.922728
-0.768419
-0.357528
-0.728729
-0.506524
-0.95484
-0.929369
-0.249394
-0.61497
-0.138292
-0.839128
-0.125557
-0.999141
-0.808344
-0.260802
-0.158762
-0.404016
-0.0955543
-0.308618
-0.821783
-0.257598
-0.44441
-0.103367
-0.0509415
-0.35995
-0.268849
-0.953356
-0.598328
-0.427143
-0.252832
-0.381592
-0.0950856
-0.204078
-0.509493
-0.616923
-0.573873
-0.97367
-0.128369
-0.626377
-0.682085
-0.104852
-0.381983
-0.182202
-0.630987
-0.710055
-0.34237
-0.348621
-0.74248
-0.573014
-0.782014
-0.389171
-0.785139
-0.0861005
-0.200406
-0.690601
-0.00398469
-0.888585
-0.154465
-0.445738
-0.399562
-0.10243
-0.841863
-0.73537
-0.987499
-0.212282
-0.338933
-0.581999
-0.785686
-0.208063
-0.398078
-0.771388
-0.0196109
-0.373232
-0.230799
-0.46824
-0.417454
-0.092351
-0.594265
-0.521134
-0.212985
-0.495742
-0.550434
-0.746699
-0.513868
-0.592624
-0.155247
-0.61997
-0.253379
-0.503555
-0.292757
-0.284866
-0.525119
-0.10157
-0.650207
-0.996172
-0.146261
-0.616298
-0.434487
-0.890616
-0.607469
-0.465661
-0.842488
-0.874756
-0.0705524
-0.733182
-0.499648
-0.421595
-0.0157825
-0.519494
-0.847097
-0.902727
-0.308071
-0.69982
-0.0599266
-0.363622
-0.0877412
-0.566294
-0.283616
-0.246347
-0.935464
-0.608407
-0.67474
-0.467068
-0.156106
-0.811626
-0.992578
-0.344793
-0.888741
-0.189312
-0.216501
-0.279787
-0.392609
-0.551762
-0.042894
-0.565357
-0.0745371
-0.621767
-0.654114
-0.867333
-0.415345
-0.621924
-0.68896
-0.638097
-0.29557
-0.912103
-0.398859
-0.945621
-0.873428
-0.774357
-0.681694
-0.0177358
-0.955075
-0.981639
-0.905539
-0.935307
-0.57356
-0.903977
-0.586843
-0.865927
-0.101727
-0.685054
-0.766935
-0.0264864
-0.906477
-0.144386
-0.19814
-0.185327
-0.327916
-0.125322
-0.946871
-0.152199
-0.940464
-0.723494
-0.339167
-0.634268
-0.441831
-0.528401
-0.833346
-0.836237
-0.480897
-0.240019
-0.524182
-0.892492
-0.025627
-0.714821
-0.405188
-0.356903
-0.589343
-0.423471
-0.43394
-0.768654
-0.409798
-0.384874
-0.826861
-0.390109
-0.994218
-0.710681
-0.481756
-0.431674
-0.26338
-0.733729
-0.621611
-0.619267
-0.09657
-0.53512
-0.331745
-0.979061
-0.330573
-0.717712
-0.0498476
-0.116025
-0.873506
-0.791781
-0.567076
-0.457848
-0.100164
-0.336589
-0.0593015
-0.224236
-0.00468787
-0.0453942
-0.1229
-0.406751
-0.705368
-0.296976
-0.225721
-0.335729
-0.867646
-0.485038
-0.16345
-0.44941
-0.218455
-0.715368
-0.527151
-0.554575
-0.67013
-0.439097
-0.918587
-0.844988
-0.432299
-0.402766
-0.816783
-0.142511
-0.779983
-0.936167
-0.765216
-0.643175
-0.42808
-0.461911
-0.00617236
-0.376436
-0.945152
-0.768888
-0.462067
-0.0410188
-0.147199
-0.825377
-0.0590671
-0.171967
-0.348543
-0.725057
-0.687632
-0.341902
-0.244082
-0.43019
-0.932338
-0.911477
-0.259473
-0.862567
-0.352528
-0.613642
-0.842097
-0.78764
-0.643644
-0.53262
-0.774201
-0.646847
-0.246972
-0.0748496
-0.69146
-0.19564
-0.627783
-0.995703
-0.041722
-0.304008
-0.793812
-0.0200797
-0.477772
-0.543089
-0.108915
-0.287991
-0.222049
-0.516837
-0.254707
-0.79975
-0.344246
-0.766779
-0.99164
-0.135714
-0.264161
-0.907962
-0.475428
-0.0203922
-0.547465
-0.084616
-0.869365
-0.868349
-0.641847
-0.131885
-0.410423
-0.52426
-0.909915
-0.911009
-0.154934
-0.550277
-0.711852
-0.743105
-0.712399
-0.865068
-0.910071
-0.945855
-0.925697
-0.430502
-0.00203141
-0.453004
-0.0199234
-0.442925
-0.772326
-0.22869
-0.997812
-0.512149
-0.209313
-0.67685
-0.937495
-0.061411
-0.694664
-0.909993
-0.928432
-0.0403156
-0.99039
-0.856942
-0.0980545
-0.866161
-0.153996
-0.341199
-0.0872724
-0.461755
-0.971326
-0.605672
-0.0649269
-0.478709
-0.752168
-0.733495
-0.569341
-0.963122
-0.776233
-0.0998516
-0.266896
-0.517775
-0.463786
-0.42433
-0.625596
-0.507852
-0.251035
-0.980858
-0.731307
-0.0814907
-0.172435
-0.453082
-0.0373467
-0.328307
-0.212438
-0.373779
-0.352762
-0.665911
-0.498242
-0.107977
-0.0789124
-0.597469
-0.235487
-0.513634
-0.540355
-0.499101
-0.299633
-0.818111
-0.438706
-0.831471
-0.41808
-0.231737
-0.677319
-0.0420345
-0.373701
-0.335339
-0.78053
-0.0581295
-0.962888
-0.723963
-0.443707
-0.946558
-0.0825064
-0.398937
-0.963044
-0.758809
-0.21447
-0.826783
-0.372685
-0.108837
-0.270568
-0.336667
-0.0767247
-0.109618
-0.4448
-0.190484
-0.47785
-0.560513
-0.994296
-0.728104
-0.367138
-0.871787
-0.408469
-0.0886788
-0.775373
-0.908196
-0.527697
-0.676537
-0.867802
-0.519884
-0.934214
-0.329635
-0.508633
-0.425268
-0.834675
-0.132432
-0.532385
-0.721931
-0.990702
-0.926635
-0.639581
-0.626611
-0.734354
-0.760997
-0.70232
-0.61747
-0.695836
-0.171342
-0.209157
-0.642003
-0.166732
-0.181186
-0.404485
-0.200094
-0.620908
-0.462458
-0.128135
-0.574107
-0.0259395
-0.784514
-0.946715
-0.117353
-0.169701
-0.843269
-0.0489882
-0.924369
-0.134307
-0.950543
-0.971091
-0.553403
-0.408782
-0.158372
-0.3169
-0.668646
-0.108055
-0.0963357
-0.48285
-0.6756
-0.658723
-0.895304
-0.652864
-0.588562
-0.249238
-0.580123
-0.367529
-0.958903
-0.835378
-0.289241
-0.50082
-0.682944
-0.296508
-0.121181
-0.0234393
-0.226971
-0.614501
-0.0337526
-0.526838
-0.484882
-0.128604
-0.678647
-0.33823
-0.425189
-0.817251
-0.247051
-0.0922728
-0.576842
-0.635753
-0.772873
-0.350652
-0.195484
-0.592937
-0.224939
-0.161497
-0.0138292
-0.0839128
-0.712556
-0.899914
-0.680834
-0.82608
-0.215876
-0.140402
-0.309555
-0.0308618
-0.882178
-0.72576
-0.844441
-0.310337
-0.205094
-0.735995
-0.126885
-0.295336
-0.859833
-0.742714
-0.625283
-0.438159
-0.709509
-0.220408
-0.150949
-0.661692
-0.557387
-0.297367
-0.312837
-0.762638
-0.0682085
-0.210485
-0.938198
-0.21822
-0.663099
-0.871006
-0.234237
-0.234862
-0.374248
-0.457301
-0.978201
-0.138917
-0.978514
-0.20861
-0.520041
-0.96906
-0.100398
-0.388859
-0.715447
-0.544574
-0.439956
-0.110243
-0.584186
-0.273537
-0.99875
-0.721228
-0.833893
-0.9582
-0.678569
-0.320806
-0.539808
-0.377139
-0.101961
-0.737323
-0.42308
-0.346824
-0.341745
-0.209235
-0.659427
-0.0521134
-0.621299
-0.549574
-0.555043
-0.77467
-0.751387
-0.559262
-0.715525
-0.561997
-0.325338
-0.550355
-0.729276
-0.628487
-0.152512
-0.010157
-0.265021
-0.0996172
-0.214626
-0.86163
-0.143449
-0.989062
-0.560747
-0.0465661
-0.384249
-0.687476
-0.307055
-0.473318
-0.549965
-0.64216
-0.201578
-0.951949
-0.28471
-0.490273
-0.330807
-0.769982
-0.705993
-0.436362
-0.308774
-0.856629
-0.0283616
-0.324635
-0.393546
-0.760841
-0.667474
-0.846707
-0.815611
-0.881163
-0.499258
-0.334479
-0.588874
-0.318931
-0.12165
-0.127979
-0.539261
-0.255176
-0.904289
-0.656536
-0.407454
-0.862177
-0.265411
-0.186733
-0.641534
-0.0621924
-0.868896
-0.76381
-0.329557
-0.49121
-0.539886
-0.394562
-0.987343
-0.177436
-0.568169
-0.701774
-0.495507
-0.498164
-0.0905539
-0.193531
-0.157356
-0.0903977
-0.158684
-0.386593
-0.210173
-0.868505
-0.676693
-0.902649
-0.290648
-0.814439
-0.619814
-0.218533
-0.732792
-0.412532
-0.994687
-0.81522
-0.794046
-0.0723494
-0.133917
-0.863427
-0.544183
-0.35284
-0.683335
-0.383624
-0.54809
-0.224002
-0.952418
-0.389249
-0.802563
-0.971482
-0.640519
-0.83569
-0.358934
-0.0423471
-0.443394
-0.876865
-0.54098
-0.638487
-0.382686
-0.339011
-0.599422
-0.671068
-0.648176
-0.543167
-0.126338
-0.173373
-0.662161
-0.661927
-0.609657
-0.953512
-0.633174
-0.197906
-0.133057
-0.671771
-0.804985
-0.511602
-0.0873506
-0.479178
-0.856708
-0.0457848
-0.210016
-0.833659
-0.90593
-0.0224236
-0.000468787
-0.104539
-0.31229
-0.640675
-0.870537
-0.129698
-0.922572
-0.733573
-0.586765
-0.848504
-0.216345
-0.244941
-0.621845
-0.671537
-0.752715
-0.855457
-0.767013
-0.0439097
-0.791859
-0.584499
-0.34323
-0.540277
-0.481678
-0.414251
-0.377998
-0.293617
-0.476522
-0.264318
-0.942808
-0.246191
-0.900617
-0.837644
-0.794515
-0.176889
-0.446207
-0.504102
-0.41472
-0.482538
-0.605907
-0.117197
-0.134854
-0.0725057
-0.168763
-0.63419
-0.424408
-0.643019
-0.393234
-0.691148
-0.125947
-0.0862567
-0.235253
-0.461364
-0.88421
-0.178764
-0.864364
-0.753262
-0.97742
-0.964685
-0.124697
-0.807485
-0.069146
-0.419564
-0.562778
-0.49957
-0.404172
-0.130401
-0.0793812
-0.702008
-0.547777
-0.154309
-0.410891
-0.628799
-0.222205
-0.551684
-0.0254707
-0.679975
-0.634425
-0.476678
-0.299164
-0.713571
-0.126416
-0.190796
-0.547543
-0.102039
-0.754746
-0.308462
-0.786936
-0.486835
-0.564185
-0.813189
-0.341042
-0.052426
-0.690991
-0.0911009
-0.315493
-0.355028
-0.171185
-0.17431
-0.87124
-0.286507
-0.891007
-0.694586
-0.89257
-0.0430502
-0.600203
-0.8453
-0.501992
-0.944293
-0.577233
-0.722869
-0.199781
-0.551215
-0.920931
-0.367685
-0.99375
-0.606141
-0.169466
-0.790999
-0.392843
-0.604032
-0.699039
-0.885694
-0.509805
-0.686616
-0.1154
-0.73412
-0.708727
-0.0461755
-0.297133
-0.260567
-0.106493
-0.747871
-0.775217
-0.873349
-0.756934
-0.796312
-0.577623
-0.809985
-0.62669
-0.751777
-0.646379
-0.142433
-0.76256
-0.0507852
-0.325104
-0.498086
-0.0731307
-0.308149
-0.717244
-0.945308
-0.803735
-0.232831
-0.921244
-0.437378
-0.535276
-0.366591
-0.749824
-0.210798
-0.00789124
-0.759747
-0.423549
-0.451363
-0.654035
-0.84991
-0.529963
-0.181811
-0.543871
-0.283147
-0.141808
-0.623174
-0.967732
-0.804203
-0.33737
-0.233534
-0.078053
-0.405813
-0.496289
-0.672396
-0.944371
-0.594656
-0.608251
-0.639894
-0.696304
-0.275881
-0.521447
-0.282678
-0.0372685
-0.310884
-0.327057
-0.933667
-0.207672
-0.310962
-0.34448
-0.819048
-0.647785
-0.456051
-0.69943
-0.97281
-0.936714
-0.887179
-0.840847
-0.508868
-0.477537
-0.49082
-0.45277
-0.967654
-0.78678
-0.451988
-0.793421
-0.932964
-0.0508633
-0.342527
-0.383467
-0.513243
-0.453239
-0.0721931
-0.0990702
-0.0926635
-0.663958
-0.0626611
-0.973435
-0.0760997
-0.970232
-0.361747
-0.669584
-0.317134
-0.720916
-0.7642
-0.416673
-0.918119
-0.740448
-0.120009
-0.762091
-0.946246
-0.0128135
-0.857411
-0.202594
-0.178451
-0.794671
-0.211735
-0.21697
-0.384327
-0.704899
-0.192437
-0.913431
-0.695054
-0.997109
-0.35534
-0.240878
-0.715837
-0.63169
-0.866865
-0.310806
-0.309634
-0.048285
-0.76756
-0.165872
-0.98953
-0.665286
-0.358856
-0.0249238
-0.558012
-0.436753
-0.39589
-0.283538
-0.228924
-0.050082
-0.168294
-0.529651
-0.112118
-0.00234393
-0.522697
-0.56145
-0.203375
-0.352684
-0.648488
-0.61286
-0.667865
-0.933823
-0.242519
-0.0817251
-0.224705
-0.109227
-0.357684
-0.763575
-0.277287
-0.835065
-0.219548
-0.959294
-0.922494
-0.71615
-0.701383
-0.408391
-0.0712556
-0.889991
-0.468083
-0.382608
-0.321588
-0.71404
-0.230956
-0.503086
-0.188218
-0.972576
-0.884444
-0.231034
-0.520509
-0.0735995
-0.412688
-0.0295336
-0.585983
-0.674271
-0.362528
-0.843816
-0.170951
-0.122041
-0.215095
-0.966169
-0.455739
-0.629737
-0.431284
-0.176264
-0.306821
-0.421049
-0.89382
-0.321822
-0.76631
-0.887101
-0.823424
-0.623486
-0.0374248
-0.34573
-0.0978201
-0.813892
-0.497851
-0.020861
-0.652004
-0.396906
-0.51004
-0.738886
-0.771545
-0.0544574
-0.143996
-0.111024
-0.758419
-0.127354
-0.399875
-0.172123
-0.383389
-0.49582
-0.567857
-0.632081
-0.953981
-0.737714
-0.510196
-0.773732
-0.542308
-0.934682
-0.434175
-0.820924
-0.0659427
-0.705211
-0.26213
-0.454957
-0.455504
-0.577467
-0.775139
-0.855926
-0.871552
-0.3562
-0.432534
-0.455036
-0.472928
-0.462849
-0.215251
-0.0010157
-0.226502
-0.509962
-0.721463
-0.886163
-0.614345
-0.998906
-0.756075
-0.604657
-0.838425
-0.968748
-0.0307055
-0.847332
-0.954996
-0.964216
-0.0201578
-0.495195
-0.428471
-0.549027
-0.433081
-0.576998
-0.670599
-0.543636
-0.230877
-0.485663
-0.302836
-0.532463
-0.739355
-0.876084
-0.366747
-0.784671
-0.981561
-0.888116
-0.0499258
-0.133448
-0.758887
-0.231893
-0.712165
-0.812798
-0.253926
-0.625518
-0.490429
-0.365654
-0.540745
-0.586218
-0.726541
-0.0186733
-0.164153
-0.606219
-0.18689
-0.676381
-0.832956
-0.749121
-0.0539886
-0.0394562
-0.798734
-0.117744
-0.256817
-0.270177
-0.249551
-0.649816
-0.909055
-0.719353
-0.415736
-0.70904
-0.115868
-0.838659
-0.0210173
-0.686851
-0.167669
-0.390265
-0.0290648
-0.481444
-0.361981
-0.721853
-0.973279
-0.0412532
-0.199469
-0.481522
-0.379405
-0.607235
-0.413392
-0.186343
-0.554418
-0.635284
-0.668333
-0.0383624
-0.554809
-0.7224
-0.0952418
-0.238925
-0.280256
-0.497148
-0.864052
-0.683569
-0.435893
-0.204235
-0.544339
-0.387687
-0.454098
-0.263849
-0.838269
-0.933901
-0.259942
-0.967107
-0.664818
-0.254317
-0.712634
-0.917337
-0.566216
-0.266193
-0.360966
-0.495351
-0.463317
-0.319791
-0.313306
-0.867177
-0.380498
-0.85116
-0.808735
-0.347918
-0.585671
-0.604578
-0.821002
-0.0833659
-0.590593
-0.702242
-0.600047
-0.810454
-0.731229
-0.0640675
-0.287054
-0.0129698
-0.892257
-0.973357
-0.0586765
-0.0848504
-0.921635
-0.524494
-0.962185
-0.567154
-0.475272
-0.985546
-0.776701
-0.204391
-0.579186
-0.15845
-0.334323
-0.554028
-0.548168
-0.241425
-0.8378
-0.829362
-0.947652
-0.326432
-0.794281
-0.124619
-0.790062
-0.183764
-0.979452
-0.417689
-0.144621
-0.25041
-0.841472
-0.648254
-0.560591
-0.0117197
-0.613485
-0.807251
-0.0168763
-0.763419
-0.242441
-0.0643019
-0.339323
-0.669115
-0.212595
-0.408626
-0.123525
-0.546136
-0.788421
-0.817876
-0.386436
-0.175326
-0.097742
-0.796468
-0.61247
-0.580748
-0.506915
-0.0419564
-0.356278
-0.449957
-0.340417
-0.91304
-0.607938
-0.570201
-0.154778
-0.515431
-0.941089
-0.86288
-0.42222
-0.155168
-0.602547
-0.367997
-0.0634425
-0.147668
-0.929916
-0.371357
-0.812642
-0.21908
-0.854754
-0.610204
-0.0754746
-0.830846
-0.278694
-0.148683
-0.156418
-0.881319
-0.534104
-0.105243
-0.469099
-0.60911
-0.831549
-0.435503
-0.117119
-0.117431
-0.187124
-0.728651
-0.489101
-0.0694586
-0.489257
-0.104305
-0.26002
-0.98453
-0.550199
-0.694429
-0.857723
-0.272287
-0.719978
-0.555121
-0.792093
-0.636768
-0.999375
-0.860614
-0.916947
-0.4791
-0.839284
-0.160403
-0.769904
-0.688569
-0.550981
-0.868662
-0.71154
-0.673412
-0.170873
-0.104618
-0.329713
-0.526057
-0.310649
-0.274787
-0.277522
-0.887335
-0.875693
-0.279631
-0.357762
-0.780999
-0.162669
-0.275178
-0.364638
-0.314243
-0.076256
-0.00507852
-0.13251
-0.549809
-0.607313
-0.430815
-0.0717244
-0.994531
-0.780373
-0.0232831
-0.192124
-0.843738
-0.153528
-0.236659
-0.774982
-0.82108
-0.100789
-0.475975
-0.142355
-0.745136
-0.165404
-0.884991
-0.352996
-0.718181
-0.154387
-0.428315
-0.514181
-0.662317
-0.696773
-0.38042
-0.833737
-0.923353
-0.907805
-0.440581
-0.249629
-0.66724
-0.794437
-0.159466
-0.560825
-0.0639894
-0.26963
-0.127588
-0.452145
-0.828268
-0.703727
-0.931088
-0.632706
-0.0933667
-0.820767
-0.0310962
-0.934448
-0.381905
-0.164778
-0.745605
-0.269943
-0.197281
-0.993671
-0.588718
-0.284085
-0.350887
-0.247754
-0.249082
-0.545277
-0.596765
-0.078678
-0.545199
-0.579342
-0.193296
-0.105086
-0.434253
-0.838347
-0.951324
-0.145324
-0.407219
-0.809907
-0.609266
-0.866396
-0.206266
-0.997344
-0.40761
-0.897023
-0.0361747
-0.0669584
-0.931713
-0.772092
-0.17642
-0.341667
-0.191812
-0.774045
-0.612001
-0.476209
-0.194625
-0.401281
-0.485741
-0.320259
-0.417845
-0.179467
-0.0211735
-0.721697
-0.938433
-0.27049
-0.319244
-0.191343
-0.669505
-0.299711
-0.835534
-0.324088
-0.271584
-0.563169
-0.586686
-0.831081
-0.330963
-0.804829
-0.476756
-0.316587
-0.598953
-0.566529
-0.335886
-0.902492
-0.255801
-0.0436753
-0.739589
-0.928354
-0.0228924
-0.105008
-0.416829
-0.952965
-0.511212
-0.000234393
-0.0522697
-0.656145
-0.320338
-0.435268
-0.0648488
-0.461286
-0.866786
-0.293382
-0.424252
-0.608173
-0.622471
-0.810923
-0.835768
-0.376358
-0.927729
-0.883507
-0.0219548
-0.895929
-0.792249
-0.671615
-0.770138
-0.740839
-0.207126
-0.188999
-0.146808
-0.738261
-0.632159
-0.971404
-0.623096
-0.950309
-0.918822
-0.897258
-0.0884444
-0.723103
-0.252051
-0.20736
-0.241269
-0.802953
-0.0585983
-0.0674271
-0.0362528
-0.0843816
-0.817095
-0.212204
-0.321509
-0.696617
-0.345574
-0.0629737
-0.0431284
-0.617626
-0.730682
-0.942105
-0.089382
-0.932182
-0.876631
-0.48871
-0.982342
-0.0623486
-0.903742
-0.534573
-0.209782
-0.781389
-0.249785
-0.702086
-0.5652
-0.0396906
-0.851004
-0.773889
-0.577154
-0.705446
-0.3144
-0.111102
-0.775842
-0.0127354
-0.839987
-0.317212
-0.738339
-0.649582
-0.856786
-0.0632081
-0.0953981
-0.273771
-0.0510196
-0.377373
-0.154231
-0.393468
-0.743417
-0.782092
-0.406594
-0.670521
-0.526213
-0.345496
-0.0455504
-0.157747
-0.177514
-0.585593
-0.587155
-0.93562
-0.643253
-0.445504
-0.347293
-0.446285
-0.521525
-0.300102
-0.92265
-0.750996
-0.472146
-0.288616
-0.361434
-0.599891
-0.775607
-0.960466
-0.183842
-0.996875
-0.303071
-0.584733
-0.3955
-0.196422
-0.802016
-0.849519
-0.442847
-0.754903
-0.343308
-0.5577
-0.36706
-0.854364
-0.523088
-0.648566
-0.630284
-0.553246
-0.373935
-0.387608
-0.436675
-0.378467
-0.398156
-0.788812
-0.904993
-0.813345
-0.375889
-0.823189
-0.571217
-0.38128
-0.0253926
-0.662552
-0.749043
-0.0365654
-0.154075
-0.358622
-0.972654
-0.901867
-0.116415
-0.960622
-0.218689
-0.767638
-0.183296
-0.874912
-0.105399
-0.503946
-0.379873
-0.711774
-0.725682
-0.827018
-0.424955
-0.764982
-0.590906
-0.771935
-0.141574
-0.570904
-0.311587
-0.483866
-0.902102
-0.168685
-0.616767
-0.539026
-0.202906
-0.248144
-0.336198
-0.972185
-0.797328
-0.804125
-0.319947
-0.348152
-0.63794
-0.260723
-0.141339
-0.518634
-0.655442
-0.163528
-0.466833
-0.103836
-0.155481
-0.67224
-0.909524
-0.823892
-0.728026
-0.349715
-0.986405
-0.968357
-0.943589
-0.420423
-0.754434
-0.238769
-0.24541
-0.726385
-0.983827
-0.39339
-0.725994
-0.896711
-0.966482
-0.525432
-0.171263
-0.191734
-0.756622
-0.726619
-0.0360966
-0.0495351
-0.0463317
-0.331979
-0.0313306
-0.986718
-0.0380498
-0.485116
-0.180874
-0.334792
-0.658567
-0.860458
-0.8821
-0.708337
-0.959059
-0.870224
-0.0600047
-0.381045
-0.973123
-0.00640675
-0.428705
-0.601297
-0.0892257
-0.897336
-0.105868
-0.608485
-0.692163
-0.352449
-0.596218
-0.956715
-0.347527
-0.498555
-0.17767
-0.620439
-0.357919
-0.815845
-0.933432
-0.155403
-0.654817
-0.0241425
-0.38378
-0.582936
-0.994765
-0.832643
-0.679428
-0.512462
-0.279006
-0.218376
-0.697945
-0.641769
-0.114462
-0.525041
-0.0841472
-0.764825
-0.556059
-0.00117197
-0.261349
-0.280725
-0.601688
-0.176342
-0.324244
-0.30643
-0.333932
-0.466911
-0.121259
-0.0408626
-0.112353
-0.0546136
-0.178842
-0.881788
-0.638644
-0.417533
-0.109774
-0.479647
-0.961247
-0.358075
-0.850691
-0.704196
-0.0356278
-0.944996
-0.734042
-0.691304
-0.160794
-0.85702
-0.115478
-0.751543
-0.594109
-0.486288
-0.442222
-0.615517
-0.260255
-0.0367997
-0.206344
-0.0147668
-0.292992
-0.337136
-0.181264
-0.421908
-0.0854754
-0.0610204
-0.607547
-0.483085
-0.727869
-0.314868
-0.215642
-0.0881319
-0.65341
-0.710524
-0.44691
-0.660911
-0.383155
-0.44355
-0.911712
-0.311743
-0.518712
-0.672865
-0.0489101
-0.906946
-0.248926
-0.510431
-0.826002
-0.198453
-0.25502
-0.869443
-0.885772
-0.527229
-0.571998
-0.555512
-0.879209
-0.0636768
-0.199937
-0.586061
-0.691695
-0.24791
-0.283928
-0.31604
-0.47699
-0.368857
-0.255098
-0.886866
-0.771154
-0.967341
-0.717087
-0.910462
-0.0329713
-0.352606
-0.631065
-0.727479
-0.227752
-0.788733
-0.887569
-0.927963
-0.935776
-0.6781
-0.216267
-0.227518
-0.736464
-0.231424
-0.607626
-0.500508
-0.613251
-0.754981
-0.360731
-0.443081
-0.807172
-0.999453
-0.878037
-0.802328
-0.919212
-0.984374
-0.515353
-0.923666
-0.977498
-0.982108
-0.0100789
-0.247597
-0.214235
-0.774514
-0.71654
-0.788499
-0.8353
-0.271818
-0.615439
-0.242831
-0.151418
-0.766232
-0.869677
-0.938042
-0.183374
-0.892335
-0.990781
-0.944058
-0.524963
-0.066724
-0.879444
-0.115947
-0.856083
-0.906399
-0.126963
-0.312759
-0.745214
-0.182827
-0.770373
-0.793109
-0.863271
-0.509337
-0.582077
-0.80311
-0.0934448
-0.83819
-0.916478
-0.374561
-0.526994
-0.519728
-0.899367
-0.558872
-0.628408
-0.135089
-0.124775
-0.824908
-0.954528
-0.859677
-0.707868
-0.85452
-0.557934
-0.41933
-0.510509
-0.843425
-0.0838347
-0.695132
-0.0145324
-0.240722
-0.680991
-0.860927
-0.98664
-0.0206266
-0.599734
-0.740761
-0.189702
-0.303617
-0.706696
-0.593171
-0.277209
-0.817642
-0.334167
-0.519181
-0.777404
-0.3612
-0.547621
-0.119462
-0.640128
-0.748574
-0.932026
-0.841785
-0.717947
-0.102117
-0.77217
-0.193843
-0.227049
-0.631924
-0.919134
-0.966951
-0.629971
-0.483553
-0.832409
-0.627158
-0.856317
-0.958669
-0.783108
-0.633096
-0.180483
-0.247676
-0.231659
-0.659895
-0.156653
-0.933589
-0.190249
-0.42558
-0.904368
-0.673959
-0.292835
-0.302289
-0.410501
-0.541683
-0.795297
-0.351121
-0.300023
-0.905227
-0.865615
-0.0320338
-0.143527
-0.00648488
-0.446129
-0.486679
-0.529338
-0.0424252
-0.460817
-0.762247
-0.981092
-0.783577
-0.737636
-0.492773
-0.888351
-0.102195
-0.789593
-0.0792249
-0.667161
-0.777014
-0.274084
-0.120713
-0.9189
-0.914681
-0.973826
-0.163216
-0.39714
-0.56231
-0.395031
-0.0918822
-0.489726
-0.208844
-0.57231
-0.625205
-0.420736
-0.824127
-0.780295
-0.00585983
-0.306743
-0.403625
-0.00843816
-0.88171
-0.62122
-0.532151
-0.669662
-0.334557
-0.606297
-0.204313
-0.561763
-0.273068
-0.89421
-0.408938
-0.193218
-0.0876631
-0.548871
-0.398234
-0.806235
-0.790374
-0.253457
-0.520978
-0.178139
-0.724979
-0.670209
-0.45652
-0.803969
-0.2851
-0.577389
-0.757715
-0.970545
-0.43144
-0.21111
-0.0775842
-0.301274
-0.183999
-0.0317212
-0.0738339
-0.464958
-0.685679
-0.906321
-0.10954
-0.427377
-0.305102
-0.0377373
-0.415423
-0.639347
-0.574342
-0.0782092
-0.440659
-0.267052
-0.552621
-0.23455
-0.304555
-0.915775
-0.217751
-0.558559
-0.558716
-0.593562
-0.364325
-0.24455
-0.534729
-0.244628
-0.552153
-0.13001
-0.992265
-0.2751
-0.347215
-0.428862
-0.636143
-0.859989
-0.777561
-0.396047
-0.318384
-0.999687
-0.930307
-0.458473
-0.23955
-0.419642
-0.580202
-0.384952
-0.844285
-0.27549
-0.434331
-0.85577
-0.836706
-0.585436
-0.552309
-0.164857
-0.763028
-0.155325
-0.637394
-0.138761
-0.943667
-0.437847
-0.639816
-0.678881
-0.390499
-0.0813345
-0.137589
-0.682319
-0.157122
-0.038128
-0.502539
-0.0662552
-0.774904
-0.803657
-0.215407
-0.0358622
-0.997265
-0.390187
-0.0116415
-0.596062
-0.921869
-0.576764
-0.61833
-0.887491
-0.91054
-0.0503946
-0.237987
-0.0711774
-0.872568
-0.582702
-0.942496
-0.176498
-0.359091
-0.0771935
-0.214157
-0.75709
-0.831159
-0.348387
-0.69021
-0.916869
-0.461677
-0.953903
-0.720291
-0.624814
-0.33362
-0.397219
-0.579733
-0.280413
-0.531995
-0.634815
-0.563794
-0.726072
-0.914134
-0.851863
-0.965544
-0.316353
-0.546683
-0.910384
-0.0155481
-0.467224
-0.190952
-0.582389
-0.872803
-0.634971
-0.598641
-0.496836
-0.794359
-0.142042
-0.675443
-0.623877
-0.124541
-0.772638
-0.298383
-0.539339
-0.272599
-0.789671
-0.0966482
-0.552543
-0.217126
-0.419173
-0.475662
-0.0726619
-0.20361
-0.404954
-0.304633
-0.933198
-0.103133
-0.998672
-0.703805
-0.948512
-0.518087
-0.533479
-0.965857
-0.386046
-0.08821
-0.670834
-0.595906
-0.887022
-0.806
-0.738105
-0.597312
-0.200641
-0.742871
-0.66013
-0.208923
-0.589734
-0.510587
-0.860849
-0.969216
-0.135245
-0.159622
-0.595672
-0.834753
-0.149855
-0.417767
-0.162044
-0.135792
-0.281584
-0.793343
-0.91554
-0.165482
-0.902414
-0.238378
-0.158294
-0.299477
-0.783264
-0.667943
-0.951246
-0.127901
-0.521838
-0.369795
-0.464177
-0.511446
-0.0525041
-0.708415
-0.976483
-0.755606
-0.500117
-0.526135
-0.328073
-0.160169
-0.717634
-0.0324244
-0.230643
-0.433393
-0.646691
-0.212126
-0.304086
-0.811235
-0.905461
-0.917884
-0.688179
-0.463864
-0.441753
-0.510977
-0.947965
-0.396125
-0.335807
-0.885069
-0.37042
-0.603563
-0.5945
-0.573404
-0.86913
-0.816079
-0.985702
-0.811548
-0.975154
-0.459411
-0.448629
-0.0442222
-0.861552
-0.126025
-0.10368
-0.120634
-0.901477
-0.0292992
-0.533714
-0.0181264
-0.0421908
-0.408548
-0.106102
-0.660755
-0.348308
-0.672787
-0.0314868
-0.0215642
-0.808813
-0.365341
-0.471052
-0.044691
-0.966091
-0.438315
-0.744355
-0.991171
-0.0311743
-0.951871
-0.267287
-0.604891
-0.890695
-0.624893
-0.351043
-0.2826
-0.0198453
-0.425502
-0.886944
-0.788577
-0.852723
-0.1572
-0.0555512
-0.387921
-0.506368
-0.919994
-0.158606
-0.369169
-0.324791
-0.428393
-0.531604
-0.547699
-0.136886
-0.52551
-0.188687
-0.0771154
-0.196734
-0.871709
-0.391046
-0.203297
-0.335261
-0.763106
-0.172748
-0.522775
-0.578873
-0.0887569
-0.792796
-0.793578
-0.96781
-0.821627
-0.222752
-0.673646
-0.223142
-0.760763
-0.650051
-0.961325
-0.375498
-0.736073
-0.144308
-0.180717
-0.299945
-0.887804
-0.980233
-0.591921
-0.998437
-0.651535
-0.292367
-0.19775
-0.0982108
-0.901008
-0.92476
-0.221424
-0.377451
-0.171654
-0.27885
-0.18353
-0.927182
-0.761544
-0.824283
-0.815142
-0.776623
-0.186968
-0.693804
-0.718337
-0.189234
-0.199078
-0.394406
-0.952496
-0.406672
-0.687944
-0.411595
-0.785608
-0.19064
-0.512696
-0.331276
-0.874521
-0.0182827
-0.0770373
-0.179311
-0.986327
-0.950934
-0.0582077
-0.980311
-0.609344
-0.883819
-0.0916478
-0.437456
-0.552699
-0.251973
-0.189937
-0.355887
-0.362841
-0.913509
-0.712478
-0.882491
-0.795453
-0.385968
-0.0707868
-0.785452
-0.155793
-0.741933
-0.451051
-0.584343
-0.308383
-0.769513
-0.601453
-0.124072
-0.668099
-0.986093
-0.898664
-0.402063
-0.659973
-0.174076
-0.81897
-0.630362
-0.57067
-0.259317
-0.827721
-0.581764
-0.733417
-0.551918
-0.0777404
-0.33612
-0.954762
-0.911946
-0.364013
-0.174857
-0.993203
-0.484178
-0.971795
-0.710212
-0.377217
-0.119384
-0.622705
-0.863192
-0.491913
-0.696695
-0.362997
-0.948355
-0.483241
-0.762716
-0.0856317
-0.0958669
-0.378311
-0.36331
-0.0180483
-0.0247676
-0.523166
-0.66599
-0.515665
-0.993359
-0.519025
-0.742558
-0.590437
-0.667396
-0.829284
-0.930229
-0.44105
-0.354168
-0.97953
-0.435112
-0.0300023
-0.690523
-0.986561
-0.00320338
-0.714353
-0.300648
-0.0446129
-0.948668
-0.552934
-0.304243
-0.846082
-0.676225
-0.798109
-0.978358
-0.173764
-0.749277
-0.0888351
-0.81022
-0.678959
-0.407922
-0.966716
-0.577701
-0.827408
-0.512071
-0.19189
-0.791468
-0.497383
-0.916322
-0.339714
-0.756231
-0.639503
-0.609188
-0.848973
-0.320884
-0.557231
-0.262521
-0.542074
-0.882413
-0.77803
-0.500586
-0.630674
-0.640363
-0.800844
-0.588171
-0.162122
-0.153215
-0.166966
-0.233456
-0.0606297
-0.520431
-0.0561763
-0.527307
-0.589421
-0.440894
-0.319322
-0.208766
-0.554887
-0.739823
-0.980623
-0.679037
-0.425346
-0.852098
-0.0178139
-0.972498
-0.867021
-0.345652
-0.0803969
-0.92851
-0.0577389
-0.875772
-0.297054
-0.243144
-0.221111
-0.307758
-0.630127
-0.5184
-0.603172
-0.507383
-0.146496
-0.668568
-0.0906321
-0.210954
-0.0427377
-0.53051
-0.303774
-0.741542
-0.363935
-0.157434
-0.107821
-0.0440659
-0.826705
-0.355262
-0.223455
-0.830456
-0.191577
-0.721775
-0.955856
-0.155872
-0.759356
-0.336433
-0.024455
-0.453473
-0.124463
-0.755215
-0.413001
-0.0992265
-0.12751
-0.434721
-0.942886
-0.263614
-0.785999
-0.277756
-0.939605
-0.531838
-0.599969
-0.793031
-0.845847
-0.623955
-0.141964
-0.65802
-0.738495
-0.684428
-0.627549
-0.943433
-0.385577
-0.983671
-0.358544
-0.955231
-0.0164857
-0.676303
-0.815532
-0.863739
-0.613876
-0.894367
-0.443785
-0.963982
-0.967888
-0.83905
-0.108133
-0.113759
-0.368232
-0.115712
-0.803813
-0.250254
-0.806626
-0.87749
-0.680366
-0.721541
-0.903586
-0.499727
-0.439019
-0.901164
-0.959606
-0.992187
-0.257676
-0.461833
-0.988749
-0.491054
-0.505039
-0.623799
-0.107118
-0.887257
-0.85827
-0.39425
-0.91765
-0.635909
-0.807719
-0.121416
-0.075709
-0.883116
-0.934839
-0.469021
-0.591687
-0.946168
-0.99539
-0.972029
-0.762481
-0.033362
-0.439722
-0.0579733
-0.928041
-0.953199
-0.563482
-0.656379
-0.372607
-0.0914134
-0.385186
-0.896554
-0.931635
-0.754668
-0.291038
-0.901555
-0.0467224
-0.419095
-0.458239
-0.18728
-0.763497
-0.259864
-0.949684
-0.779436
-0.814204
-0.567544
-0.562388
-0.412454
-0.977264
-0.929838
-0.353934
-0.92726
-0.778967
-0.709665
-0.255254
-0.921713
-0.541917
-0.847566
-0.00726619
-0.620361
-0.340495
-0.930463
-0.49332
-0.0103133
-0.299867
-0.87038
-0.0948512
-0.151809
-0.853348
-0.296586
-0.138605
-0.908821
-0.667083
-0.759591
-0.388702
-0.6806
-0.77381
-0.559731
-0.820064
-0.874287
-0.966013
-0.420892
-0.858973
-0.551059
-0.886085
-0.596922
-0.113524
-0.315962
-0.459567
-0.483475
-0.814986
-0.741777
-0.416204
-0.813579
-0.428158
-0.479334
-0.891554
-0.816548
-0.0902414
-0.123838
-0.615829
-0.329948
-0.578326
-0.966794
-0.595125
-0.71279
-0.952184
-0.336979
-0.146418
-0.651145
-0.20525
-0.770841
-0.897648
-0.175561
-0.150012
-0.452613
-0.932807
-0.0160169
-0.571763
-0.503242
-0.223064
-0.743339
-0.764669
-0.521213
-0.230409
-0.381124
-0.990546
-0.891788
-0.868818
-0.746386
-0.444175
-0.0510977
-0.394796
-0.0396125
-0.833581
-0.888507
-0.137042
-0.560356
-0.95945
-0.95734
-0.486913
-0.581608
-0.69857
-0.781155
-0.197515
-0.0459411
-0.244863
-0.604422
-0.786155
-0.312603
-0.710368
-0.412063
-0.890148
-0.50293
-0.153371
-0.201813
-0.00421908
-0.940855
-0.81061
-0.766075
-0.834831
-0.167279
-0.303149
-0.602156
-0.280881
-0.636534
-0.947105
-0.204469
-0.596609
-0.0438315
-0.774436
-0.699117
-0.903117
-0.395187
-0.126729
-0.260489
-0.0890695
-0.862489
-0.335104
-0.72826
-0.401985
-0.64255
-0.288694
-0.378858
-0.485272
-0.21572
-0.105555
-0.538792
-0.150637
-0.591999
-0.0158606
-0.536917
-0.732479
-0.342839
-0.45316
-0.0547699
-0.213689
-0.652551
-0.518869
-0.707712
-0.819673
-0.787171
-0.539105
-0.22033
-0.133526
-0.776311
-0.117275
-0.152278
-0.957887
-0.608876
-0.77928
-0.779358
-0.796781
-0.682163
-0.122275
-0.267365
-0.622314
-0.776076
-0.0650051
-0.496133
-0.63755
-0.173607
-0.714431
-0.318072
-0.929995
-0.38878
-0.698023
-0.659192
-0.999844
-0.965154
-0.229237
-0.119775
-0.709821
-0.290101
-0.692476
-0.422142
-0.137745
-0.717165
-0.927885
-0.918353
-0.792718
-0.776154
-0.0824283
-0.381514
-0.0776623
-0.318697
-0.0693804
-0.471834
-0.218923
-0.819908
-0.839441
-0.19525
-0.540667
-0.568794
-0.841159
-0.578561
-0.019064
-0.25127
-0.0331276
-0.387452
-0.401828
-0.607704
-0.517931
-0.498633
-0.195093
-0.505821
-0.798031
-0.960934
-0.288382
-0.309165
-0.943746
-0.45527
-0.525197
-0.118994
-0.535589
-0.436284
-0.291351
-0.971248
-0.588249
-0.179545
-0.0385968
-0.607079
-0.378545
-0.415579
-0.674193
-0.345105
-0.958434
-0.730838
-0.976951
-0.860145
-0.812407
-0.16681
-0.198609
-0.289866
-0.640206
-0.765997
-0.817408
-0.281897
-0.863036
-0.457067
-0.925932
-0.482772
-0.658176
-0.773342
-0.455192
-0.507774
-0.233612
-0.0954762
-0.291195
-0.936401
-0.817486
-0.29932
-0.748418
-0.897179
-0.0710212
-0.837722
-0.811938
-0.0622705
-0.886319
-0.649191
-0.76967
-0.6363
-0.894836
-0.548324
-0.276272
-0.608563
-0.709587
-0.237831
-0.036331
-0.101805
-0.702477
-0.652317
-0.466599
-0.0515665
-0.499336
-0.351902
-0.474256
-0.759044
-0.26674
-0.482928
-0.693023
-0.544105
-0.335417
-0.797953
-0.943511
-0.403
-0.869052
-0.798656
-0.10032
-0.371435
-0.830065
-0.104461
-0.294867
-0.755293
-0.430424
-0.984608
-0.567622
-0.579811
-0.297836
-0.417376
-0.0749277
-0.708884
-0.081022
-0.0678959
-0.140792
-0.396672
-0.45777
-0.0827408
-0.451207
-0.619189
-0.0791468
-0.649738
-0.891632
-0.833971
-0.975623
-0.56395
-0.760919
-0.684897
-0.732088
-0.255723
-0.0262521
-0.854207
-0.488241
-0.877803
-0.750059
-0.263067
-0.664036
-0.0800844
-0.858817
-0.516212
-0.115322
-0.716697
-0.823346
-0.606063
-0.152043
-0.905618
-0.952731
-0.458942
-0.344089
-0.731932
-0.220877
-0.255489
-0.973982
-0.198062
-0.167904
-0.442535
-0.68521
-0.801781
-0.79725
-0.786702
-0.434565
-0.90804
-0.492851
-0.905774
-0.987577
-0.229705
-0.224314
-0.0221111
-0.930776
-0.563013
-0.55184
-0.0603172
-0.450738
-0.51465
-0.766857
-0.00906321
-0.0210954
-0.704274
-0.053051
-0.830377
-0.174154
-0.836393
-0.515743
-0.0107821
-0.404407
-0.182671
-0.735526
-0.0223455
-0.983046
-0.219158
-0.872178
-0.495586
-0.515587
-0.975936
-0.633643
-0.302446
-0.445347
-0.312446
-0.675522
-0.6413
-0.00992265
-0.212751
-0.443472
-0.894289
-0.426361
-0.0785999
-0.527776
-0.69396
-0.753184
-0.959997
-0.0793031
-0.684585
-0.662395
-0.714196
-0.265802
-0.27385
-0.0684428
-0.262755
-0.594343
-0.538558
-0.0983671
-0.935854
-0.695523
-0.101649
-0.66763
-0.881553
-0.586374
-0.761388
-0.789437
-0.0443785
-0.896398
-0.896789
-0.983905
-0.410813
-0.611376
-0.336823
-0.111571
-0.880381
-0.325025
-0.480663
-0.187749
-0.868037
-0.572154
-0.590359
-0.649973
-0.943902
-0.490116
-0.295961
-0.999219
-0.825768
-0.146183
-0.598875
-0.549105
-0.450504
-0.46238
-0.110712
-0.688726
-0.585827
-0.639425
-0.591765
-0.963591
-0.880772
-0.412142
-0.907571
-0.388312
-0.593484
-0.346902
-0.359169
-0.0946168
-0.099539
-0.197203
-0.976248
-0.703336
-0.843972
-0.205797
-0.892804
-0.0953199
-0.256348
-0.165638
-0.937261
-0.00914134
-0.0385186
-0.589655
-0.493164
-0.975467
-0.529104
-0.990155
-0.804672
-0.44191
-0.545824
-0.718728
-0.27635
-0.625986
-0.594968
-0.677944
-0.18142
-0.456754
-0.856239
-0.941245
-0.897726
-0.192984
-0.0353934
-0.892726
-0.0778967
-0.370966
-0.725525
-0.792171
-0.654192
-0.884757
-0.300727
-0.0620361
-0.83405
-0.993046
-0.449332
-0.201031
-0.829987
-0.087038
-0.409485
-0.315181
-0.285335
-0.629659
-0.41386
-0.290882
-0.866708
-0.275959
-0.53887
-0.16806
-0.477381
-0.455973
-0.682006
-0.0874287
-0.496601
-0.742089
-0.485897
-0.355106
-0.188608
-0.0596922
-0.311352
-0.431596
-0.245957
-0.848348
-0.181499
-0.474178
-0.74162
-0.381358
-0.0428158
-0.547933
-0.189155
-0.181655
-0.509024
-0.512384
-0.261583
-0.332995
-0.257833
-0.496679
-0.759512
-0.371279
-0.795218
-0.333698
-0.414642
-0.465114
-0.720525
-0.677084
-0.989765
-0.717556
-0.0150012
-0.345261
-0.993281
-0.501602
-0.857176
-0.150324
-0.522306
-0.474334
-0.776467
-0.152121
-0.923041
-0.838112
-0.899055
-0.489179
-0.0868818
-0.374639
-0.544418
-0.40511
-0.33948
-0.703961
-0.983358
-0.288851
-0.413704
-0.256036
-0.095945
-0.395734
-0.248691
-0.458161
-0.169857
-0.878115
-0.819752
-0.804594
-0.424486
-0.660442
-0.278616
-0.13126
-0.271037
-0.441206
-0.389015
-0.750293
-0.315337
-0.320181
-0.400422
-0.294085
-0.581061
-0.576608
-0.583483
-0.116728
-0.0303149
-0.760216
-0.528088
-0.763653
-0.294711
-0.720447
-0.659661
-0.104383
-0.277444
-0.869912
-0.990312
-0.839519
-0.212673
-0.426049
-0.00890695
-0.986249
-0.93351
-0.172826
-0.540198
-0.464255
-0.528869
-0.937886
-0.148527
-0.121572
-0.110556
-0.653879
-0.815064
-0.7592
-0.301586
-0.253692
-0.573248
-0.834284
-0.045316
-0.105477
-0.521369
-0.265255
-0.151887
-0.870771
-0.181967
-0.578717
-0.0539105
-0.022033
-0.913353
-0.677631
-0.111727
-0.915228
-0.0957887
-0.360888
-0.477928
-0.577936
-0.879678
-0.168216
-0.512228
-0.226736
-0.562231
-0.377608
-0.206501
-0.0496133
-0.063755
-0.217361
-0.471443
-0.131807
-0.392999
-0.638878
-0.469802
-0.765919
-0.799984
-0.396515
-0.422924
-0.311977
-0.570982
-0.32901
-0.369248
-0.342214
-0.313775
-0.971717
-0.692788
-0.491835
-0.679272
-0.477615
-0.508243
-0.338151
-0.407766
-0.93187
-0.806938
-0.947183
-0.221892
-0.481991
-0.483944
-0.919525
-0.0540667
-0.0568794
-0.684116
-0.557856
-0.401906
-0.625127
-0.403313
-0.938745
-0.340183
-0.86077
-0.951793
-0.249863
-0.719509
-0.450582
-0.479803
-0.996093
-0.128838
-0.730916
-0.994375
-0.745527
-0.25252
-0.311899
-0.553559
-0.443628
-0.929135
-0.197125
-0.958825
-0.817955
-0.40386
-0.0607079
-0.537855
-0.941558
-0.967419
-0.734511
-0.795843
-0.473084
-0.497695
-0.986015
-0.881241
-0.516681
-0.219861
-0.0289866
-0.464021
-0.4766
-0.281741
-0.82819
-0.686304
-0.0457067
-0.192593
-0.948277
-0.465818
-0.877334
-0.645519
-0.950777
-0.0233612
-0.209548
-0.729119
-0.59364
-0.381749
-0.129932
-0.974842
-0.389718
-0.907102
-0.283772
-0.281194
-0.706227
-0.488632
-0.964919
-0.176967
-0.46363
-0.389484
-0.854832
-0.627627
-0.960856
-0.270959
-0.423783
-0.503633
-0.31018
-0.170248
-0.965232
-0.24666
-0.00515665
-0.149934
-0.43519
-0.0474256
-0.575904
-0.426674
-0.148293
-0.0693023
-0.454411
-0.333542
-0.379795
-0.694351
-0.8403
-0.386905
-0.279866
-0.410032
-0.437144
-0.483006
-0.710446
-0.429487
-0.775529
-0.943042
-0.298461
-0.556762
-0.157981
-0.229784
-0.241738
-0.907493
-0.370888
-0.708102
-0.90679
-0.214079
-0.739667
-0.945777
-0.908274
-0.545121
-0.561919
-0.307915
-0.664974
-0.289163
-0.483397
-0.797562
-0.856395
-0.976092
-0.66849
-0.0732088
-0.325572
-0.602625
-0.385421
-0.948824
-0.58778
-0.0750059
-0.726307
-0.966404
-0.508008
-0.285882
-0.751621
-0.611532
-0.37167
-0.882335
-0.760606
-0.615204
-0.190562
-0.495273
-0.445894
-0.434409
-0.873193
-0.722088
-0.0255489
-0.697398
-0.519806
-0.91679
-0.444253
-0.068521
-0.280178
-0.479725
-0.97867
-0.243457
-0.290804
-0.849285
-0.390577
-0.0987577
-0.0229705
-0.122431
-0.302211
-0.393078
-0.656301
-0.355184
-0.206032
-0.945074
-0.751465
-0.576686
-0.600906
-0.00210954
-0.470427
-0.905305
-0.883038
-0.917415
-0.583639
-0.151574
-0.801078
-0.640441
-0.818267
-0.473553
-0.602235
-0.298305
-0.521916
-0.387218
-0.349559
-0.951559
-0.197594
-0.0633643
-0.130245
-0.0445347
-0.931245
-0.667552
-0.86413
-0.700992
-0.321275
-0.644347
-0.689429
-0.742636
-0.60786
-0.552778
-0.269396
-0.0753184
-0.796
-0.50793
-0.268458
-0.86624
-0.17142
-0.22658
-0.527385
-0.606844
-0.326275
-0.759434
-0.353856
-0.909837
-0.893585
-0.269552
-0.110165
-0.566763
-0.388155
-0.558637
-0.576139
-0.478944
-0.804438
-0.38964
-0.889679
-0.39839
-0.841081
-0.561138
-0.133682
-0.811157
-0.888038
-0.0325025
-0.248066
-0.318775
-0.0868037
-0.357215
-0.659036
-0.964997
-0.19439
-0.349012
-0.829596
-0.999922
-0.982577
-0.114618
-0.559887
-0.854911
-0.64505
-0.846238
-0.711071
-0.568873
-0.858583
-0.463942
-0.459176
-0.396359
-0.388077
-0.541214
-0.690757
-0.0388312
-0.659348
-0.0346902
-0.735917
-0.109462
-0.409954
-0.41972
-0.597625
-0.270334
-0.284397
-0.42058
-0.78928
-0.00953199
-0.125635
-0.0165638
-0.693726
-0.700914
-0.303852
-0.758966
-0.249316
-0.597547
-0.25291
-0.399016
-0.980467
-0.644191
-0.654582
-0.971873
-0.727635
-0.262599
-0.559497
-0.767794
-0.218142
-0.645675
-0.985624
-0.794125
-0.0897726
-0.0192984
-0.303539
-0.689273
-0.70779
-0.837097
-0.672553
-0.979217
-0.365419
-0.488476
-0.930073
-0.406204
-0.583405
-0.0993046
-0.144933
-0.320103
-0.382999
-0.408704
-0.140949
-0.431518
-0.228533
-0.962966
-0.741386
-0.329088
-0.386671
-0.227596
-0.753887
-0.116806
-0.0477381
-0.645597
-0.968201
-0.908743
-0.64966
-0.874209
-0.94859
-0.535511
-0.418861
-0.405969
-0.531135
-0.44316
-0.824596
-0.884835
-0.31815
-0.947418
-0.274162
-0.138136
-0.804282
-0.354793
-0.118916
-0.518165
-0.550902
-0.851238
-0.826158
-0.233299
-0.0257833
-0.749668
-0.175951
-0.237128
-0.879522
-0.13337
-0.741464
-0.346511
-0.272053
-0.667708
-0.898976
-0.471756
-0.2015
-0.934526
-0.399328
-0.0501602
-0.185718
-0.415032
-0.552231
-0.147433
-0.877647
-0.715212
-0.492304
-0.783811
-0.789905
-0.148918
-0.208688
-0.537464
-0.854442
-0.540511
-0.533948
-0.0703961
-0.698336
-0.728885
-0.54137
-0.725604
-0.809594
-0.539573
-0.324869
-0.445816
-0.416986
-0.987812
-0.281975
-0.880459
-0.342449
-0.366044
-0.627862
-0.013126
-0.927104
-0.744121
-0.938901
-0.375029
-0.631534
-0.832018
-0.540042
-0.429409
-0.758106
-0.0576608
-0.858348
-0.411673
-0.803031
-0.0760216
-0.952809
-0.476365
-0.229471
-0.172045
-0.365966
-0.610438
-0.127744
-0.486991
-0.599031
-0.583952
-0.221267
-0.342605
-0.400891
-0.398625
-0.893351
-0.217283
-0.45402
-0.246426
-0.952887
-0.493789
-0.114853
-0.612157
-0.511056
-0.965388
-0.281506
-0.77592
-0.0301586
-0.725369
-0.757325
-0.883428
-0.0045316
-0.0105477
-0.352137
-0.526526
-0.415189
-0.587077
-0.918197
-0.757872
-0.00539105
-0.202203
-0.0913353
-0.367763
-0.0111727
-0.491523
-0.609579
-0.936089
-0.747793
-0.757794
-0.987968
-0.316822
-0.651223
-0.222674
-0.656223
-0.337761
-0.32065
-0.504961
-0.606375
-0.221736
-0.447144
-0.713181
-0.0392999
-0.763888
-0.34698
-0.376592
-0.979998
-0.539652
-0.342292
-0.331198
-0.857098
-0.132901
-0.636925
-0.0342214
-0.631377
-0.797172
-0.769279
-0.549184
-0.467927
-0.347762
-0.550824
-0.833815
-0.940777
-0.793187
-0.880694
-0.394718
-0.0221892
-0.948199
-0.448394
-0.991952
-0.205407
-0.805688
-0.668412
-0.0557856
-0.440191
-0.162513
-0.240331
-0.593875
-0.434018
-0.786077
-0.295179
-0.824986
-0.971951
-0.745058
-0.14798
-0.999609
-0.912884
-0.573092
-0.799437
-0.274553
-0.225252
-0.23119
-0.555356
-0.844363
-0.292914
-0.319712
-0.295882
-0.981795
-0.940386
-0.706071
-0.453785
-0.194156
-0.296742
-0.173451
-0.679584
-0.547308
-0.0497695
-0.0986015
-0.988124
-0.351668
-0.421986
-0.102899
-0.946402
-0.04766
-0.628174
-0.082819
-0.46863
-0.504571
-0.519259
-0.794828
-0.246582
-0.987733
-0.264552
-0.995078
-0.902336
-0.220955
-0.272912
-0.859364
-0.638175
-0.312993
-0.797484
-0.838972
-0.0907102
-0.228377
-0.928119
-0.970623
-0.448863
-0.0964919
-0.517697
-0.446363
-0.538948
-0.185483
-0.362763
-0.896086
-0.827096
-0.442378
-0.650363
-0.031018
-0.917025
-0.496523
-0.724666
-0.600516
-0.914993
-0.043519
-0.704743
-0.15759
-0.142667
-0.814829
-0.70693
-0.645441
-0.933354
-0.13798
-0.769435
-0.58403
-0.238691
-0.227987
-0.841003
-0.543714
-0.248301
-0.371045
-0.742949
-0.677553
-0.0943042
-0.0298461
-0.655676
-0.215798
-0.122978
-0.424174
-0.590749
-0.737089
-0.37081
-0.690679
-0.0214079
-0.773967
-0.594578
-0.590827
-0.754512
-0.256192
-0.130791
-0.166497
-0.128916
-0.74834
-0.879756
-0.18564
-0.397609
-0.666849
-0.707321
-0.732557
-0.360263
-0.338542
-0.494882
-0.358778
-0.00750059
-0.672631
-0.99664
-0.250801
-0.928588
-0.0751621
-0.761153
-0.737167
-0.388233
-0.576061
-0.46152
-0.919056
-0.949527
-0.744589
-0.0434409
-0.687319
-0.272209
-0.702555
-0.66974
-0.351981
-0.491679
-0.644425
-0.706852
-0.628018
-0.0479725
-0.697867
-0.624346
-0.22908
-0.0849285
-0.939058
-0.409876
-0.402297
-0.712243
-0.830221
-0.139308
-0.0656301
-0.635518
-0.720603
-0.694507
-0.875146
-0.157669
-0.160091
-0.700211
-0.147043
-0.790531
-0.288304
-0.291742
-0.0583639
-0.0151574
-0.380108
-0.764044
-0.381827
-0.147355
-0.860223
-0.82983
-0.0521916
-0.638722
-0.434956
-0.995156
-0.919759
-0.106336
-0.713024
-0.00445347
-0.993124
-0.466755
-0.086413
-0.270099
-0.232128
-0.764435
-0.468943
-0.574264
-0.060786
-0.555278
-0.82694
-0.407532
-0.8796
-0.150793
-0.626846
-0.786624
-0.417142
-0.022658
-0.0527385
-0.760684
-0.632628
-0.0759434
-0.935386
-0.590984
-0.789359
-0.0269552
-0.0110165
-0.456676
-0.838816
-0.0558637
-0.457614
-0.0478944
-0.680444
-0.738964
-0.788968
-0.939839
-0.584108
-0.256114
-0.113368
-0.281116
-0.688804
-0.60325
-0.524807
-0.0318775
-0.10868
-0.235722
-0.565904
-0.1965
-0.819439
-0.734901
-0.88296
-0.899992
-0.698258
-0.711462
-0.655989
-0.285491
-0.664505
-0.184624
-0.171107
-0.156887
-0.985858
-0.846394
-0.745918
-0.339636
-0.738808
-0.754121
-0.169076
-0.703883
-0.965935
-0.403469
-0.973592
-0.110946
-0.740995
-0.241972
-0.959762
-0.0270334
-0.0284397
-0.342058
-0.278928
-0.200953
-0.812563
-0.201656
-0.969373
-0.170091
-0.930385
-0.475897
-0.124932
-0.859755
-0.725291
-0.739902
-0.998047
-0.564419
-0.865458
-0.997187
-0.372763
-0.12626
-0.15595
-0.776779
-0.221814
-0.464568
-0.598562
-0.479412
-0.908977
-0.70193
-0.530354
-0.268927
-0.970779
-0.48371
-0.867255
-0.397922
-0.736542
-0.248848
-0.493007
-0.94062
-0.75834
-0.10993
-0.514493
-0.73201
-0.2383
-0.14087
-0.414095
-0.343152
-0.522853
-0.596297
-0.974139
-0.232909
-0.938667
-0.32276
-0.975389
-0.511681
-0.104774
-0.36456
-0.29682
-0.190874
-0.564966
-0.987421
-0.194859
-0.453551
-0.141886
-0.640597
-0.853114
-0.244316
-0.48246
-0.588483
-0.231815
-0.694742
-0.927416
-0.813814
-0.480428
-0.135479
-0.211892
-0.251817
-0.15509
-0.585124
-0.482616
-0.62333
-0.00257833
-0.574967
-0.217595
-0.523713
-0.787952
-0.713337
-0.0741464
-0.534651
-0.227205
-0.666771
-0.689898
-0.847176
-0.92015
-0.193453
-0.139933
-0.205016
-0.718572
-0.241503
-0.855223
-0.714743
-0.387765
-0.471521
-0.14923
-0.278381
-0.0789905
-0.614892
-0.120869
-0.953746
-0.685444
-0.854051
-0.453395
-0.10704
-0.869834
-0.972889
-0.954137
-0.77256
-0.280959
-0.653957
-0.832487
-0.644582
-0.741699
-0.398781
-0.928198
-0.988046
-0.334245
-0.536604
-0.662786
-0.801313
-0.69271
-0.474412
-0.79389
-0.0375029
-0.363153
-0.983202
-0.254004
-0.642941
-0.375811
-0.805766
-0.685835
-0.941167
-0.880303
-0.307602
-0.595281
-0.747637
-0.722947
-0.217204
-0.436597
-0.361044
-0.512774
-0.348699
-0.759903
-0.458395
-0.222127
-0.53426
-0.140089
-0.239862
-0.489335
-0.121728
-0.145402
-0.424643
-0.695289
-0.0493789
-0.0114853
-0.561216
-0.151106
-0.696539
-0.328151
-0.177592
-0.603016
-0.472537
-0.375732
-0.788343
-0.800453
-0.501055
-0.735214
-0.952653
-0.441519
-0.458708
-0.29182
-0.0757872
-0.900539
-0.82022
-0.909134
-0.736776
-0.301117
-0.149152
-0.260958
-0.193609
-0.174779
-0.975779
-0.598797
-0.531682
-0.565122
-0.0222674
-0.965622
-0.333776
-0.432065
-0.350496
-0.160638
-0.822174
-0.344714
-0.871318
-0.30393
-0.776389
-0.134698
-0.0376592
-0.398
-0.753965
-0.134229
-0.93312
-0.0857098
-0.11329
-0.263692
-0.803422
-0.163138
-0.379717
-0.676928
-0.954918
-0.946793
-0.134776
-0.0550824
-0.283382
-0.194078
-0.279319
-0.288069
-0.239472
-0.402219
-0.69482
-0.944839
-0.699195
-0.920541
-0.280569
-0.566841
-0.405579
-0.444019
-0.0162513
-0.624033
-0.159387
-0.543402
-0.178608
-0.829518
-0.982499
-0.0971951
-0.674506
-0.414798
-0.499961
-0.491288
-0.557309
-0.279944
-0.427455
-0.322525
-0.923119
-0.855536
-0.784436
-0.929291
-0.231971
-0.729588
-0.69818
-0.694039
-0.770607
-0.845379
-0.519416
-0.829674
-0.0173451
-0.867958
-0.554731
-0.704977
-0.20986
-0.798812
-0.135167
-0.142199
-0.71029
-0.39464
-0.004766
-0.0628174
-0.0082819
-0.846863
-0.850457
-0.651926
-0.379483
-0.624658
-0.298773
-0.626455
-0.699508
-0.990234
-0.822095
-0.327291
-0.985936
-0.863817
-0.631299
-0.779748
-0.883897
-0.109071
-0.322838
-0.992812
-0.397062
-0.544886
-0.509649
-0.65177
-0.344636
-0.853895
-0.418548
-0.336276
-0.989609
-0.68271
-0.244238
-0.465036
-0.703102
-0.791702
-0.549652
-0.572467
-0.660052
-0.191499
-0.704352
-0.0704743
-0.715759
-0.614267
-0.981483
-0.870693
-0.164544
-0.693335
-0.613798
-0.876944
-0.558403
-0.523869
-0.822799
-0.4841
-0.954371
-0.82483
-0.937104
-0.974295
-0.267755
-0.70943
-0.202985
-0.265568
-0.22158
-0.412298
-0.942417
-0.159075
-0.473709
-0.637081
-0.0690679
-0.402141
-0.677397
-0.0594578
-0.259083
-0.775451
-0.925619
-0.413079
-0.11665
-0.0128916
-0.874834
-0.0879756
-0.618564
-0.939761
-0.566685
-0.370732
-0.673256
-0.136026
-0.333854
-0.449488
-0.235878
-0.60075
-0.967263
-0.699664
-0.0250801
-0.592859
-0.207516
-0.276115
-0.573717
-0.938823
-0.357606
-0.746152
-0.391906
-0.394953
-0.0744589
-0.604344
-0.768732
-0.427221
-0.270255
-0.266974
-0.535198
-0.349168
-0.864443
-0.770685
-0.862802
-0.404797
-0.269787
-0.162435
-0.222908
-0.708493
-0.993906
-0.640988
-0.94023
-0.671224
-0.683022
-0.313931
-0.00656301
-0.463552
-0.37206
-0.969451
-0.187515
-0.815767
-0.916009
-0.270021
-0.214704
-0.879053
-0.0288304
-0.429174
-0.705836
-0.401516
-0.538011
-0.976404
-0.738183
-0.614736
-0.0860223
-0.182983
-0.805219
-0.563872
-0.743496
-0.799516
-0.291976
-0.110634
-0.671302
-0.700445
-0.199312
-0.446676
-0.608641
-0.72701
-0.123213
-0.476443
-0.246894
-0.0574264
-0.806079
-0.755528
-0.482694
-0.640753
-0.88796
-0.0150793
-0.362685
-0.878662
-0.941714
-0.0022658
-0.505274
-0.676068
-0.763263
-0.207594
-0.293539
-0.459098
-0.378936
-0.502696
-0.101102
-0.545668
-0.683882
-0.505586
-0.745761
-0.304789
-0.968044
-0.873896
-0.878897
-0.993984
-0.658411
-0.825611
-0.111337
-0.828112
-0.66888
-0.160325
-0.752481
-0.803188
-0.110868
-0.723572
-0.35659
-0.51965
-0.881944
-0.67349
-0.188296
-0.989999
-0.769826
-0.671146
-0.665599
-0.428549
-0.566451
-0.318462
-0.0171107
-0.815689
-0.898586
-0.384639
-0.774592
-0.733964
-0.673881
-0.275412
-0.416908
-0.970388
-0.396593
-0.440347
-0.197359
-0.0110946
-0.4741
-0.724197
-0.495976
-0.602703
-0.402844
-0.834206
-0.0278928
-0.220095
-0.0812563
-0.120166
-0.796937
-0.717009
-0.893039
-0.14759
-0.912493
-0.485975
-0.372529
-0.0739902
-0.499805
-0.456442
-0.786546
-0.399719
-0.137276
-0.612626
-0.615595
-0.277678
-0.922181
-0.646457
-0.159856
-0.647941
-0.490898
-0.470193
-0.853035
-0.226893
-0.597078
-0.148371
-0.0867255
-0.339792
-0.773654
-0.524885
-0.0493007
-0.994062
-0.675834
-0.710993
-0.551449
-0.973201
-0.02383
-0.314087
-0.0414095
-0.234315
-0.252285
-0.25963
-0.897414
-0.123291
-0.493867
-0.132276
-0.497539
-0.951168
-0.110477
-0.636456
-0.929682
-0.319087
-0.156497
-0.898742
-0.419486
-0.545355
-0.614189
-0.96406
-0.985311
-0.724432
-0.548246
-0.258848
-0.723181
-0.269474
-0.0927416
-0.681381
-0.948043
-0.413548
-0.221189
-0.325182
-0.515509
-0.958512
-0.748262
-0.862333
-0.300258
-0.957497
-0.52176
-0.352371
-0.578795
-0.0713337
-0.907415
-0.353465
-0.822721
-0.466677
-0.0689898
-0.384718
-0.792015
-0.619345
-0.113993
-0.420502
-0.771857
-0.12415
-0.685522
-0.871474
-0.338776
-0.547152
-0.014923
-0.327838
-0.107899
-0.0614892
-0.712087
-0.795375
-0.368544
-0.185405
-0.345339
-0.010704
-0.386983
-0.297289
-0.295414
-0.877256
-0.628096
-0.0653957
-0.583249
-0.0644582
-0.37417
-0.439878
-0.0928198
-0.698805
-0.833424
-0.85366
-0.366279
-0.680131
-0.669271
-0.247441
-0.179389
-0.00375029
-0.836315
-0.49832
-0.1254
-0.964294
-0.0375811
-0.380577
-0.868583
-0.694117
-0.78803
-0.73076
-0.959528
-0.974764
-0.372295
-0.0217204
-0.84366
-0.136104
-0.351277
-0.33487
-0.67599
-0.74584
-0.322213
-0.853426
-0.314009
-0.0239862
-0.348934
-0.812173
-0.11454
-0.542464
-0.969529
-0.204938
-0.701149
-0.356122
-0.415111
-0.569654
-0.0328151
-0.317759
-0.860302
-0.847254
-0.937573
-0.0788343
-0.580045
-0.350105
-0.0735214
-0.395265
-0.144152
-0.145871
-0.529182
-0.00757872
-0.690054
-0.882022
-0.690913
-0.0736776
-0.430112
-0.914915
-0.0260958
-0.819361
-0.717478
-0.997578
-0.45988
-0.553168
-0.356512
-0.502227
-0.996562
-0.233378
-0.0432065
-0.63505
-0.616064
-0.382217
-0.234471
-0.287132
-0.030393
-0.777639
-0.41347
-0.203766
-0.4398
-0.0753965
-0.813423
-0.393312
-0.708571
-0.011329
-0.526369
-0.380342
-0.816314
-0.0379717
-0.467693
-0.295492
-0.894679
-0.513478
-0.505508
-0.728338
-0.419408
-0.527932
-0.728807
-0.523947
-0.840222
-0.369482
-0.394484
-0.96992
-0.292054
-0.128057
-0.556684
-0.140558
-0.344402
-0.801625
-0.762403
-0.0159387
-0.55434
-0.617861
-0.782952
-0.59825
-0.40972
-0.367451
-0.94148
-0.949996
-0.849129
-0.355731
-0.327994
-0.142746
-0.832253
-0.592312
-0.0855536
-0.0784436
-0.492929
-0.923197
-0.872959
-0.669818
-0.369404
-0.377061
-0.0845379
-0.851942
-0.982967
-0.201735
-0.986796
-0.0554731
-0.370498
-0.620986
-0.479881
-0.0135167
-0.0142199
-0.171029
-0.139464
-0.100477
-0.406282
-0.600828
-0.984686
-0.585046
-0.465193
-0.737948
-0.562466
-0.429877
-0.862646
-0.369951
-0.499023
-0.28221
-0.932729
-0.998594
-0.686382
-0.0631299
-0.0779748
-0.38839
-0.610907
-0.232284
-0.799281
-0.239706
-0.454489
-0.350965
-0.265177
-0.134464
-0.985389
-0.741855
-0.433628
-0.698961
-0.868271
-0.624424
-0.246504
-0.97031
-0.37917
-0.554965
-0.757247
-0.866005
-0.11915
-0.570435
-0.207047
-0.171576
-0.261427
-0.298148
-0.487069
-0.616454
-0.469334
-0.66138
-0.487694
-0.75584
-0.552387
-0.18228
-0.64841
-0.595437
-0.782483
-0.49371
-0.0974295
-0.726776
-0.070943
-0.820298
-0.926557
-0.622158
-0.74123
-0.294242
-0.615907
-0.347371
-0.463708
-0.406907
-0.740214
-0.0677397
-0.105946
-0.625908
-0.577545
-0.792562
-0.741308
-0.311665
-0.501289
-0.787483
-0.608798
-0.761856
-0.893976
-0.356668
-0.537073
-0.767326
-0.113603
-0.333385
-0.344949
-0.923588
-0.960075
-0.0967263
-0.569966
-0.102508
-0.859286
-0.620752
-0.427612
-0.357372
-0.693882
-0.735761
-0.0746152
-0.639191
-0.539495
-0.307446
-0.560434
-0.976873
-0.842722
-0.927026
-0.726697
-0.0535198
-0.934917
-0.486444
-0.477069
-0.38628
-0.14048
-0.326979
-0.916243
-0.322291
-0.870849
-0.199391
-0.464099
-0.494023
-0.167122
-0.268302
-0.831393
-0.400656
-0.346355
-0.237206
-0.896945
-0.0187515
-0.181577
-0.491601
-0.627002
-0.82147
-0.187905
-0.902883
-0.342917
-0.470584
-0.940152
-0.653801
-0.79764
-0.873818
-0.861474
-0.108602
-0.218298
-0.680522
-0.756387
-0.67435
-0.379952
-0.729198
-0.611063
-0.26713
-0.570045
-0.119931
